0.0591891 0.02 0.02 2 5 3
0.0592525 0.0198731 0.0198731 2 5 3
0.0593158 0.0197457 0.0197457 2 5 3
0.0594418 0.0194902 0.0194902 2 5 3
0.0596885 0.0189696 0.0189696 2 5 3
0.0599913 0.0183096 0.0183096 2 5 3
0.0602865 0.0176373 0.0176373 2 5 3
0.0605736 0.0169527 0.0169527 2 5 3
0.0608522 0.0162557 0.0162557 2 5 3
0.0611218 0.0155464 0.0155464 2 5 3
0.0613819 0.0148247 0.0148247 2 5 3
0.0616322 0.0140907 0.0140907 2 5 3
0.061872 0.0133444 0.0133444 2 5 3
0.0621009 0.0125859 0.0125859 2 5 3
0.0623184 0.0118151 0.0118151 2 5 3
0.062524 0.0110323 0.0110323 2 5 3
0.0627171 0.0102374 0.0102374 2 5 3
0.0628973 0.0094305 0.0094305 2 5 3
0.0630641 0.0086118 0.0086118 2 5 3
0.0632167 0.00778139 0.00778139 2 5 3
0.0633548 0.00693941 0.00693941 2 5 3
0.0634777 0.006086 0.006086 2 5 3
0.0635849 0.00522135 0.00522135 2 5 3
0.0636759 0.00434563 0.00434563 2 5 3
0.06375 0.00345905 0.00345905 2 5 3
0.0638066 0.00256183 0.00256183 2 5 3
0.0638452 0.00165421 0.00165421 2 5 3
0.0638652 0.00073645 0.00073645 2 5 3
0.063866 -0.000191186 -0.000191186 2 5 3
0.0638469 -0.00112841 -0.00112841 2 5 3
0.0638074 -0.0020749 -0.0020749 2 5 3
0.0637468 -0.00303034 -0.00303034 2 5 3
0.0636645 -0.00399438 -0.00399438 2 5 3
0.06356 -0.00496665 -0.00496665 2 5 3
0.0634325 -0.00594678 -0.00594678 2 5 3
0.0632814 -0.00693436 -0.00693436 2 5 3
0.0631061 -0.00792898 -0.00792898 2 5 3
0.0629059 -0.00893019 -0.00893019 2 5 3
0.0626802 -0.00993754 -0.00993754 2 5 3
0.0624283 -0.0109506 -0.0109506 2 5 3
0.0621496 -0.0119687 -0.0119687 2 5 3
0.0618432 -0.0129916 -0.0129916 2 5 3
0.0615085 -0.0140186 -0.0140186 2 5 3
0.0611449 -0.0150492 -0.0150492 2 5 3
0.0607515 -0.0160829 -0.0160829 2 5 3
0.0603275 -0.0171191 -0.0171191 2 5 3
0.0598721 -0.0181571 -0.0181571 2 5 3
0.0593846 -0.0191966 -0.0191966 2 5 3
0.0588639 -0.0202367 -0.0202367 2 5 3
0.0583092 -0.021277 -0.021277 2 5 3
0.0577193 -0.0223168 -0.0223168 2 5 3
0.0570931 -0.0233556 -0.0233556 2 5 3
0.0564294 -0.0243927 -0.0243927 2 5 3
0.0557268 -0.0254276 -0.0254276 2 5 3
0.0549835 -0.0264598 -0.0264598 2 5 3
0.0541979 -0.0274886 -0.0274886 2 5 3
0.0533678 -0.0285137 -0.0285137 2 5 3
0.0524905 -0.0295346 -0.0295346 2 5 3
0.051563 -0.0305511 -0.0305511 2 5 3
0.0505814 -0.0315629 -0.0315629 2 5 3
0.049541 -0.03257 -0.03257 2 5 3
0.0484355 -0.0335728 -0.0335728 2 5 3
0.0472566 -0.034572 -0.034572 2 5 3
0.0459929 -0.0355689 -0.0355689 2 5 3
0.044628 -0.036566 -0.036566 2 5 3
0.0431362 -0.0375678 -0.0375678 2 5 3
0.0414758 -0.0385823 -0.0385823 2 5 3
0.0395669 -0.0396265 -0.0396265 2 5 3
0.0372188 -0.0407429 -0.0407429 2 5 3
0.0336361 -0.0421119 -0.0421119 2 5 3
0.0307148 -0.0429438 -0.0429438 2 5 3
0.028962 -0.0433234 -0.0433234 2 5 3
0.0277986 -0.0435265 -0.0435265 2 5 3
0.0268222 -0.0436668 -0.0436668 2 5 3
0.025953 -0.0437685 -0.0437685 2 5 3
0.0251535 -0.0438429 -0.0438429 2 5 3
0.0244021 -0.043896 -0.043896 2 5 3
0.0236853 -0.0439315 -0.0439315 2 5 3
0.0229935 -0.0439518 -0.0439518 2 5 3
0.022305 -0.0439582 -0.0439582 2 5 3
0.0216913 -0.0439524 -0.0439524 2 5 3
0.0211362 -0.043938 -0.043938 2 5 3
0.0206286 -0.0439173 -0.0439173 2 5 3
0.0201603 -0.0438917 -0.0438917 2 5 3
0.019725 -0.0438626 -0.0438626 2 5 3
0.0193177 -0.0438307 -0.0438307 2 5 3
0.0189346 -0.0437966 -0.0437966 2 5 3
0.0185725 -0.0437609 -0.0437609 2 5 3
0.0182286 -0.0437239 -0.0437239 2 5 3
0.0179007 -0.0436858 -0.0436858 2 5 3
0.0175869 -0.043647 -0.043647 2 5 3
0.0172855 -0.0436074 -0.0436074 2 5 3
0.0169949 -0.0435673 -0.0435673 2 5 3
0.0167137 -0.0435267 -0.0435267 2 5 3
0.0164407 -0.0434855 -0.0434855 2 5 3
0.0161748 -0.0434439 -0.0434439 2 5 3
0.0159146 -0.0434017 -0.0434017 2 5 3
0.015659 -0.0433588 -0.0433588 2 5 3
0.0154068 -0.0433151 -0.0433151 2 5 3
0.0151566 -0.0432703 -0.0432703 2 5 3
0.0149068 -0.0432241 -0.0432241 2 5 3
0.0146554 -0.0431761 -0.0431761 2 5 3
0.0143997 -0.0431254 -0.0431254 2 5 3
0.0141358 -0.0430709 -0.0430709 2 5 3
0.0138572 -0.0430106 -0.0430106 2 5 3
0.0135508 -0.0429399 -0.0429399 2 5 3
0.0131807 -0.0428466 -0.0428466 2 5 3
0.0129251 -0.0427752 -0.0427752 2 5 3
0.012694 -0.0427039 -0.0427039 2 5 3
0.0124848 -0.042632 -0.042632 2 5 3
0.0123693 -0.0425885 -0.0425885 2 5 3
0.0122928 -0.042558 -0.042558 2 5 3
0.012228 -0.0425308 -0.0425308 2 5 3
0.0121697 -0.0425052 -0.0425052 2 5 3
0.012098 -0.0424721 -0.0424721 2 5 3
0.0120121 -0.0424299 -0.0424299 2 5 3
0.0119351 -0.0423892 -0.0423892 2 5 3
0.0118418 -0.0423357 -0.0423357 2 5 3
0.0117319 -0.0422655 -0.0422655 2 5 3
0.0116389 -0.0421982 -0.0421982 2 5 3
0.0115631 -0.0421365 -0.0421365 2 5 3
0.0114994 -0.0420789 -0.0420789 2 5 3
0.0114449 -0.0420242 -0.0420242 2 5 3
0.0113977 -0.0419718 -0.0419718 2 5 3
0.0113565 -0.0419214 -0.0419214 2 5 3
0.0113202 -0.0418725 -0.0418725 2 5 3
0.0112881 -0.041825 -0.041825 2 5 3
0.0112596 -0.0417786 -0.0417786 2 5 3
0.0112343 -0.0417332 -0.0417332 2 5 3
0.0112118 -0.0416887 -0.0416887 2 5 3
0.0111918 -0.0416449 -0.0416449 2 5 3
0.011174 -0.0416018 -0.0416018 2 5 3
0.0111583 -0.0415593 -0.0415593 2 5 3
0.0111444 -0.0415174 -0.0415174 2 5 3
0.0111321 -0.041476 -0.041476 2 5 3
0.0111215 -0.0414351 -0.0414351 2 5 3
0.0111122 -0.0413946 -0.0413946 2 5 3
0.0111043 -0.0413545 -0.0413545 2 5 3
0.0110976 -0.0413147 -0.0413147 2 5 3
0.011092 -0.0412753 -0.0412753 2 5 3
0.0110876 -0.0412362 -0.0412362 2 5 3
0.0110841 -0.0411974 -0.0411974 2 5 3
0.0110816 -0.0411588 -0.0411588 2 5 3
0.01108 -0.0411206 -0.0411206 2 5 3
0.0110793 -0.0410825 -0.0410825 2 5 3
0.0110794 -0.0410447 -0.0410447 2 5 3
0.0110802 -0.0410071 -0.0410071 2 5 3
0.0110818 -0.0409697 -0.0409697 2 5 3
0.011084 -0.0409325 -0.0409325 2 5 3
0.011087 -0.0408955 -0.0408955 2 5 3
0.0110905 -0.0408587 -0.0408587 2 5 3
0.0110947 -0.040822 -0.040822 2 5 3
0.0110995 -0.0407855 -0.0407855 2 5 3
0.0111048 -0.0407491 -0.0407491 2 5 3
0.0111107 -0.0407128 -0.0407128 2 5 3
0.0111172 -0.0406767 -0.0406767 2 5 3
0.0111241 -0.0406407 -0.0406407 2 5 3
0.0111315 -0.0406048 -0.0406048 2 5 3
0.0111394 -0.0405691 -0.0405691 2 5 3
0.0111478 -0.0405334 -0.0405334 2 5 3
0.0111566 -0.0404979 -0.0404979 2 5 3
0.0111659 -0.0404624 -0.0404624 2 5 3
0.0111756 -0.040427 -0.040427 2 5 3
0.0111857 -0.0403918 -0.0403918 2 5 3
0.0111962 -0.0403566 -0.0403566 2 5 3
0.0112071 -0.0403214 -0.0403214 2 5 3
0.0112184 -0.0402864 -0.0402864 2 5 3
0.0112301 -0.0402514 -0.0402514 2 5 3
0.0112418 -0.0402164 -0.0402164 2 5 3
0.0112543 -0.0401816 -0.0401816 2 5 3
0.0112671 -0.0401468 -0.0401468 2 5 3
0.0112803 -0.040112 -0.040112 2 5 3
0.0112938 -0.0400773 -0.0400773 2 5 3
0.0113077 -0.0400427 -0.0400427 2 5 3
0.0113219 -0.0400081 -0.0400081 2 5 3
0.0113364 -0.0399735 -0.0399735 2 5 3
0.0113517 -0.039939 -0.039939 2 5 3
0.0113669 -0.0399045 -0.0399045 2 5 3
0.0113825 -0.0398701 -0.0398701 2 5 3
0.0113984 -0.0398356 -0.0398356 2 5 3
0.0114146 -0.0398012 -0.0398012 2 5 3
0.0114312 -0.0397668 -0.0397668 2 5 3
0.0114481 -0.0397324 -0.0397324 2 5 3
0.0114653 -0.0396981 -0.0396981 2 5 3
0.0114828 -0.0396637 -0.0396637 2 5 3
0.0115007 -0.0396294 -0.0396294 2 5 3
0.0115188 -0.039595 -0.039595 2 5 3
0.0115373 -0.0395607 -0.0395607 2 5 3
0.0115562 -0.0395264 -0.0395264 2 5 3
0.0115753 -0.039492 -0.039492 2 5 3
0.0115948 -0.0394577 -0.0394577 2 5 3
0.0116146 -0.0394233 -0.0394233 2 5 3
0.0116348 -0.039389 -0.039389 2 5 3
0.0116552 -0.0393546 -0.0393546 2 5 3
0.0116761 -0.0393202 -0.0393202 2 5 3
0.0116972 -0.0392858 -0.0392858 2 5 3
0.0117187 -0.0392514 -0.0392514 2 5 3
0.0117405 -0.0392169 -0.0392169 2 5 3
0.0117627 -0.0391824 -0.0391824 2 5 3
0.0117852 -0.0391479 -0.0391479 2 5 3
0.0118081 -0.0391134 -0.0391134 2 5 3
0.0118314 -0.0390788 -0.0390788 2 5 3
0.011855 -0.0390442 -0.0390442 2 5 3
0.011879 -0.0390096 -0.0390096 2 5 3
0.0119033 -0.0389749 -0.0389749 2 5 3
0.011928 -0.0389401 -0.0389401 2 5 3
0.0119531 -0.0389054 -0.0389054 2 5 3
0.0119786 -0.0388705 -0.0388705 2 5 3
0.0120045 -0.0388357 -0.0388357 2 5 3
0.0120308 -0.0388007 -0.0388007 2 5 3
0.0120576 -0.0387657 -0.0387657 2 5 3
0.0120847 -0.0387306 -0.0387306 2 5 3
0.0121122 -0.0386955 -0.0386955 2 5 3
0.0121402 -0.0386603 -0.0386603 2 5 3
0.0121687 -0.0386251 -0.0386251 2 5 3
0.0121976 -0.0385897 -0.0385897 2 5 3
0.0122269 -0.0385543 -0.0385543 2 5 3
0.0122568 -0.0385188 -0.0385188 2 5 3
0.0122871 -0.0384832 -0.0384832 2 5 3
0.0123179 -0.0384476 -0.0384476 2 5 3
0.0123492 -0.0384118 -0.0384118 2 5 3
0.0123811 -0.038376 -0.038376 2 5 3
0.0124135 -0.03834 -0.03834 2 5 3
0.0124464 -0.038304 -0.038304 2 5 3
0.0124799 -0.0382678 -0.0382678 2 5 3
0.0125139 -0.0382316 -0.0382316 2 5 3
0.0125486 -0.0381952 -0.0381952 2 5 3
0.0125839 -0.0381587 -0.0381587 2 5 3
0.0126198 -0.038122 -0.038122 2 5 3
0.0126563 -0.0380853 -0.0380853 2 5 3
0.0126935 -0.0380483 -0.0380483 2 5 3
0.0127314 -0.0380113 -0.0380113 2 5 3
0.0127701 -0.0379741 -0.0379741 2 5 3
0.0128094 -0.0379367 -0.0379367 2 5 3
0.0128495 -0.0378992 -0.0378992 2 5 3
0.0128904 -0.0378615 -0.0378615 2 5 3
0.0129321 -0.0378236 -0.0378236 2 5 3
0.0129746 -0.0377855 -0.0377855 2 5 3
0.013018 -0.0377472 -0.0377472 2 5 3
0.0130622 -0.0377087 -0.0377087 2 5 3
0.0131074 -0.03767 -0.03767 2 5 3
0.0131536 -0.0376311 -0.0376311 2 5 3
0.0132008 -0.0375919 -0.0375919 2 5 3
0.013249 -0.0375524 -0.0375524 2 5 3
0.0132983 -0.0375127 -0.0375127 2 5 3
0.0133486 -0.0374726 -0.0374726 2 5 3
0.0134002 -0.0374323 -0.0374323 2 5 3
0.013453 -0.0373916 -0.0373916 2 5 3
0.013507 -0.0373506 -0.0373506 2 5 3
0.0135624 -0.0373092 -0.0373092 2 5 3
0.0136191 -0.0372675 -0.0372675 2 5 3
0.0136772 -0.0372253 -0.0372253 2 5 3
0.0137369 -0.0371828 -0.0371828 2 5 3
0.0137981 -0.0371397 -0.0371397 2 5 3
0.0138609 -0.0370962 -0.0370962 2 5 3
0.0139255 -0.0370522 -0.0370522 2 5 3
0.0139918 -0.0370077 -0.0370077 2 5 3
0.0140601 -0.0369626 -0.0369626 2 5 3
0.0141303 -0.0369169 -0.0369169 2 5 3
0.0142026 -0.0368706 -0.0368706 2 5 3
0.0142771 -0.0368237 -0.0368237 2 5 3
0.0143539 -0.0367762 -0.0367762 2 5 3
0.0144332 -0.0367279 -0.0367279 2 5 3
0.0145151 -0.036679 -0.036679 2 5 3
0.0145998 -0.0366293 -0.0366293 2 5 3
0.0146874 -0.0365789 -0.0365789 2 5 3
0.0147783 -0.0365277 -0.0365277 2 5 3
0.0148726 -0.0364758 -0.0364758 2 5 3
0.0149707 -0.0364232 -0.0364232 2 5 3
0.0150729 -0.0363699 -0.0363699 2 5 3
0.0151795 -0.0363159 -0.0363159 2 5 3
0.0152912 -0.0362613 -0.0362613 2 5 3
0.0154086 -0.0362062 -0.0362062 2 5 3
0.0155322 -0.0361507 -0.0361507 2 5 3
0.0156632 -0.036095 -0.036095 2 5 3
0.0158026 -0.0360393 -0.0360393 2 5 3
0.0159518 -0.0359837 -0.0359837 2 5 3
0.0161128 -0.0359287 -0.0359287 2 5 3
0.0162877 -0.0358746 -0.0358746 2 5 3
0.0164796 -0.0358219 -0.0358219 2 5 3
0.0166923 -0.0357711 -0.0357711 2 5 3
0.0169306 -0.0357228 -0.0357228 2 5 3
0.0172011 -0.0356777 -0.0356777 2 5 3
0.0175121 -0.0356367 -0.0356367 2 5 3
0.0178745 -0.0356005 -0.0356005 2 5 3
0.0183028 -0.0355701 -0.0355701 2 5 3
0.0188162 -0.0355463 -0.0355463 2 5 3
0.0194401 -0.0355299 -0.0355299 2 5 3
0.0202087 -0.0355216 -0.0355216 2 5 3
0.021168 -0.0355213 -0.0355213 2 5 3
0.0223807 -0.0355288 -0.0355288 2 5 3
0.0239324 -0.0355426 -0.0355426 2 5 3
0.0259416 -0.0355596 -0.0355596 2 5 3
0.0285721 -0.0355748 -0.0355748 2 5 3
0.0320513 -0.0355799 -0.0355799 2 5 3
0.0366926 -0.0355628 -0.0355628 2 5 3
0.0429207 -0.0355061 -0.0355061 2 5 3
0.0512927 -0.0353874 -0.0353874 2 5 3
0.0625002 -0.0351796 -0.0351796 2 5 3
0.0773344 -0.0348544 -0.0348544 2 5 3
0.096595 -0.0343876 -0.0343876 2 5 3
0.120957 -0.0337644 -0.0337644 2 5 3
0.150844 -0.0329843 -0.0329843 2 5 3
0.186367 -0.0320597 -0.0320597 2 5 3
0.227357 -0.0310123 -0.0310123 2 5 3
0.0591891 0.02 0.02 2 5 3
0.0591255 0.0201268 0.0201268 2 5 3
0.0590618 0.0202531 0.0202531 2 5 3
0.0589338 0.020505 0.020505 2 5 3
0.0586729 0.0209992 0.0209992 2 5 3
0.0583425 0.0216079 0.0216079 2 5 3
0.0580066 0.0222046 0.0222046 2 5 3
0.0576655 0.0227893 0.0227893 2 5 3
0.0573196 0.0233621 0.0233621 2 5 3
0.0569693 0.0239231 0.0239231 2 5 3
0.0566149 0.0244724 0.0244724 2 5 3
0.0562567 0.0250101 0.0250101 2 5 3
0.0558951 0.0255363 0.0255363 2 5 3
0.0555304 0.0260511 0.0260511 2 5 3
0.0551629 0.0265546 0.0265546 2 5 3
0.0547928 0.0270469 0.0270469 2 5 3
0.0544205 0.0275282 0.0275282 2 5 3
0.0540463 0.0279986 0.0279986 2 5 3
0.0536704 0.0284582 0.0284582 2 5 3
0.0532931 0.0289072 0.0289072 2 5 3
0.0529146 0.0293456 0.0293456 2 5 3
0.0525351 0.0297737 0.0297737 2 5 3
0.052155 0.0301916 0.0301916 2 5 3
0.0517743 0.0305993 0.0305993 2 5 3
0.0513934 0.0309972 0.0309972 2 5 3
0.0510125 0.0313852 0.0313852 2 5 3
0.0506317 0.0317636 0.0317636 2 5 3
0.0502512 0.0321325 0.0321325 2 5 3
0.0498712 0.0324921 0.0324921 2 5 3
0.0494919 0.0328424 0.0328424 2 5 3
0.0491135 0.0331838 0.0331838 2 5 3
0.0487361 0.0335162 0.0335162 2 5 3
0.0483598 0.0338399 0.0338399 2 5 3
0.0479849 0.0341551 0.0341551 2 5 3
0.0476114 0.0344617 0.0344617 2 5 3
0.0472395 0.0347602 0.0347602 2 5 3
0.0468693 0.0350505 0.0350505 2 5 3
0.0465009 0.0353328 0.0353328 2 5 3
0.0461345 0.0356073 0.0356073 2 5 3
0.0457701 0.0358741 0.0358741 2 5 3
0.0454078 0.0361334 0.0361334 2 5 3
0.0450478 0.0363853 0.0363853 2 5 3
0.0446901 0.03663 0.03663 2 5 3
0.0443348 0.0368677 0.0368677 2 5 3
0.0439821 0.0370983 0.0370983 2 5 3
0.0436319 0.0373222 0.0373222 2 5 3
0.0432843 0.0375394 0.0375394 2 5 3
0.0429394 0.0377502 0.0377502 2 5 3
0.0425973 0.0379545 0.0379545 2 5 3
0.042258 0.0381526 0.0381526 2 5 3
0.0419216 0.0383446 0.0383446 2 5 3
0.0415881 0.0385307 0.0385307 2 5 3
0.0412576 0.0387109 0.0387109 2 5 3
0.0409301 0.0388854 0.0388854 2 5 3
0.0406056 0.0390544 0.0390544 2 5 3
0.0402842 0.0392179 0.0392179 2 5 3
0.0399659 0.0393761 0.0393761 2 5 3
0.0396507 0.039529 0.039529 2 5 3
0.0393387 0.0396769 0.0396769 2 5 3
0.0390299 0.0398199 0.0398199 2 5 3
0.0387242 0.039958 0.039958 2 5 3
0.0384217 0.0400914 0.0400914 2 5 3
0.0381225 0.0402202 0.0402202 2 5 3
0.0378265 0.0403445 0.0403445 2 5 3
0.0375337 0.0404645 0.0404645 2 5 3
0.0372442 0.0405801 0.0405801 2 5 3
0.0369579 0.0406916 0.0406916 2 5 3
0.0366748 0.040799 0.040799 2 5 3
0.036395 0.0409024 0.0409024 2 5 3
0.0361184 0.041002 0.041002 2 5 3
0.0358451 0.0410978 0.0410978 2 5 3
0.0355749 0.04119 0.04119 2 5 3
0.035308 0.0412786 0.0412786 2 5 3
0.0350443 0.0413637 0.0413637 2 5 3
0.0347838 0.0414454 0.0414454 2 5 3
0.0345265 0.0415238 0.0415238 2 5 3
0.0342724 0.0415991 0.0415991 2 5 3
0.0340214 0.0416711 0.0416711 2 5 3
0.0337735 0.0417402 0.0417402 2 5 3
0.0335288 0.0418063 0.0418063 2 5 3
0.0332871 0.0418695 0.0418695 2 5 3
0.0330486 0.0419299 0.0419299 2 5 3
0.0328131 0.0419876 0.0419876 2 5 3
0.0325806 0.0420427 0.0420427 2 5 3
0.0323511 0.0420951 0.0420951 2 5 3
0.0321247 0.0421451 0.0421451 2 5 3
0.0319012 0.0421926 0.0421926 2 5 3
0.0316807 0.0422378 0.0422378 2 5 3
0.031463 0.0422807 0.0422807 2 5 3
0.0312483 0.0423214 0.0423214 2 5 3
0.0310365 0.0423598 0.0423598 2 5 3
0.0308274 0.0423962 0.0423962 2 5 3
0.0306212 0.0424306 0.0424306 2 5 3
0.0304178 0.0424629 0.0424629 2 5 3
0.0302172 0.0424934 0.0424934 2 5 3
0.0300193 0.0425219 0.0425219 2 5 3
0.0298241 0.0425487 0.0425487 2 5 3
0.0296315 0.0425737 0.0425737 2 5 3
0.0294416 0.042597 0.042597 2 5 3
0.0292544 0.0426187 0.0426187 2 5 3
0.0290697 0.0426387 0.0426387 2 5 3
0.0288876 0.0426572 0.0426572 2 5 3
0.028708 0.0426742 0.0426742 2 5 3
0.0285309 0.0426897 0.0426897 2 5 3
0.0283563 0.0427038 0.0427038 2 5 3
0.0281841 0.0427166 0.0427166 2 5 3
0.0280144 0.042728 0.042728 2 5 3
0.027847 0.0427381 0.0427381 2 5 3
0.027682 0.042747 0.042747 2 5 3
0.0275193 0.0427547 0.0427547 2 5 3
0.0273589 0.0427612 0.0427612 2 5 3
0.0272008 0.0427667 0.0427667 2 5 3
0.027045 0.042771 0.042771 2 5 3
0.0268913 0.0427742 0.0427742 2 5 3
0.0267398 0.0427765 0.0427765 2 5 3
0.0265905 0.0427777 0.0427777 2 5 3
0.0264433 0.042778 0.042778 2 5 3
0.0262982 0.0427774 0.0427774 2 5 3
0.0261551 0.0427759 0.0427759 2 5 3
0.0260141 0.0427736 0.0427736 2 5 3
0.0258752 0.0427704 0.0427704 2 5 3
0.0257382 0.0427664 0.0427664 2 5 3
0.0256031 0.0427617 0.0427617 2 5 3
0.02547 0.0427562 0.0427562 2 5 3
0.0253388 0.04275 0.04275 2 5 3
0.0252095 0.0427431 0.0427431 2 5 3
0.025082 0.0427355 0.0427355 2 5 3
0.0249564 0.0427273 0.0427273 2 5 3
0.0248325 0.0427185 0.0427185 2 5 3
0.0247104 0.042709 0.042709 2 5 3
0.0245901 0.0426991 0.0426991 2 5 3
0.0244715 0.0426885 0.0426885 2 5 3
0.0243546 0.0426775 0.0426775 2 5 3
0.0242394 0.0426659 0.0426659 2 5 3
0.0241258 0.0426538 0.0426538 2 5 3
0.0240138 0.0426413 0.0426413 2 5 3
0.0239035 0.0426283 0.0426283 2 5 3
0.0237947 0.0426149 0.0426149 2 5 3
0.0236874 0.0426011 0.0426011 2 5 3
0.0235817 0.0425869 0.0425869 2 5 3
0.0234776 0.0425723 0.0425723 2 5 3
0.0233749 0.0425573 0.0425573 2 5 3
0.0232736 0.042542 0.042542 2 5 3
0.0231738 0.0425264 0.0425264 2 5 3
0.0230754 0.0425104 0.0425104 2 5 3
0.0229785 0.0424942 0.0424942 2 5 3
0.0228829 0.0424776 0.0424776 2 5 3
0.0227886 0.0424608 0.0424608 2 5 3
0.0226957 0.0424437 0.0424437 2 5 3
0.0226041 0.0424264 0.0424264 2 5 3
0.0225138 0.0424088 0.0424088 2 5 3
0.0224248 0.042391 0.042391 2 5 3
0.022337 0.042373 0.042373 2 5 3
0.0222505 0.0423548 0.0423548 2 5 3
0.0221652 0.0423364 0.0423364 2 5 3
0.0220811 0.0423178 0.0423178 2 5 3
0.0219982 0.042299 0.042299 2 5 3
0.0219164 0.0422801 0.0422801 2 5 3
0.0218358 0.042261 0.042261 2 5 3
0.0217563 0.0422418 0.0422418 2 5 3
0.0216779 0.0422225 0.0422225 2 5 3
0.0216007 0.042203 0.042203 2 5 3
0.0215244 0.0421834 0.0421834 2 5 3
0.0214493 0.0421638 0.0421638 2 5 3
0.0213752 0.042144 0.042144 2 5 3
0.0213021 0.0421241 0.0421241 2 5 3
0.021229 0.0421042 0.0421042 2 5 3
0.021158 0.0420841 0.0420841 2 5 3
0.0210879 0.042064 0.042064 2 5 3
0.0210188 0.0420438 0.0420438 2 5 3
0.0209507 0.0420236 0.0420236 2 5 3
0.0208834 0.0420033 0.0420033 2 5 3
0.0208172 0.041983 0.041983 2 5 3
0.0207518 0.0419626 0.0419626 2 5 3
0.0206873 0.0419422 0.0419422 2 5 3
0.0206236 0.0419217 0.0419217 2 5 3
0.0205609 0.0419013 0.0419013 2 5 3
0.020499 0.0418808 0.0418808 2 5 3
0.0204379 0.0418603 0.0418603 2 5 3
0.0203777 0.0418398 0.0418398 2 5 3
0.0203183 0.0418193 0.0418193 2 5 3
0.0202597 0.0417988 0.0417988 2 5 3
0.0202018 0.0417783 0.0417783 2 5 3
0.0201448 0.0417578 0.0417578 2 5 3
0.0200885 0.0417373 0.0417373 2 5 3
0.0200329 0.0417168 0.0417168 2 5 3
0.0199781 0.0416964 0.0416964 2 5 3
0.0199241 0.0416759 0.0416759 2 5 3
0.0198707 0.0416555 0.0416555 2 5 3
0.0198181 0.0416352 0.0416352 2 5 3
0.0197661 0.0416148 0.0416148 2 5 3
0.0197149 0.0415945 0.0415945 2 5 3
0.0196643 0.0415742 0.0415742 2 5 3
0.0196144 0.041554 0.041554 2 5 3
0.0195651 0.0415338 0.0415338 2 5 3
0.0195165 0.0415137 0.0415137 2 5 3
0.0194685 0.0414936 0.0414936 2 5 3
0.0194212 0.0414735 0.0414735 2 5 3
0.0193744 0.0414535 0.0414535 2 5 3
0.0193283 0.0414336 0.0414336 2 5 3
0.0192828 0.0414137 0.0414137 2 5 3
0.0192378 0.0413939 0.0413939 2 5 3
0.0191934 0.0413741 0.0413741 2 5 3
0.0191496 0.0413544 0.0413544 2 5 3
0.0191064 0.0413348 0.0413348 2 5 3
0.0190637 0.0413152 0.0413152 2 5 3
0.0190216 0.0412957 0.0412957 2 5 3
0.01898 0.0412763 0.0412763 2 5 3
0.0189389 0.0412569 0.0412569 2 5 3
0.0188984 0.0412376 0.0412376 2 5 3
0.0188583 0.0412184 0.0412184 2 5 3
0.0188188 0.0411992 0.0411992 2 5 3
0.0187798 0.0411801 0.0411801 2 5 3
0.0187412 0.0411611 0.0411611 2 5 3
0.0187032 0.0411422 0.0411422 2 5 3
0.0186656 0.0411233 0.0411233 2 5 3
0.0186285 0.0411045 0.0411045 2 5 3
0.0185918 0.0410858 0.0410858 2 5 3
0.0185556 0.0410672 0.0410672 2 5 3
0.0185199 0.0410486 0.0410486 2 5 3
0.0184846 0.0410302 0.0410302 2 5 3
0.0184497 0.0410118 0.0410118 2 5 3
0.0184153 0.0409935 0.0409935 2 5 3
0.0183813 0.0409752 0.0409752 2 5 3
0.0183477 0.0409571 0.0409571 2 5 3
0.0183145 0.040939 0.040939 2 5 3
0.0182818 0.0409211 0.0409211 2 5 3
0.0182494 0.0409031 0.0409031 2 5 3
0.0182174 0.0408853 0.0408853 2 5 3
0.0181858 0.0408676 0.0408676 2 5 3
0.0181546 0.0408499 0.0408499 2 5 3
0.0181238 0.0408324 0.0408324 2 5 3
0.0180933 0.0408149 0.0408149 2 5 3
0.0180632 0.0407975 0.0407975 2 5 3
0.0180335 0.0407802 0.0407802 2 5 3
0.0180041 0.0407629 0.0407629 2 5 3
0.0179751 0.0407458 0.0407458 2 5 3
0.0179464 0.0407287 0.0407287 2 5 3
0.0179181 0.0407117 0.0407117 2 5 3
0.0178901 0.0406948 0.0406948 2 5 3
0.0178624 0.040678 0.040678 2 5 3
0.0178351 0.0406612 0.0406612 2 5 3
0.0178081 0.0406446 0.0406446 2 5 3
0.0177814 0.040628 0.040628 2 5 3
0.017755 0.0406115 0.0406115 2 5 3
0.0177289 0.0405951 0.0405951 2 5 3
0.0177031 0.0405788 0.0405788 2 5 3
0.0176777 0.0405625 0.0405625 2 5 3
0.0176525 0.0405464 0.0405464 2 5 3
0.0176276 0.0405303 0.0405303 2 5 3
0.017603 0.0405143 0.0405143 2 5 3
0.0175787 0.0404983 0.0404983 2 5 3
0.0175547 0.0404825 0.0404825 2 5 3
0.017531 0.0404667 0.0404667 2 5 3
0.0175075 0.040451 0.040451 2 5 3
0.0174843 0.0404354 0.0404354 2 5 3
0.0174614 0.0404199 0.0404199 2 5 3
0.0174388 0.0404045 0.0404045 2 5 3
0.0174163 0.0403891 0.0403891 2 5 3
0.0173942 0.0403738 0.0403738 2 5 3
0.0173723 0.0403586 0.0403586 2 5 3
0.0173507 0.0403434 0.0403434 2 5 3
0.0173293 0.0403284 0.0403284 2 5 3
0.0173081 0.0403134 0.0403134 2 5 3
0.0172872 0.0402985 0.0402985 2 5 3
0.0172666 0.0402836 0.0402836 2 5 3
0.0172461 0.0402688 0.0402688 2 5 3
0.0172259 0.0402542 0.0402542 2 5 3
0.0172059 0.0402395 0.0402395 2 5 3
0.0171862 0.040225 0.040225 2 5 3
0.0171667 0.0402105 0.0402105 2 5 3
0.0171473 0.0401961 0.0401961 2 5 3
0.0171283 0.0401818 0.0401818 2 5 3
0.0171094 0.0401675 0.0401675 2 5 3
0.0170907 0.0401533 0.0401533 2 5 3
0.0170723 0.0401392 0.0401392 2 5 3
0.017054 0.0401251 0.0401251 2 5 3
0.017036 0.0401111 0.0401111 2 5 3
0.0170181 0.0400972 0.0400972 2 5 3
0.0170005 0.0400834 0.0400834 2 5 3
0.0169831 0.0400696 0.0400696 2 5 3
0.0169658 0.0400558 0.0400558 2 5 3
0.0169488 0.0400422 0.0400422 2 5 3
0.0169319 0.0400286 0.0400286 2 5 3
0.0169152 0.0400151 0.0400151 2 5 3
0.0168987 0.0400016 0.0400016 2 5 3
0.0168824 0.0399882 0.0399882 2 5 3
0.0168663 0.0399749 0.0399749 2 5 3
0.0168503 0.0399616 0.0399616 2 5 3
0.0168346 0.0399484 0.0399484 2 5 3
0.016819 0.0399352 0.0399352 2 5 3
0.0168036 0.0399221 0.0399221 2 5 3
0.0167883 0.0399091 0.0399091 2 5 3
0.0167732 0.0398961 0.0398961 2 5 3
0.0167583 0.0398832 0.0398832 2 5 3
0.0167436 0.0398703 0.0398703 2 5 3
0.016729 0.0398575 0.0398575 2 5 3
0.0167146 0.0398448 0.0398448 2 5 3
0.0167003 0.0398321 0.0398321 2 5 3
0.0166862 0.0398194 0.0398194 2 5 3
0.0166723 0.0398069 0.0398069 2 5 3
0.0166585 0.0397943 0.0397943 2 5 3
0.0166448 0.0397819 0.0397819 2 5 3
0.0166313 0.0397694 0.0397694 2 5 3
0.016618 0.0397571 0.0397571 2 5 3
0.0166048 0.0397448 0.0397448 2 5 3
0.0165918 0.0397325 0.0397325 2 5 3
0.0165789 0.0397203 0.0397203 2 5 3
0.0165661 0.0397081 0.0397081 2 5 3
0.0165535 0.039696 0.039696 2 5 3
0.016541 0.039684 0.039684 2 5 3
0.0165287 0.0396719 0.0396719 2 5 3
0.0165165 0.03966 0.03966 2 5 3
0.0165044 0.0396481 0.0396481 2 5 3
0.0164925 0.0396362 0.0396362 2 5 3
0.0164807 0.0396244 0.0396244 2 5 3
0.0164691 0.0396126 0.0396126 2 5 3
0.0164575 0.0396009 0.0396009 2 5 3
0.0164461 0.0395892 0.0395892 2 5 3
0.0164349 0.0395775 0.0395775 2 5 3
0.0164237 0.0395659 0.0395659 2 5 3
0.0164127 0.0395544 0.0395544 2 5 3
0.0164018 0.0395429 0.0395429 2 5 3
0.016391 0.0395314 0.0395314 2 5 3
0.0163804 0.03952 0.03952 2 5 3
0.0163699 0.0395086 0.0395086 2 5 3
0.0163595 0.0394972 0.0394972 2 5 3
0.0163492 0.0394859 0.0394859 2 5 3
0.016339 0.0394747 0.0394747 2 5 3
0.0163289 0.0394634 0.0394634 2 5 3
0.016319 0.0394522 0.0394522 2 5 3
0.0163092 0.0394411 0.0394411 2 5 3
0.0162995 0.03943 0.03943 2 5 3
0.0162899 0.0394189 0.0394189 2 5 3
0.0162804 0.0394079 0.0394079 2 5 3
0.016271 0.0393969 0.0393969 2 5 3
0.0162617 0.0393859 0.0393859 2 5 3
0.0162525 0.039375 0.039375 2 5 3
0.0162435 0.0393641 0.0393641 2 5 3
0.0162345 0.0393532 0.0393532 2 5 3
0.0162257 0.0393424 0.0393424 2 5 3
0.016217 0.0393316 0.0393316 2 5 3
0.0162083 0.0393208 0.0393208 2 5 3
0.0161998 0.0393101 0.0393101 2 5 3
0.0161913 0.0392994 0.0392994 2 5 3
0.016183 0.0392887 0.0392887 2 5 3
0.0161748 0.0392781 0.0392781 2 5 3
0.0161666 0.0392675 0.0392675 2 5 3
0.0161586 0.0392569 0.0392569 2 5 3
0.0161506 0.0392464 0.0392464 2 5 3
0.0161428 0.0392359 0.0392359 2 5 3
0.0161351 0.0392254 0.0392254 2 5 3
0.0161274 0.039215 0.039215 2 5 3
0.0161198 0.0392045 0.0392045 2 5 3
0.0161124 0.0391941 0.0391941 2 5 3
0.016105 0.0391838 0.0391838 2 5 3
0.0160977 0.0391734 0.0391734 2 5 3
0.0160905 0.0391631 0.0391631 2 5 3
0.0160834 0.0391528 0.0391528 2 5 3
0.0160764 0.0391425 0.0391425 2 5 3
0.0160695 0.0391323 0.0391323 2 5 3
0.0160626 0.0391221 0.0391221 2 5 3
0.0160559 0.0391119 0.0391119 2 5 3
0.0160492 0.0391017 0.0391017 2 5 3
0.0160426 0.0390916 0.0390916 2 5 3
0.0160361 0.0390815 0.0390815 2 5 3
0.0160297 0.0390714 0.0390714 2 5 3
0.0160234 0.0390613 0.0390613 2 5 3
0.0160172 0.0390513 0.0390513 2 5 3
0.016011 0.0390413 0.0390413 2 5 3
0.0160049 0.0390313 0.0390313 2 5 3
0.0159989 0.0390213 0.0390213 2 5 3
0.015993 0.0390113 0.0390113 2 5 3
0.0159872 0.0390014 0.0390014 2 5 3
0.0159814 0.0389915 0.0389915 2 5 3
0.0159757 0.0389816 0.0389816 2 5 3
0.0159701 0.0389717 0.0389717 2 5 3
0.0159646 0.0389618 0.0389618 2 5 3
0.0159592 0.038952 0.038952 2 5 3
0.0159538 0.0389422 0.0389422 2 5 3
0.0159485 0.0389323 0.0389323 2 5 3
0.0159433 0.0389226 0.0389226 2 5 3
0.0159381 0.0389128 0.0389128 2 5 3
0.0159331 0.038903 0.038903 2 5 3
0.0159281 0.0388933 0.0388933 2 5 3
0.0159232 0.0388836 0.0388836 2 5 3
0.0159183 0.0388739 0.0388739 2 5 3
0.0159135 0.0388642 0.0388642 2 5 3
0.0159088 0.0388546 0.0388546 2 5 3
0.0159042 0.0388449 0.0388449 2 5 3
0.0158996 0.0388353 0.0388353 2 5 3
0.0158952 0.0388256 0.0388256 2 5 3
0.0158907 0.038816 0.038816 2 5 3
0.0158864 0.0388065 0.0388065 2 5 3
0.0158821 0.0387969 0.0387969 2 5 3
0.0158779 0.0387873 0.0387873 2 5 3
0.0158737 0.0387778 0.0387778 2 5 3
0.0158697 0.0387682 0.0387682 2 5 3
0.0158656 0.0387587 0.0387587 2 5 3
0.0158617 0.0387492 0.0387492 2 5 3
0.0158578 0.0387397 0.0387397 2 5 3
0.015854 0.0387302 0.0387302 2 5 3
0.0158503 0.0387208 0.0387208 2 5 3
0.0158466 0.0387113 0.0387113 2 5 3
0.015843 0.0387019 0.0387019 2 5 3
0.0158394 0.0386924 0.0386924 2 5 3
0.0158359 0.038683 0.038683 2 5 3
0.0158325 0.0386736 0.0386736 2 5 3
0.0158291 0.0386642 0.0386642 2 5 3
0.0158258 0.0386548 0.0386548 2 5 3
0.0158226 0.0386454 0.0386454 2 5 3
0.0158194 0.0386361 0.0386361 2 5 3
0.0158163 0.0386267 0.0386267 2 5 3
0.0158132 0.0386174 0.0386174 2 5 3
0.0158102 0.038608 0.038608 2 5 3
0.0158073 0.0385987 0.0385987 2 5 3
0.0158044 0.0385894 0.0385894 2 5 3
0.0158016 0.0385801 0.0385801 2 5 3
0.0157989 0.0385708 0.0385708 2 5 3
0.0157962 0.0385615 0.0385615 2 5 3
0.0157935 0.0385522 0.0385522 2 5 3
0.0157909 0.0385429 0.0385429 2 5 3
0.0157884 0.0385336 0.0385336 2 5 3
0.015786 0.0385244 0.0385244 2 5 3
0.0157835 0.0385151 0.0385151 2 5 3
0.0157812 0.0385059 0.0385059 2 5 3
0.0157789 0.0384966 0.0384966 2 5 3
0.0157767 0.0384874 0.0384874 2 5 3
0.0157745 0.0384782 0.0384782 2 5 3
0.0157723 0.038469 0.038469 2 5 3
0.0157703 0.0384598 0.0384598 2 5 3
0.0157683 0.0384506 0.0384506 2 5 3
0.0157663 0.0384414 0.0384414 2 5 3
0.0157644 0.0384322 0.0384322 2 5 3
0.0157625 0.038423 0.038423 2 5 3
0.0157607 0.0384138 0.0384138 2 5 3
0.015759 0.0384046 0.0384046 2 5 3
0.0157573 0.0383955 0.0383955 2 5 3
0.0157556 0.0383863 0.0383863 2 5 3
0.015754 0.0383771 0.0383771 2 5 3
0.0157525 0.038368 0.038368 2 5 3
0.015751 0.0383588 0.0383588 2 5 3
0.0157496 0.0383497 0.0383497 2 5 3
0.0157482 0.0383406 0.0383406 2 5 3
0.0157469 0.0383314 0.0383314 2 5 3
0.0157456 0.0383223 0.0383223 2 5 3
0.0157443 0.0383132 0.0383132 2 5 3
0.0157432 0.038304 0.038304 2 5 3
0.015742 0.0382949 0.0382949 2 5 3
0.0157409 0.0382858 0.0382858 2 5 3
0.0157399 0.0382767 0.0382767 2 5 3
0.0157389 0.0382676 0.0382676 2 5 3
0.015738 0.0382585 0.0382585 2 5 3
0.0157371 0.0382494 0.0382494 2 5 3
0.0157363 0.0382403 0.0382403 2 5 3
0.0157355 0.0382312 0.0382312 2 5 3
0.0157347 0.0382221 0.0382221 2 5 3
0.015734 0.038213 0.038213 2 5 3
0.0157334 0.0382039 0.0382039 2 5 3
0.0157328 0.0381948 0.0381948 2 5 3
0.0157322 0.0381858 0.0381858 2 5 3
0.0157317 0.0381767 0.0381767 2 5 3
0.0157312 0.0381676 0.0381676 2 5 3
0.0157308 0.0381585 0.0381585 2 5 3
0.0157304 0.0381495 0.0381495 2 5 3
0.0157301 0.0381404 0.0381404 2 5 3
0.0157298 0.0381313 0.0381313 2 5 3
0.0157296 0.0381223 0.0381223 2 5 3
0.0157294 0.0381132 0.0381132 2 5 3
0.0157293 0.0381041 0.0381041 2 5 3
0.0157292 0.0380951 0.0380951 2 5 3
0.0157291 0.038086 0.038086 2 5 3
0.0157291 0.038077 0.038077 2 5 3
0.0157291 0.0380679 0.0380679 2 5 3
0.0157292 0.0380589 0.0380589 2 5 3
0.0157293 0.0380498 0.0380498 2 5 3
0.0157295 0.0380407 0.0380407 2 5 3
0.0157297 0.0380317 0.0380317 2 5 3
0.0157299 0.0380226 0.0380226 2 5 3
0.0157302 0.0380136 0.0380136 2 5 3
0.0157305 0.0380045 0.0380045 2 5 3
0.0157309 0.0379955 0.0379955 2 5 3
0.0157313 0.0379864 0.0379864 2 5 3
0.0157318 0.0379774 0.0379774 2 5 3
0.0157323 0.0379683 0.0379683 2 5 3
0.0157328 0.0379593 0.0379593 2 5 3
0.0157334 0.0379503 0.0379503 2 5 3
0.015734 0.0379412 0.0379412 2 5 3
0.0157347 0.0379322 0.0379322 2 5 3
0.0157354 0.0379231 0.0379231 2 5 3
0.0157361 0.0379141 0.0379141 2 5 3
0.0157369 0.037905 0.037905 2 5 3
0.0157377 0.037896 0.037896 2 5 3
0.0157385 0.0378869 0.0378869 2 5 3
0.0157394 0.0378779 0.0378779 2 5 3
0.0157404 0.0378688 0.0378688 2 5 3
0.0157414 0.0378598 0.0378598 2 5 3
0.0157424 0.0378507 0.0378507 2 5 3
0.0157434 0.0378417 0.0378417 2 5 3
0.0157445 0.0378326 0.0378326 2 5 3
0.0157456 0.0378236 0.0378236 2 5 3
0.0157468 0.0378145 0.0378145 2 5 3
0.015748 0.0378055 0.0378055 2 5 3
0.0157493 0.0377964 0.0377964 2 5 3
0.0157505 0.0377874 0.0377874 2 5 3
0.0157519 0.0377783 0.0377783 2 5 3
0.0157532 0.0377693 0.0377693 2 5 3
0.0157546 0.0377602 0.0377602 2 5 3
0.015756 0.0377512 0.0377512 2 5 3
0.0157575 0.0377421 0.0377421 2 5 3
0.015759 0.0377331 0.0377331 2 5 3
0.0157605 0.037724 0.037724 2 5 3
0.0157621 0.0377149 0.0377149 2 5 3
0.0157637 0.0377059 0.0377059 2 5 3
0.0157654 0.0376968 0.0376968 2 5 3
0.015767 0.0376878 0.0376878 2 5 3
0.0157687 0.0376787 0.0376787 2 5 3
0.0157705 0.0376696 0.0376696 2 5 3
0.0157723 0.0376606 0.0376606 2 5 3
0.0157741 0.0376515 0.0376515 2 5 3
0.015776 0.0376424 0.0376424 2 5 3
0.0157778 0.0376334 0.0376334 2 5 3
0.0157798 0.0376243 0.0376243 2 5 3
0.0157817 0.0376152 0.0376152 2 5 3
0.0157837 0.0376061 0.0376061 2 5 3
0.0157857 0.0375971 0.0375971 2 5 3
0.0157878 0.037588 0.037588 2 5 3
0.0157899 0.0375789 0.0375789 2 5 3
0.015792 0.0375698 0.0375698 2 5 3
0.0157942 0.0375608 0.0375608 2 5 3
0.0157964 0.0375517 0.0375517 2 5 3
0.0157986 0.0375426 0.0375426 2 5 3
0.0158009 0.0375335 0.0375335 2 5 3
0.0158031 0.0375244 0.0375244 2 5 3
0.0158055 0.0375153 0.0375153 2 5 3
0.0158078 0.0375062 0.0375062 2 5 3
0.0158102 0.0374972 0.0374972 2 5 3
0.0158126 0.0374881 0.0374881 2 5 3
0.0158151 0.037479 0.037479 2 5 3
0.0158176 0.0374699 0.0374699 2 5 3
0.0158201 0.0374608 0.0374608 2 5 3
0.0158226 0.0374517 0.0374517 2 5 3
0.0158252 0.0374426 0.0374426 2 5 3
0.0158278 0.0374335 0.0374335 2 5 3
0.0158304 0.0374244 0.0374244 2 5 3
0.0158331 0.0374153 0.0374153 2 5 3
0.0158358 0.0374062 0.0374062 2 5 3
0.0158385 0.037397 0.037397 2 5 3
0.0158413 0.0373879 0.0373879 2 5 3
0.0158441 0.0373788 0.0373788 2 5 3
0.0158469 0.0373697 0.0373697 2 5 3
0.0158497 0.0373606 0.0373606 2 5 3
0.0158526 0.0373515 0.0373515 2 5 3
0.0158555 0.0373424 0.0373424 2 5 3
0.0158585 0.0373332 0.0373332 2 5 3
0.0158614 0.0373241 0.0373241 2 5 3
0.0158644 0.037315 0.037315 2 5 3
0.0158675 0.0373059 0.0373059 2 5 3
0.0158705 0.0372967 0.0372967 2 5 3
0.0158736 0.0372876 0.0372876 2 5 3
0.0158767 0.0372785 0.0372785 2 5 3
0.0158799 0.0372693 0.0372693 2 5 3
0.015883 0.0372602 0.0372602 2 5 3
0.0158862 0.0372511 0.0372511 2 5 3
0.0158894 0.0372419 0.0372419 2 5 3
0.0158927 0.0372328 0.0372328 2 5 3
0.015896 0.0372236 0.0372236 2 5 3
0.0158993 0.0372145 0.0372145 2 5 3
0.0159026 0.0372054 0.0372054 2 5 3
0.015906 0.0371962 0.0371962 2 5 3
0.0159094 0.0371871 0.0371871 2 5 3
0.0159128 0.0371779 0.0371779 2 5 3
0.0159162 0.0371688 0.0371688 2 5 3
0.0159197 0.0371596 0.0371596 2 5 3
0.0159232 0.0371505 0.0371505 2 5 3
0.0159267 0.0371413 0.0371413 2 5 3
0.0159303 0.0371321 0.0371321 2 5 3
0.0159338 0.037123 0.037123 2 5 3
0.0159374 0.0371138 0.0371138 2 5 3
0.0159411 0.0371047 0.0371047 2 5 3
0.0159447 0.0370955 0.0370955 2 5 3
0.0159484 0.0370863 0.0370863 2 5 3
0.0159521 0.0370772 0.0370772 2 5 3
0.0159558 0.037068 0.037068 2 5 3
0.0159596 0.0370588 0.0370588 2 5 3
0.0159634 0.0370496 0.0370496 2 5 3
0.0159672 0.0370405 0.0370405 2 5 3
0.015971 0.0370313 0.0370313 2 5 3
0.0159749 0.0370221 0.0370221 2 5 3
0.0159788 0.0370129 0.0370129 2 5 3
0.0159827 0.0370038 0.0370038 2 5 3
0.0159866 0.0369946 0.0369946 2 5 3
0.0159906 0.0369854 0.0369854 2 5 3
0.0159945 0.0369762 0.0369762 2 5 3
0.0159985 0.036967 0.036967 2 5 3
0.0160026 0.0369578 0.0369578 2 5 3
0.0160066 0.0369487 0.0369487 2 5 3
0.0160107 0.0369395 0.0369395 2 5 3
0.0160148 0.0369303 0.0369303 2 5 3
0.0160189 0.0369211 0.0369211 2 5 3
0.0160231 0.0369119 0.0369119 2 5 3
0.0160272 0.0369027 0.0369027 2 5 3
0.0160314 0.0368935 0.0368935 2 5 3
0.0160357 0.0368843 0.0368843 2 5 3
0.0160399 0.0368751 0.0368751 2 5 3
0.0160442 0.0368659 0.0368659 2 5 3
0.0160484 0.0368567 0.0368567 2 5 3
0.0160527 0.0368475 0.0368475 2 5 3
0.0160571 0.0368383 0.0368383 2 5 3
0.0160614 0.0368291 0.0368291 2 5 3
0.0160658 0.0368199 0.0368199 2 5 3
0.0160702 0.0368107 0.0368107 2 5 3
0.0160746 0.0368015 0.0368015 2 5 3
0.0160791 0.0367923 0.0367923 2 5 3
0.0160835 0.0367831 0.0367831 2 5 3
0.016088 0.0367739 0.0367739 2 5 3
0.0160925 0.0367647 0.0367647 2 5 3
0.016097 0.0367554 0.0367554 2 5 3
0.0161016 0.0367462 0.0367462 2 5 3
0.0161062 0.036737 0.036737 2 5 3
0.0161107 0.0367278 0.0367278 2 5 3
0.0161154 0.0367186 0.0367186 2 5 3
0.01612 0.0367094 0.0367094 2 5 3
0.0161246 0.0367002 0.0367002 2 5 3
0.0161293 0.0366909 0.0366909 2 5 3
0.016134 0.0366817 0.0366817 2 5 3
0.0161387 0.0366725 0.0366725 2 5 3
0.0161435 0.0366633 0.0366633 2 5 3
0.0161482 0.0366541 0.0366541 2 5 3
0.016153 0.0366448 0.0366448 2 5 3
0.0161578 0.0366356 0.0366356 2 5 3
0.0161626 0.0366264 0.0366264 2 5 3
0.0161675 0.0366172 0.0366172 2 5 3
0.0161723 0.0366079 0.0366079 2 5 3
0.0161772 0.0365987 0.0365987 2 5 3
0.0161821 0.0365895 0.0365895 2 5 3
0.016187 0.0365803 0.0365803 2 5 3
0.0161919 0.0365711 0.0365711 2 5 3
0.0161969 0.0365618 0.0365618 2 5 3
0.0162019 0.0365526 0.0365526 2 5 3
0.0162069 0.0365434 0.0365434 2 5 3
0.0162119 0.0365341 0.0365341 2 5 3
0.0162169 0.0365249 0.0365249 2 5 3
0.0162219 0.0365157 0.0365157 2 5 3
0.016227 0.0365065 0.0365065 2 5 3
0.0162321 0.0364972 0.0364972 2 5 3
0.0162372 0.036488 0.036488 2 5 3
0.0162423 0.0364788 0.0364788 2 5 3
0.0162475 0.0364696 0.0364696 2 5 3
0.0162526 0.0364603 0.0364603 2 5 3
0.0162578 0.0364511 0.0364511 2 5 3
0.016263 0.0364419 0.0364419 2 5 3
0.0162682 0.0364326 0.0364326 2 5 3
0.0162734 0.0364234 0.0364234 2 5 3
0.0162787 0.0364142 0.0364142 2 5 3
0.016284 0.036405 0.036405 2 5 3
0.0162892 0.0363957 0.0363957 2 5 3
0.0162945 0.0363865 0.0363865 2 5 3
0.0162999 0.0363773 0.0363773 2 5 3
0.0163052 0.036368 0.036368 2 5 3
0.0163105 0.0363588 0.0363588 2 5 3
0.0163159 0.0363496 0.0363496 2 5 3
0.0163213 0.0363404 0.0363404 2 5 3
0.0163267 0.0363311 0.0363311 2 5 3
0.0163321 0.0363219 0.0363219 2 5 3
0.0163376 0.0363127 0.0363127 2 5 3
0.016343 0.0363035 0.0363035 2 5 3
0.0163485 0.0362942 0.0362942 2 5 3
0.016354 0.036285 0.036285 2 5 3
0.0163595 0.0362758 0.0362758 2 5 3
0.016365 0.0362666 0.0362666 2 5 3
0.0163705 0.0362573 0.0362573 2 5 3
0.0163761 0.0362481 0.0362481 2 5 3
0.0163816 0.0362389 0.0362389 2 5 3
0.0163872 0.0362297 0.0362297 2 5 3
0.0163928 0.0362204 0.0362204 2 5 3
0.0163984 0.0362112 0.0362112 2 5 3
0.0164041 0.036202 0.036202 2 5 3
0.0164097 0.0361928 0.0361928 2 5 3
0.0164154 0.0361836 0.0361836 2 5 3
0.016421 0.0361743 0.0361743 2 5 3
0.0164267 0.0361651 0.0361651 2 5 3
0.0164324 0.0361559 0.0361559 2 5 3
0.0164381 0.0361467 0.0361467 2 5 3
0.0164439 0.0361375 0.0361375 2 5 3
0.0164496 0.0361283 0.0361283 2 5 3
0.0164554 0.0361191 0.0361191 2 5 3
0.0164612 0.0361098 0.0361098 2 5 3
0.016467 0.0361006 0.0361006 2 5 3
0.0164728 0.0360914 0.0360914 2 5 3
0.0164786 0.0360822 0.0360822 2 5 3
0.0164844 0.036073 0.036073 2 5 3
0.0164903 0.0360638 0.0360638 2 5 3
0.0164961 0.0360546 0.0360546 2 5 3
0.016502 0.0360454 0.0360454 2 5 3
0.0165079 0.0360362 0.0360362 2 5 3
0.0165138 0.036027 0.036027 2 5 3
0.0165197 0.0360178 0.0360178 2 5 3
0.0165257 0.0360086 0.0360086 2 5 3
0.0165316 0.0359994 0.0359994 2 5 3
0.0165376 0.0359902 0.0359902 2 5 3
0.0165435 0.035981 0.035981 2 5 3
0.0165495 0.0359718 0.0359718 2 5 3
0.0165555 0.0359626 0.0359626 2 5 3
0.0165615 0.0359534 0.0359534 2 5 3
0.0165676 0.0359442 0.0359442 2 5 3
0.0165736 0.035935 0.035935 2 5 3
0.0165797 0.0359259 0.0359259 2 5 3
0.0165857 0.0359167 0.0359167 2 5 3
0.0165918 0.0359075 0.0359075 2 5 3
0.0165979 0.0358983 0.0358983 2 5 3
0.016604 0.0358891 0.0358891 2 5 3
0.0166101 0.0358799 0.0358799 2 5 3
0.0166162 0.0358708 0.0358708 2 5 3
0.0166224 0.0358616 0.0358616 2 5 3
0.0166285 0.0358524 0.0358524 2 5 3
0.0166347 0.0358432 0.0358432 2 5 3
0.0166409 0.0358341 0.0358341 2 5 3
0.0166471 0.0358249 0.0358249 2 5 3
0.0166533 0.0358157 0.0358157 2 5 3
0.0166595 0.0358066 0.0358066 2 5 3
0.0166657 0.0357974 0.0357974 2 5 3
0.0166719 0.0357883 0.0357883 2 5 3
0.0166782 0.0357791 0.0357791 2 5 3
0.0166844 0.0357699 0.0357699 2 5 3
0.0166907 0.0357608 0.0357608 2 5 3
0.016697 0.0357516 0.0357516 2 5 3
0.0167033 0.0357425 0.0357425 2 5 3
0.0167096 0.0357333 0.0357333 2 5 3
0.0167159 0.0357242 0.0357242 2 5 3
0.0167222 0.0357151 0.0357151 2 5 3
0.0167286 0.0357059 0.0357059 2 5 3
0.0167349 0.0356968 0.0356968 2 5 3
0.0167413 0.0356876 0.0356876 2 5 3
0.0167476 0.0356785 0.0356785 2 5 3
0.016754 0.0356694 0.0356694 2 5 3
0.0167604 0.0356602 0.0356602 2 5 3
0.0167668 0.0356511 0.0356511 2 5 3
0.0167732 0.035642 0.035642 2 5 3
0.0167797 0.0356329 0.0356329 2 5 3
0.0167861 0.0356237 0.0356237 2 5 3
0.0167925 0.0356146 0.0356146 2 5 3
0.016799 0.0356055 0.0356055 2 5 3
0.0168055 0.0355964 0.0355964 2 5 3
0.0168119 0.0355873 0.0355873 2 5 3
0.0168184 0.0355782 0.0355782 2 5 3
0.0168249 0.0355691 0.0355691 2 5 3
0.0168314 0.03556 0.03556 2 5 3
0.0168379 0.0355509 0.0355509 2 5 3
0.0168445 0.0355418 0.0355418 2 5 3
0.016851 0.0355327 0.0355327 2 5 3
0.0168575 0.0355236 0.0355236 2 5 3
0.0168641 0.0355145 0.0355145 2 5 3
0.0168707 0.0355054 0.0355054 2 5 3
0.0168772 0.0354963 0.0354963 2 5 3
0.0168838 0.0354873 0.0354873 2 5 3
0.0168904 0.0354782 0.0354782 2 5 3
0.016897 0.0354691 0.0354691 2 5 3
0.0169036 0.03546 0.03546 2 5 3
0.0169102 0.035451 0.035451 2 5 3
0.0169168 0.0354419 0.0354419 2 5 3
0.0169235 0.0354328 0.0354328 2 5 3
0.0169301 0.0354238 0.0354238 2 5 3
0.0169368 0.0354147 0.0354147 2 5 3
0.0169434 0.0354057 0.0354057 2 5 3
0.0169501 0.0353966 0.0353966 2 5 3
0.0169568 0.0353876 0.0353876 2 5 3
0.0169635 0.0353785 0.0353785 2 5 3
0.0169702 0.0353695 0.0353695 2 5 3
0.0169769 0.0353605 0.0353605 2 5 3
0.0169836 0.0353514 0.0353514 2 5 3
0.0169903 0.0353424 0.0353424 2 5 3
0.016997 0.0353334 0.0353334 2 5 3
0.0170038 0.0353243 0.0353243 2 5 3
0.0170105 0.0353153 0.0353153 2 5 3
0.0170173 0.0353063 0.0353063 2 5 3
0.017024 0.0352973 0.0352973 2 5 3
0.0170308 0.0352883 0.0352883 2 5 3
0.0170376 0.0352793 0.0352793 2 5 3
0.0170444 0.0352703 0.0352703 2 5 3
0.0170512 0.0352613 0.0352613 2 5 3
0.017058 0.0352523 0.0352523 2 5 3
0.0170648 0.0352433 0.0352433 2 5 3
0.0170716 0.0352343 0.0352343 2 5 3
0.0170784 0.0352253 0.0352253 2 5 3
0.0170852 0.0352163 0.0352163 2 5 3
0.0170921 0.0352074 0.0352074 2 5 3
0.0170989 0.0351984 0.0351984 2 5 3
0.0171058 0.0351894 0.0351894 2 5 3
0.0171126 0.0351804 0.0351804 2 5 3
0.0171195 0.0351715 0.0351715 2 5 3
0.0171264 0.0351625 0.0351625 2 5 3
0.0171333 0.0351536 0.0351536 2 5 3
0.0171401 0.0351446 0.0351446 2 5 3
0.017147 0.0351357 0.0351357 2 5 3
0.0171539 0.0351267 0.0351267 2 5 3
0.0171608 0.0351178 0.0351178 2 5 3
0.0171678 0.0351088 0.0351088 2 5 3
0.0171747 0.0350999 0.0350999 2 5 3
0.0171816 0.035091 0.035091 2 5 3
0.0171885 0.0350821 0.0350821 2 5 3
0.0171955 0.0350731 0.0350731 2 5 3
0.0172024 0.0350642 0.0350642 2 5 3
0.0172094 0.0350553 0.0350553 2 5 3
0.0172163 0.0350464 0.0350464 2 5 3
0.0172233 0.0350375 0.0350375 2 5 3
0.0172303 0.0350286 0.0350286 2 5 3
0.0172372 0.0350197 0.0350197 2 5 3
0.0172442 0.0350108 0.0350108 2 5 3
0.0172512 0.0350019 0.0350019 2 5 3
0.0172582 0.034993 0.034993 2 5 3
0.0172652 0.0349842 0.0349842 2 5 3
0.0172722 0.0349753 0.0349753 2 5 3
0.0172792 0.0349664 0.0349664 2 5 3
0.0172862 0.0349575 0.0349575 2 5 3
0.0172933 0.0349487 0.0349487 2 5 3
0.0173003 0.0349398 0.0349398 2 5 3
0.0173073 0.034931 0.034931 2 5 3
0.0173144 0.0349221 0.0349221 2 5 3
0.0173214 0.0349133 0.0349133 2 5 3
0.0173285 0.0349044 0.0349044 2 5 3
0.0173355 0.0348956 0.0348956 2 5 3
0.0173426 0.0348868 0.0348868 2 5 3
0.0173497 0.0348779 0.0348779 2 5 3
0.0173567 0.0348691 0.0348691 2 5 3
0.0173638 0.0348603 0.0348603 2 5 3
0.0173709 0.0348515 0.0348515 2 5 3
0.017378 0.0348427 0.0348427 2 5 3
0.0173851 0.0348339 0.0348339 2 5 3
0.0173922 0.0348251 0.0348251 2 5 3
0.0173993 0.0348163 0.0348163 2 5 3
0.0174064 0.0348075 0.0348075 2 5 3
0.0174135 0.0347987 0.0347987 2 5 3
0.0174206 0.0347899 0.0347899 2 5 3
0.0174277 0.0347811 0.0347811 2 5 3
0.0174348 0.0347724 0.0347724 2 5 3
0.017442 0.0347636 0.0347636 2 5 3
0.0174491 0.0347548 0.0347548 2 5 3
0.0174562 0.0347461 0.0347461 2 5 3
0.0174634 0.0347373 0.0347373 2 5 3
0.0174705 0.0347286 0.0347286 2 5 3
0.0174777 0.0347198 0.0347198 2 5 3
0.0174848 0.0347111 0.0347111 2 5 3
0.017492 0.0347023 0.0347023 2 5 3
0.0174992 0.0346936 0.0346936 2 5 3
0.0175063 0.0346849 0.0346849 2 5 3
0.0175135 0.0346762 0.0346762 2 5 3
0.0175207 0.0346675 0.0346675 2 5 3
0.0175278 0.0346587 0.0346587 2 5 3
0.017535 0.03465 0.03465 2 5 3
0.0175422 0.0346413 0.0346413 2 5 3
0.0175494 0.0346326 0.0346326 2 5 3
0.0175566 0.034624 0.034624 2 5 3
0.0175638 0.0346153 0.0346153 2 5 3
0.017571 0.0346066 0.0346066 2 5 3
0.0175782 0.0345979 0.0345979 2 5 3
0.0175854 0.0345892 0.0345892 2 5 3
0.0175926 0.0345806 0.0345806 2 5 3
0.0175998 0.0345719 0.0345719 2 5 3
0.0176071 0.0345633 0.0345633 2 5 3
0.0176143 0.0345546 0.0345546 2 5 3
0.0176215 0.034546 0.034546 2 5 3
0.0176287 0.0345373 0.0345373 2 5 3
0.017636 0.0345287 0.0345287 2 5 3
0.0176432 0.0345201 0.0345201 2 5 3
0.0176505 0.0345114 0.0345114 2 5 3
0.0176577 0.0345028 0.0345028 2 5 3
0.0176649 0.0344942 0.0344942 2 5 3
0.0176722 0.0344856 0.0344856 2 5 3
0.0176794 0.034477 0.034477 2 5 3
0.0176867 0.0344684 0.0344684 2 5 3
0.017694 0.0344598 0.0344598 2 5 3
0.0177012 0.0344512 0.0344512 2 5 3
0.0177085 0.0344426 0.0344426 2 5 3
0.0177157 0.0344341 0.0344341 2 5 3
0.017723 0.0344255 0.0344255 2 5 3
0.0177303 0.0344169 0.0344169 2 5 3
0.0177376 0.0344084 0.0344084 2 5 3
0.0177448 0.0343998 0.0343998 2 5 3
0.0177521 0.0343913 0.0343913 2 5 3
0.0177594 0.0343827 0.0343827 2 5 3
0.0177667 0.0343742 0.0343742 2 5 3
0.017774 0.0343657 0.0343657 2 5 3
0.0177812 0.0343571 0.0343571 2 5 3
0.0177885 0.0343486 0.0343486 2 5 3
0.0177958 0.0343401 0.0343401 2 5 3
0.0178031 0.0343316 0.0343316 2 5 3
0.0178104 0.0343231 0.0343231 2 5 3
0.0178177 0.0343146 0.0343146 2 5 3
0.017825 0.0343061 0.0343061 2 5 3
0.0178323 0.0342976 0.0342976 2 5 3
0.0178396 0.0342891 0.0342891 2 5 3
0.0178469 0.0342806 0.0342806 2 5 3
0.0178543 0.0342722 0.0342722 2 5 3
0.0178616 0.0342637 0.0342637 2 5 3
0.0178689 0.0342552 0.0342552 2 5 3
0.0178762 0.0342468 0.0342468 2 5 3
0.0178835 0.0342383 0.0342383 2 5 3
0.0178908 0.0342299 0.0342299 2 5 3
0.0178981 0.0342214 0.0342214 2 5 3
0.0179055 0.034213 0.034213 2 5 3
0.0179128 0.0342046 0.0342046 2 5 3
0.0179201 0.0341962 0.0341962 2 5 3
0.0179274 0.0341878 0.0341878 2 5 3
0.0179348 0.0341793 0.0341793 2 5 3
0.0179421 0.0341709 0.0341709 2 5 3
0.0179494 0.0341625 0.0341625 2 5 3
0.0179568 0.0341542 0.0341542 2 5 3
0.0179641 0.0341458 0.0341458 2 5 3
0.0179714 0.0341374 0.0341374 2 5 3
0.0179788 0.034129 0.034129 2 5 3
0.0179861 0.0341207 0.0341207 2 5 3
0.0179935 0.0341123 0.0341123 2 5 3
0.0180008 0.0341039 0.0341039 2 5 3
0.0180081 0.0340956 0.0340956 2 5 3
0.0180155 0.0340872 0.0340872 2 5 3
0.0180228 0.0340789 0.0340789 2 5 3
0.0180302 0.0340706 0.0340706 2 5 3
0.0180375 0.0340622 0.0340622 2 5 3
0.0180449 0.0340539 0.0340539 2 5 3
0.0180522 0.0340456 0.0340456 2 5 3
0.0180596 0.0340373 0.0340373 2 5 3
0.0180669 0.034029 0.034029 2 5 3
0.0180743 0.0340207 0.0340207 2 5 3
0.0180816 0.0340124 0.0340124 2 5 3
0.018089 0.0340041 0.0340041 2 5 3
0.0180963 0.0339958 0.0339958 2 5 3
0.0181037 0.0339876 0.0339876 2 5 3
0.018111 0.0339793 0.0339793 2 5 3
0.0181184 0.033971 0.033971 2 5 3
0.0181257 0.0339628 0.0339628 2 5 3
0.0181331 0.0339545 0.0339545 2 5 3
0.0181405 0.0339463 0.0339463 2 5 3
0.0181478 0.0339381 0.0339381 2 5 3
0.0181552 0.0339298 0.0339298 2 5 3
0.0181625 0.0339216 0.0339216 2 5 3
0.0181699 0.0339134 0.0339134 2 5 3
0.0181772 0.0339052 0.0339052 2 5 3
0.0181846 0.033897 0.033897 2 5 3
0.018192 0.0338888 0.0338888 2 5 3
0.0181993 0.0338806 0.0338806 2 5 3
0.0182067 0.0338724 0.0338724 2 5 3
0.018214 0.0338642 0.0338642 2 5 3
0.0182214 0.033856 0.033856 2 5 3
0.0182288 0.0338479 0.0338479 2 5 3
0.0182361 0.0338397 0.0338397 2 5 3
0.0182435 0.0338316 0.0338316 2 5 3
0.0182508 0.0338234 0.0338234 2 5 3
0.0182582 0.0338153 0.0338153 2 5 3
0.0182656 0.0338071 0.0338071 2 5 3
0.0182729 0.033799 0.033799 2 5 3
0.0182803 0.0337909 0.0337909 2 5 3
0.0182876 0.0337828 0.0337828 2 5 3
0.018295 0.0337746 0.0337746 2 5 3
0.0183024 0.0337665 0.0337665 2 5 3
0.0183097 0.0337584 0.0337584 2 5 3
0.0183171 0.0337503 0.0337503 2 5 3
0.0183244 0.0337423 0.0337423 2 5 3
0.0183318 0.0337342 0.0337342 2 5 3
0.0183392 0.0337261 0.0337261 2 5 3
0.0183465 0.033718 0.033718 2 5 3
0.0183539 0.03371 0.03371 2 5 3
0.0183612 0.0337019 0.0337019 2 5 3
0.0183686 0.0336939 0.0336939 2 5 3
0.018376 0.0336858 0.0336858 2 5 3
0.0183833 0.0336778 0.0336778 2 5 3
0.0183907 0.0336698 0.0336698 2 5 3
0.018398 0.0336617 0.0336617 2 5 3
0.0184054 0.0336537 0.0336537 2 5 3
0.0184127 0.0336457 0.0336457 2 5 3
0.0184201 0.0336377 0.0336377 2 5 3
0.0184274 0.0336297 0.0336297 2 5 3
0.0184348 0.0336217 0.0336217 2 5 3
0.0184421 0.0336137 0.0336137 2 5 3
0.0184495 0.0336058 0.0336058 2 5 3
0.0184568 0.0335978 0.0335978 2 5 3
0.0184642 0.0335898 0.0335898 2 5 3
0.0184715 0.0335819 0.0335819 2 5 3
0.0184789 0.0335739 0.0335739 2 5 3
0.0184862 0.033566 0.033566 2 5 3
0.0184936 0.033558 0.033558 2 5 3
0.0185009 0.0335501 0.0335501 2 5 3
0.0185083 0.0335422 0.0335422 2 5 3
0.0185156 0.0335343 0.0335343 2 5 3
0.018523 0.0335263 0.0335263 2 5 3
0.0185303 0.0335184 0.0335184 2 5 3
0.0185376 0.0335105 0.0335105 2 5 3
0.018545 0.0335026 0.0335026 2 5 3
0.0185523 0.0334948 0.0334948 2 5 3
0.0185597 0.0334869 0.0334869 2 5 3
0.018567 0.033479 0.033479 2 5 3
0.0185743 0.0334711 0.0334711 2 5 3
0.0185817 0.0334633 0.0334633 2 5 3
0.018589 0.0334554 0.0334554 2 5 3
0.0185963 0.0334476 0.0334476 2 5 3
0.0186036 0.0334397 0.0334397 2 5 3
0.018611 0.0334319 0.0334319 2 5 3
0.0186183 0.0334241 0.0334241 2 5 3
0.0186256 0.0334162 0.0334162 2 5 3
0.0186329 0.0334084 0.0334084 2 5 3
0.0186403 0.0334006 0.0334006 2 5 3
0.0186476 0.0333928 0.0333928 2 5 3
0.0186549 0.033385 0.033385 2 5 3
0.0186622 0.0333772 0.0333772 2 5 3
0.0186695 0.0333695 0.0333695 2 5 3
0.0186769 0.0333617 0.0333617 2 5 3
0.0186842 0.0333539 0.0333539 2 5 3
0.0186915 0.0333462 0.0333462 2 5 3
0.0186988 0.0333384 0.0333384 2 5 3
0.0187061 0.0333307 0.0333307 2 5 3
0.0187134 0.0333229 0.0333229 2 5 3
0.0187207 0.0333152 0.0333152 2 5 3
0.018728 0.0333075 0.0333075 2 5 3
0.0187353 0.0332997 0.0332997 2 5 3
0.0187426 0.033292 0.033292 2 5 3
0.0187499 0.0332843 0.0332843 2 5 3
0.0187572 0.0332766 0.0332766 2 5 3
0.0187645 0.0332689 0.0332689 2 5 3
0.0187718 0.0332612 0.0332612 2 5 3
0.0187791 0.0332535 0.0332535 2 5 3
0.0187864 0.0332459 0.0332459 2 5 3
0.0187937 0.0332382 0.0332382 2 5 3
0.018801 0.0332305 0.0332305 2 5 3
0.0188082 0.0332229 0.0332229 2 5 3
0.0188155 0.0332152 0.0332152 2 5 3
0.0188228 0.0332076 0.0332076 2 5 3
0.0188301 0.0332 0.0332 2 5 3
0.0188374 0.0331923 0.0331923 2 5 3
0.0188446 0.0331847 0.0331847 2 5 3
0.0188519 0.0331771 0.0331771 2 5 3
0.0188592 0.0331695 0.0331695 2 5 3
0.0188664 0.0331619 0.0331619 2 5 3
0.0188737 0.0331543 0.0331543 2 5 3
0.018881 0.0331467 0.0331467 2 5 3
0.0188882 0.0331391 0.0331391 2 5 3
0.0188955 0.0331316 0.0331316 2 5 3
0.0189027 0.033124 0.033124 2 5 3
0.01891 0.0331164 0.0331164 2 5 3
0.0189173 0.0331089 0.0331089 2 5 3
0.0189245 0.0331013 0.0331013 2 5 3
0.0189318 0.0330938 0.0330938 2 5 3
0.018939 0.0330863 0.0330863 2 5 3
0.0189462 0.0330787 0.0330787 2 5 3
0.0189535 0.0330712 0.0330712 2 5 3
0.0189607 0.0330637 0.0330637 2 5 3
0.018968 0.0330562 0.0330562 2 5 3
0.0189752 0.0330487 0.0330487 2 5 3
0.0189824 0.0330412 0.0330412 2 5 3
0.0189896 0.0330337 0.0330337 2 5 3
0.0189969 0.0330262 0.0330262 2 5 3
0.0190041 0.0330188 0.0330188 2 5 3
0.0190113 0.0330113 0.0330113 2 5 3
0.0190185 0.0330039 0.0330039 2 5 3
0.0190258 0.0329964 0.0329964 2 5 3
0.019033 0.032989 0.032989 2 5 3
0.0190402 0.0329815 0.0329815 2 5 3
0.0190474 0.0329741 0.0329741 2 5 3
0.0190546 0.0329667 0.0329667 2 5 3
0.0190618 0.0329593 0.0329593 2 5 3
0.019069 0.0329518 0.0329518 2 5 3
0.0190762 0.0329444 0.0329444 2 5 3
0.0190834 0.032937 0.032937 2 5 3
0.0190906 0.0329297 0.0329297 2 5 3
0.0190978 0.0329223 0.0329223 2 5 3
0.019105 0.0329149 0.0329149 2 5 3
0.0191121 0.0329075 0.0329075 2 5 3
0.0191193 0.0329002 0.0329002 2 5 3
0.0191265 0.0328928 0.0328928 2 5 3
0.0191337 0.0328855 0.0328855 2 5 3
0.0191409 0.0328781 0.0328781 2 5 3
0.019148 0.0328708 0.0328708 2 5 3
0.0191552 0.0328635 0.0328635 2 5 3
0.0191624 0.0328561 0.0328561 2 5 3
0.0191695 0.0328488 0.0328488 2 5 3
0.0191767 0.0328415 0.0328415 2 5 3
0.0191838 0.0328342 0.0328342 2 5 3
0.019191 0.0328269 0.0328269 2 5 3
0.0191981 0.0328196 0.0328196 2 5 3
0.0192053 0.0328123 0.0328123 2 5 3
0.0192124 0.0328051 0.0328051 2 5 3
0.0192196 0.0327978 0.0327978 2 5 3
0.0192267 0.0327905 0.0327905 2 5 3
0.0192338 0.0327833 0.0327833 2 5 3
0.019241 0.032776 0.032776 2 5 3
0.0192481 0.0327688 0.0327688 2 5 3
0.0192552 0.0327616 0.0327616 2 5 3
0.0192624 0.0327544 0.0327544 2 5 3
0.0192695 0.0327471 0.0327471 2 5 3
0.0192766 0.0327399 0.0327399 2 5 3
0.0192837 0.0327327 0.0327327 2 5 3
0.0192908 0.0327255 0.0327255 2 5 3
0.0192979 0.0327183 0.0327183 2 5 3
0.019305 0.0327111 0.0327111 2 5 3
0.0193121 0.032704 0.032704 2 5 3
0.0193192 0.0326968 0.0326968 2 5 3
0.0193263 0.0326896 0.0326896 2 5 3
0.0193334 0.0326825 0.0326825 2 5 3
0.0193405 0.0326753 0.0326753 2 5 3
0.0193476 0.0326682 0.0326682 2 5 3
0.0193547 0.032661 0.032661 2 5 3
0.0193618 0.0326539 0.0326539 2 5 3
0.0193688 0.0326468 0.0326468 2 5 3
0.0193759 0.0326397 0.0326397 2 5 3
0.019383 0.0326326 0.0326326 2 5 3
0.01939 0.0326255 0.0326255 2 5 3
0.0193971 0.0326184 0.0326184 2 5 3
0.0194042 0.0326113 0.0326113 2 5 3
0.0194112 0.0326042 0.0326042 2 5 3
0.0194183 0.0325971 0.0325971 2 5 3
0.0194253 0.0325901 0.0325901 2 5 3
0.0194324 0.032583 0.032583 2 5 3
0.0194394 0.0325759 0.0325759 2 5 3
0.0194464 0.0325689 0.0325689 2 5 3
0.0194535 0.0325619 0.0325619 2 5 3
0.0194605 0.0325548 0.0325548 2 5 3
0.0194675 0.0325478 0.0325478 2 5 3
0.0194746 0.0325408 0.0325408 2 5 3
0.0194816 0.0325338 0.0325338 2 5 3
0.0194886 0.0325268 0.0325268 2 5 3
0.0194956 0.0325198 0.0325198 2 5 3
0.0195026 0.0325128 0.0325128 2 5 3
0.0195096 0.0325058 0.0325058 2 5 3
0.0195166 0.0324988 0.0324988 2 5 3
0.0195236 0.0324918 0.0324918 2 5 3
0.0195306 0.0324849 0.0324849 2 5 3
0.0195376 0.0324779 0.0324779 2 5 3
0.0195446 0.032471 0.032471 2 5 3
0.0195516 0.032464 0.032464 2 5 3
0.0195586 0.0324571 0.0324571 2 5 3
0.0195655 0.0324501 0.0324501 2 5 3
0.0195725 0.0324432 0.0324432 2 5 3
0.0195795 0.0324363 0.0324363 2 5 3
0.0195865 0.0324294 0.0324294 2 5 3
0.0195934 0.0324225 0.0324225 2 5 3
0.0196004 0.0324156 0.0324156 2 5 3
0.0196073 0.0324087 0.0324087 2 5 3
0.0196143 0.0324018 0.0324018 2 5 3
0.0196212 0.032395 0.032395 2 5 3
0.0196282 0.0323881 0.0323881 2 5 3
0.0196351 0.0323812 0.0323812 2 5 3
0.0196421 0.0323744 0.0323744 2 5 3
0.019649 0.0323675 0.0323675 2 5 3
0.0196559 0.0323607 0.0323607 2 5 3
0.0196629 0.0323538 0.0323538 2 5 3
0.0196698 0.032347 0.032347 2 5 3
0.0196767 0.0323402 0.0323402 2 5 3
0.0196836 0.0323334 0.0323334 2 5 3
0.0196905 0.0323266 0.0323266 2 5 3
0.0196974 0.0323198 0.0323198 2 5 3
0.0197043 0.032313 0.032313 2 5 3
0.0197112 0.0323062 0.0323062 2 5 3
0.0197181 0.0322994 0.0322994 2 5 3
0.019725 0.0322926 0.0322926 2 5 3
0.0197319 0.0322859 0.0322859 2 5 3
0.0197388 0.0322791 0.0322791 2 5 3
0.0197457 0.0322724 0.0322724 2 5 3
0.0197525 0.0322656 0.0322656 2 5 3
0.0197594 0.0322589 0.0322589 2 5 3
0.0197663 0.0322521 0.0322521 2 5 3
0.0197731 0.0322454 0.0322454 2 5 3
0.01978 0.0322387 0.0322387 2 5 3
0.0197869 0.032232 0.032232 2 5 3
0.0197937 0.0322253 0.0322253 2 5 3
0.0198006 0.0322186 0.0322186 2 5 3
0.0198074 0.0322119 0.0322119 2 5 3
0.0198142 0.0322052 0.0322052 2 5 3
0.0198211 0.0321985 0.0321985 2 5 3
0.0198279 0.0321918 0.0321918 2 5 3
0.0198347 0.0321852 0.0321852 2 5 3
0.0198416 0.0321785 0.0321785 2 5 3
0.0198484 0.0321719 0.0321719 2 5 3
0.0198552 0.0321652 0.0321652 2 5 3
0.019862 0.0321586 0.0321586 2 5 3
0.0198688 0.032152 0.032152 2 5 3
0.0198756 0.0321453 0.0321453 2 5 3
0.0198824 0.0321387 0.0321387 2 5 3
0.0198892 0.0321321 0.0321321 2 5 3
0.019896 0.0321255 0.0321255 2 5 3
0.0199028 0.0321189 0.0321189 2 5 3
0.0199096 0.0321123 0.0321123 2 5 3
0.0199163 0.0321057 0.0321057 2 5 3
0.0199231 0.0320991 0.0320991 2 5 3
0.0199299 0.0320926 0.0320926 2 5 3
0.0199367 0.032086 0.032086 2 5 3
0.0199434 0.0320795 0.0320795 2 5 3
0.0199502 0.0320729 0.0320729 2 5 3
0.0199569 0.0320664 0.0320664 2 5 3
0.0199637 0.0320598 0.0320598 2 5 3
0.0199704 0.0320533 0.0320533 2 5 3
0.0199772 0.0320468 0.0320468 2 5 3
0.0199839 0.0320403 0.0320403 2 5 3
0.0199906 0.0320337 0.0320337 2 5 3
0.0199974 0.0320272 0.0320272 2 5 3
0.0200041 0.0320207 0.0320207 2 5 3
0.0200108 0.0320143 0.0320143 2 5 3
0.0200175 0.0320078 0.0320078 2 5 3
0.0200242 0.0320013 0.0320013 2 5 3
0.0200309 0.0319948 0.0319948 2 5 3
0.0200376 0.0319884 0.0319884 2 5 3
0.0200443 0.0319819 0.0319819 2 5 3
0.020051 0.0319755 0.0319755 2 5 3
0.0200577 0.031969 0.031969 2 5 3
0.0200644 0.0319626 0.0319626 2 5 3
0.0200711 0.0319562 0.0319562 2 5 3
0.0200778 0.0319497 0.0319497 2 5 3
0.0200844 0.0319433 0.0319433 2 5 3
0.0200911 0.0319369 0.0319369 2 5 3
0.0200978 0.0319305 0.0319305 2 5 3
0.0201044 0.0319241 0.0319241 2 5 3
0.0201111 0.0319177 0.0319177 2 5 3
0.0201177 0.0319113 0.0319113 2 5 3
0.0201244 0.031905 0.031905 2 5 3
0.020131 0.0318986 0.0318986 2 5 3
0.0201377 0.0318922 0.0318922 2 5 3
0.0201443 0.0318859 0.0318859 2 5 3
0.0201509 0.0318795 0.0318795 2 5 3
0.0201575 0.0318732 0.0318732 2 5 3
0.0201642 0.0318668 0.0318668 2 5 3
0.0201708 0.0318605 0.0318605 2 5 3
0.0201774 0.0318542 0.0318542 2 5 3
0.020184 0.0318479 0.0318479 2 5 3
0.0201906 0.0318416 0.0318416 2 5 3
0.0201972 0.0318353 0.0318353 2 5 3
0.0202038 0.031829 0.031829 2 5 3
0.0202104 0.0318227 0.0318227 2 5 3
0.020217 0.0318164 0.0318164 2 5 3
0.0202236 0.0318101 0.0318101 2 5 3
0.0202301 0.0318038 0.0318038 2 5 3
0.0202367 0.0317976 0.0317976 2 5 3
0.0202433 0.0317913 0.0317913 2 5 3
0.0202498 0.0317851 0.0317851 2 5 3
0.0202564 0.0317788 0.0317788 2 5 3
0.0202629 0.0317726 0.0317726 2 5 3
0.0202695 0.0317664 0.0317664 2 5 3
0.020276 0.0317601 0.0317601 2 5 3
0.0202826 0.0317539 0.0317539 2 5 3
0.0202891 0.0317477 0.0317477 2 5 3
0.0202956 0.0317415 0.0317415 2 5 3
0.0203022 0.0317353 0.0317353 2 5 3
0.0203087 0.0317291 0.0317291 2 5 3
0.0203152 0.0317229 0.0317229 2 5 3
0.0203217 0.0317167 0.0317167 2 5 3
0.0203282 0.0317106 0.0317106 2 5 3
0.0203347 0.0317044 0.0317044 2 5 3
0.0203412 0.0316983 0.0316983 2 5 3
0.0203477 0.0316921 0.0316921 2 5 3
0.0203542 0.031686 0.031686 2 5 3
0.0203607 0.0316798 0.0316798 2 5 3
0.0203672 0.0316737 0.0316737 2 5 3
0.0203737 0.0316676 0.0316676 2 5 3
0.0203801 0.0316614 0.0316614 2 5 3
0.0203866 0.0316553 0.0316553 2 5 3
0.0203931 0.0316492 0.0316492 2 5 3
0.0203995 0.0316431 0.0316431 2 5 3
0.020406 0.031637 0.031637 2 5 3
0.0204124 0.0316309 0.0316309 2 5 3
0.0204189 0.0316249 0.0316249 2 5 3
0.0204253 0.0316188 0.0316188 2 5 3
0.0204317 0.0316127 0.0316127 2 5 3
0.0204382 0.0316067 0.0316067 2 5 3
0.0204446 0.0316006 0.0316006 2 5 3
0.020451 0.0315945 0.0315945 2 5 3
0.0204574 0.0315885 0.0315885 2 5 3
0.0204638 0.0315825 0.0315825 2 5 3
0.0204702 0.0315764 0.0315764 2 5 3
0.0204766 0.0315704 0.0315704 2 5 3
0.020483 0.0315644 0.0315644 2 5 3
0.0204894 0.0315584 0.0315584 2 5 3
0.0204958 0.0315524 0.0315524 2 5 3
0.0205022 0.0315464 0.0315464 2 5 3
0.0205086 0.0315404 0.0315404 2 5 3
0.020515 0.0315344 0.0315344 2 5 3
0.0205213 0.0315284 0.0315284 2 5 3
0.0205277 0.0315225 0.0315225 2 5 3
0.0205341 0.0315165 0.0315165 2 5 3
0.0205404 0.0315105 0.0315105 2 5 3
0.0205468 0.0315046 0.0315046 2 5 3
0.0205531 0.0314986 0.0314986 2 5 3
0.0205595 0.0314927 0.0314927 2 5 3
0.0205658 0.0314868 0.0314868 2 5 3
0.0205721 0.0314808 0.0314808 2 5 3
0.0205785 0.0314749 0.0314749 2 5 3
0.0205848 0.031469 0.031469 2 5 3
0.0205911 0.0314631 0.0314631 2 5 3
0.0205974 0.0314572 0.0314572 2 5 3
0.0206037 0.0314513 0.0314513 2 5 3
0.02061 0.0314454 0.0314454 2 5 3
0.0206163 0.0314395 0.0314395 2 5 3
0.0206226 0.0314337 0.0314337 2 5 3
0.0206289 0.0314278 0.0314278 2 5 3
0.0206352 0.0314219 0.0314219 2 5 3
0.0206415 0.0314161 0.0314161 2 5 3
0.0206478 0.0314102 0.0314102 2 5 3
0.020654 0.0314044 0.0314044 2 5 3
0.0206603 0.0313985 0.0313985 2 5 3
0.0206666 0.0313927 0.0313927 2 5 3
0.0206728 0.0313869 0.0313869 2 5 3
0.0206791 0.0313811 0.0313811 2 5 3
0.0206853 0.0313753 0.0313753 2 5 3
0.0206916 0.0313694 0.0313694 2 5 3
0.0206978 0.0313636 0.0313636 2 5 3
0.020704 0.0313579 0.0313579 2 5 3
0.0207103 0.0313521 0.0313521 2 5 3
0.0207165 0.0313463 0.0313463 2 5 3
0.0207227 0.0313405 0.0313405 2 5 3
0.0207289 0.0313347 0.0313347 2 5 3
0.0207351 0.031329 0.031329 2 5 3
0.0207413 0.0313232 0.0313232 2 5 3
0.0207475 0.0313175 0.0313175 2 5 3
0.0207537 0.0313117 0.0313117 2 5 3
0.0207599 0.031306 0.031306 2 5 3
0.0207661 0.0313003 0.0313003 2 5 3
0.0207723 0.0312945 0.0312945 2 5 3
0.0207785 0.0312888 0.0312888 2 5 3
0.0207846 0.0312831 0.0312831 2 5 3
0.0207908 0.0312774 0.0312774 2 5 3
0.020797 0.0312717 0.0312717 2 5 3
0.0208031 0.031266 0.031266 2 5 3
0.0208093 0.0312603 0.0312603 2 5 3
0.0208154 0.0312546 0.0312546 2 5 3
0.0208216 0.0312489 0.0312489 2 5 3
0.0208277 0.0312433 0.0312433 2 5 3
0.0208338 0.0312376 0.0312376 2 5 3
0.02084 0.031232 0.031232 2 5 3
0.0208461 0.0312263 0.0312263 2 5 3
0.0208522 0.0312207 0.0312207 2 5 3
0.0208583 0.031215 0.031215 2 5 3
0.0208644 0.0312094 0.0312094 2 5 3
0.0208705 0.0312038 0.0312038 2 5 3
0.0208766 0.0311981 0.0311981 2 5 3
0.0208827 0.0311925 0.0311925 2 5 3
0.0208888 0.0311869 0.0311869 2 5 3
0.0208949 0.0311813 0.0311813 2 5 3
0.020901 0.0311757 0.0311757 2 5 3
0.0209071 0.0311701 0.0311701 2 5 3
0.0209131 0.0311646 0.0311646 2 5 3
0.0209192 0.031159 0.031159 2 5 3
0.0209253 0.0311534 0.0311534 2 5 3
0.0209313 0.0311478 0.0311478 2 5 3
0.0209374 0.0311423 0.0311423 2 5 3
0.0209434 0.0311367 0.0311367 2 5 3
0.0209495 0.0311312 0.0311312 2 5 3
0.0209555 0.0311256 0.0311256 2 5 3
0.0209615 0.0311201 0.0311201 2 5 3
0.0209676 0.0311146 0.0311146 2 5 3
0.0209736 0.031109 0.031109 2 5 3
0.0209796 0.0311035 0.0311035 2 5 3
0.0209856 0.031098 0.031098 2 5 3
0.0209916 0.0310925 0.0310925 2 5 3
0.0209976 0.031087 0.031087 2 5 3
0.0210036 0.0310815 0.0310815 2 5 3
0.0210096 0.031076 0.031076 2 5 3
0.0210156 0.0310706 0.0310706 2 5 3
0.0210216 0.0310651 0.0310651 2 5 3
0.0210276 0.0310596 0.0310596 2 5 3
0.0210336 0.0310541 0.0310541 2 5 3
0.0210395 0.0310487 0.0310487 2 5 3
0.0210455 0.0310432 0.0310432 2 5 3
0.0210514 0.0310378 0.0310378 2 5 3
0.0210574 0.0310324 0.0310324 2 5 3
0.0210634 0.0310269 0.0310269 2 5 3
0.0210693 0.0310215 0.0310215 2 5 3
0.0210752 0.0310161 0.0310161 2 5 3
0.0210812 0.0310107 0.0310107 2 5 3
0.0210871 0.0310053 0.0310053 2 5 3
0.021093 0.0309998 0.0309998 2 5 3
0.021099 0.0309945 0.0309945 2 5 3
0.0211049 0.0309891 0.0309891 2 5 3
0.0211108 0.0309837 0.0309837 2 5 3
0.0211167 0.0309783 0.0309783 2 5 3
0.0211226 0.0309729 0.0309729 2 5 3
0.0211285 0.0309676 0.0309676 2 5 3
0.0211344 0.0309622 0.0309622 2 5 3
0.0211403 0.0309568 0.0309568 2 5 3
0.0211462 0.0309515 0.0309515 2 5 3
0.021152 0.0309461 0.0309461 2 5 3
0.0211579 0.0309408 0.0309408 2 5 3
0.0211638 0.0309355 0.0309355 2 5 3
0.0211696 0.0309301 0.0309301 2 5 3
0.0211755 0.0309248 0.0309248 2 5 3
0.0211814 0.0309195 0.0309195 2 5 3
0.0211872 0.0309142 0.0309142 2 5 3
0.021193 0.0309089 0.0309089 2 5 3
0.0211989 0.0309036 0.0309036 2 5 3
0.0212047 0.0308983 0.0308983 2 5 3
0.0212106 0.030893 0.030893 2 5 3
0.0212164 0.0308877 0.0308877 2 5 3
0.0212222 0.0308825 0.0308825 2 5 3
0.021228 0.0308772 0.0308772 2 5 3
0.0212338 0.0308719 0.0308719 2 5 3
0.0212396 0.0308667 0.0308667 2 5 3
0.0212454 0.0308614 0.0308614 2 5 3
0.0212512 0.0308562 0.0308562 2 5 3
0.021257 0.030851 0.030851 2 5 3
0.0212628 0.0308457 0.0308457 2 5 3
0.0212686 0.0308405 0.0308405 2 5 3
0.0212744 0.0308353 0.0308353 2 5 3
0.0212801 0.0308301 0.0308301 2 5 3
0.0212859 0.0308248 0.0308248 2 5 3
0.0212917 0.0308196 0.0308196 2 5 3
0.0212974 0.0308144 0.0308144 2 5 3
0.0213032 0.0308092 0.0308092 2 5 3
0.0213089 0.0308041 0.0308041 2 5 3
0.0213147 0.0307989 0.0307989 2 5 3
0.0213204 0.0307937 0.0307937 2 5 3
0.0213261 0.0307885 0.0307885 2 5 3
0.0213319 0.0307834 0.0307834 2 5 3
0.0213376 0.0307782 0.0307782 2 5 3
0.0213433 0.0307731 0.0307731 2 5 3
0.021349 0.0307679 0.0307679 2 5 3
0.0213547 0.0307628 0.0307628 2 5 3
0.0213604 0.0307576 0.0307576 2 5 3
0.0213661 0.0307525 0.0307525 2 5 3
0.0213718 0.0307474 0.0307474 2 5 3
0.0213775 0.0307423 0.0307423 2 5 3
0.0213832 0.0307371 0.0307371 2 5 3
0.0213889 0.030732 0.030732 2 5 3
0.0213946 0.0307269 0.0307269 2 5 3
0.0214002 0.0307218 0.0307218 2 5 3
0.0214059 0.0307167 0.0307167 2 5 3
0.0214116 0.0307117 0.0307117 2 5 3
0.0214172 0.0307066 0.0307066 2 5 3
0.0214229 0.0307015 0.0307015 2 5 3
0.0214285 0.0306964 0.0306964 2 5 3
0.0214342 0.0306914 0.0306914 2 5 3
0.0214398 0.0306863 0.0306863 2 5 3
0.0214454 0.0306813 0.0306813 2 5 3
0.0214511 0.0306762 0.0306762 2 5 3
0.0214567 0.0306712 0.0306712 2 5 3
0.0214623 0.0306662 0.0306662 2 5 3
0.0214679 0.0306611 0.0306611 2 5 3
0.0214735 0.0306561 0.0306561 2 5 3
0.0214791 0.0306511 0.0306511 2 5 3
0.0214847 0.0306461 0.0306461 2 5 3
0.0214903 0.0306411 0.0306411 2 5 3
0.0214959 0.0306361 0.0306361 2 5 3
0.0215015 0.0306311 0.0306311 2 5 3
0.0215071 0.0306261 0.0306261 2 5 3
0.0215126 0.0306211 0.0306211 2 5 3
0.0215182 0.0306161 0.0306161 2 5 3
0.0215238 0.0306111 0.0306111 2 5 3
0.0215293 0.0306062 0.0306062 2 5 3
0.0215349 0.0306012 0.0306012 2 5 3
0.0215404 0.0305963 0.0305963 2 5 3
0.021546 0.0305913 0.0305913 2 5 3
0.0215515 0.0305864 0.0305864 2 5 3
0.0215571 0.0305814 0.0305814 2 5 3
0.0215626 0.0305765 0.0305765 2 5 3
0.0215681 0.0305716 0.0305716 2 5 3
0.0215736 0.0305666 0.0305666 2 5 3
0.0215792 0.0305617 0.0305617 2 5 3
0.0215847 0.0305568 0.0305568 2 5 3
0.0215902 0.0305519 0.0305519 2 5 3
0.0215957 0.030547 0.030547 2 5 3
0.0216012 0.0305421 0.0305421 2 5 3
0.0216067 0.0305372 0.0305372 2 5 3
0.0216122 0.0305323 0.0305323 2 5 3
0.0216176 0.0305274 0.0305274 2 5 3
0.0216231 0.0305226 0.0305226 2 5 3
0.0216286 0.0305177 0.0305177 2 5 3
0.0216341 0.0305128 0.0305128 2 5 3
0.0216395 0.030508 0.030508 2 5 3
0.021645 0.0305031 0.0305031 2 5 3
0.0216504 0.0304983 0.0304983 2 5 3
0.0216559 0.0304934 0.0304934 2 5 3
0.0216613 0.0304886 0.0304886 2 5 3
0.0216668 0.0304838 0.0304838 2 5 3
0.0216722 0.0304789 0.0304789 2 5 3
0.0216776 0.0304741 0.0304741 2 5 3
0.0216831 0.0304693 0.0304693 2 5 3
0.0216885 0.0304645 0.0304645 2 5 3
0.0216939 0.0304597 0.0304597 2 5 3
0.0216993 0.0304549 0.0304549 2 5 3
0.0217047 0.0304501 0.0304501 2 5 3
0.0217101 0.0304453 0.0304453 2 5 3
0.0217155 0.0304405 0.0304405 2 5 3
0.0217209 0.0304357 0.0304357 2 5 3
0.0217263 0.030431 0.030431 2 5 3
0.0217317 0.0304262 0.0304262 2 5 3
0.0217371 0.0304214 0.0304214 2 5 3
0.0217424 0.0304167 0.0304167 2 5 3
0.0217478 0.0304119 0.0304119 2 5 3
0.0217532 0.0304072 0.0304072 2 5 3
0.0217585 0.0304024 0.0304024 2 5 3
0.0217639 0.0303977 0.0303977 2 5 3
0.0217692 0.030393 0.030393 2 5 3
0.0217746 0.0303883 0.0303883 2 5 3
0.0217799 0.0303835 0.0303835 2 5 3
0.0217853 0.0303788 0.0303788 2 5 3
0.0217906 0.0303741 0.0303741 2 5 3
0.0217959 0.0303694 0.0303694 2 5 3
0.0218012 0.0303647 0.0303647 2 5 3
0.0218066 0.03036 0.03036 2 5 3
0.0218119 0.0303553 0.0303553 2 5 3
0.0218172 0.0303506 0.0303506 2 5 3
0.0218225 0.030346 0.030346 2 5 3
0.0218278 0.0303413 0.0303413 2 5 3
0.0218331 0.0303366 0.0303366 2 5 3
0.0218384 0.030332 0.030332 2 5 3
0.0218437 0.0303273 0.0303273 2 5 3
0.0218489 0.0303227 0.0303227 2 5 3
0.0218542 0.030318 0.030318 2 5 3
0.0218595 0.0303134 0.0303134 2 5 3
0.0218647 0.0303087 0.0303087 2 5 3
0.02187 0.0303041 0.0303041 2 5 3
0.0218753 0.0302995 0.0302995 2 5 3
0.0218805 0.0302948 0.0302948 2 5 3
0.0218858 0.0302902 0.0302902 2 5 3
0.021891 0.0302856 0.0302856 2 5 3
0.0218962 0.030281 0.030281 2 5 3
0.0219015 0.0302764 0.0302764 2 5 3
0.0219067 0.0302718 0.0302718 2 5 3
0.0219119 0.0302672 0.0302672 2 5 3
0.0219171 0.0302626 0.0302626 2 5 3
0.0219224 0.0302581 0.0302581 2 5 3
0.0219276 0.0302535 0.0302535 2 5 3
0.0219328 0.0302489 0.0302489 2 5 3
0.021938 0.0302444 0.0302444 2 5 3
0.0219432 0.0302398 0.0302398 2 5 3
0.0219484 0.0302352 0.0302352 2 5 3
0.0219535 0.0302307 0.0302307 2 5 3
0.0219587 0.0302261 0.0302261 2 5 3
0.0219639 0.0302216 0.0302216 2 5 3
0.0219691 0.0302171 0.0302171 2 5 3
0.0219742 0.0302125 0.0302125 2 5 3
0.0219794 0.030208 0.030208 2 5 3
0.0219846 0.0302035 0.0302035 2 5 3
0.0219897 0.030199 0.030199 2 5 3
0.0219949 0.0301945 0.0301945 2 5 3
0.022 0.03019 0.03019 2 5 3
0.0220051 0.0301855 0.0301855 2 5 3
0.0220103 0.030181 0.030181 2 5 3
0.0220154 0.0301765 0.0301765 2 5 3
0.0220205 0.030172 0.030172 2 5 3
0.0220257 0.0301675 0.0301675 2 5 3
0.0220308 0.0301631 0.0301631 2 5 3
0.0220359 0.0301586 0.0301586 2 5 3
0.022041 0.0301541 0.0301541 2 5 3
0.0220461 0.0301497 0.0301497 2 5 3
0.0220512 0.0301452 0.0301452 2 5 3
0.0220563 0.0301408 0.0301408 2 5 3
0.0220614 0.0301363 0.0301363 2 5 3
0.0220665 0.0301319 0.0301319 2 5 3
0.0220715 0.0301274 0.0301274 2 5 3
0.0220766 0.030123 0.030123 2 5 3
0.0220817 0.0301186 0.0301186 2 5 3
0.0220868 0.0301142 0.0301142 2 5 3
0.0220918 0.0301098 0.0301098 2 5 3
0.0220969 0.0301053 0.0301053 2 5 3
0.0221019 0.0301009 0.0301009 2 5 3
0.022107 0.0300965 0.0300965 2 5 3
0.022112 0.0300921 0.0300921 2 5 3
0.0221171 0.0300878 0.0300878 2 5 3
0.0221221 0.0300834 0.0300834 2 5 3
0.0221271 0.030079 0.030079 2 5 3
0.0221321 0.0300746 0.0300746 2 5 3
0.0221372 0.0300702 0.0300702 2 5 3
0.0221422 0.0300659 0.0300659 2 5 3
0.0221472 0.0300615 0.0300615 2 5 3
0.0221522 0.0300572 0.0300572 2 5 3
0.0221572 0.0300528 0.0300528 2 5 3
0.0221622 0.0300485 0.0300485 2 5 3
0.0221672 0.0300441 0.0300441 2 5 3
0.0221722 0.0300398 0.0300398 2 5 3
0.0221772 0.0300355 0.0300355 2 5 3
0.0221821 0.0300311 0.0300311 2 5 3
0.0221871 0.0300268 0.0300268 2 5 3
0.0221921 0.0300225 0.0300225 2 5 3
0.0221971 0.0300182 0.0300182 2 5 3
0.022202 0.0300139 0.0300139 2 5 3
0.022207 0.0300096 0.0300096 2 5 3
0.0222119 0.0300053 0.0300053 2 5 3
0.0222169 0.030001 0.030001 2 5 3
0.0222218 0.0299967 0.0299967 2 5 3
0.0222267 0.0299924 0.0299924 2 5 3
0.0222317 0.0299881 0.0299881 2 5 3
0.0222366 0.0299839 0.0299839 2 5 3
0.0222415 0.0299796 0.0299796 2 5 3
0.0222465 0.0299753 0.0299753 2 5 3
0.0222514 0.0299711 0.0299711 2 5 3
0.0222563 0.0299668 0.0299668 2 5 3
0.0222612 0.0299626 0.0299626 2 5 3
0.0222661 0.0299583 0.0299583 2 5 3
0.022271 0.0299541 0.0299541 2 5 3
0.0222759 0.0299498 0.0299498 2 5 3
0.0222808 0.0299456 0.0299456 2 5 3
0.0222857 0.0299414 0.0299414 2 5 3
0.0222905 0.0299372 0.0299372 2 5 3
0.0222954 0.0299329 0.0299329 2 5 3
0.0223003 0.0299287 0.0299287 2 5 3
0.0223052 0.0299245 0.0299245 2 5 3
0.02231 0.0299203 0.0299203 2 5 3
0.0223149 0.0299161 0.0299161 2 5 3
0.0223197 0.0299119 0.0299119 2 5 3
0.0223246 0.0299077 0.0299077 2 5 3
0.0223294 0.0299035 0.0299035 2 5 3
0.0223343 0.0298994 0.0298994 2 5 3
0.0223391 0.0298952 0.0298952 2 5 3
0.0223439 0.029891 0.029891 2 5 3
0.0223488 0.0298869 0.0298869 2 5 3
0.0223536 0.0298827 0.0298827 2 5 3
0.0223584 0.0298785 0.0298785 2 5 3
0.0223632 0.0298744 0.0298744 2 5 3
0.022368 0.0298702 0.0298702 2 5 3
0.0223728 0.0298661 0.0298661 2 5 3
0.0223776 0.029862 0.029862 2 5 3
0.0223824 0.0298578 0.0298578 2 5 3
0.0223872 0.0298537 0.0298537 2 5 3
0.022392 0.0298496 0.0298496 2 5 3
0.0223968 0.0298455 0.0298455 2 5 3
0.0224015 0.0298413 0.0298413 2 5 3
0.0224063 0.0298372 0.0298372 2 5 3
0.0224111 0.0298331 0.0298331 2 5 3
0.0224159 0.029829 0.029829 2 5 3
0.0224206 0.0298249 0.0298249 2 5 3
0.0224254 0.0298208 0.0298208 2 5 3
0.0224301 0.0298167 0.0298167 2 5 3
0.0224349 0.0298127 0.0298127 2 5 3
0.0224396 0.0298086 0.0298086 2 5 3
0.0224443 0.0298045 0.0298045 2 5 3
0.0224491 0.0298004 0.0298004 2 5 3
0.0224538 0.0297964 0.0297964 2 5 3
0.0224585 0.0297923 0.0297923 2 5 3
0.0224633 0.0297883 0.0297883 2 5 3
0.022468 0.0297842 0.0297842 2 5 3
0.0224727 0.0297802 0.0297802 2 5 3
0.0224774 0.0297761 0.0297761 2 5 3
0.0224821 0.0297721 0.0297721 2 5 3
0.0224868 0.029768 0.029768 2 5 3
0.0224915 0.029764 0.029764 2 5 3
0.0224962 0.02976 0.02976 2 5 3
0.0225009 0.029756 0.029756 2 5 3
0.0225055 0.0297519 0.0297519 2 5 3
0.0225102 0.0297479 0.0297479 2 5 3
0.0225149 0.0297439 0.0297439 2 5 3
0.0225196 0.0297399 0.0297399 2 5 3
0.0225242 0.0297359 0.0297359 2 5 3
0.0225289 0.0297319 0.0297319 2 5 3
0.0225335 0.0297279 0.0297279 2 5 3
0.0225382 0.029724 0.029724 2 5 3
0.0225428 0.02972 0.02972 2 5 3
0.0225475 0.029716 0.029716 2 5 3
0.0225521 0.029712 0.029712 2 5 3
0.0225568 0.0297081 0.0297081 2 5 3
0.0225614 0.0297041 0.0297041 2 5 3
0.022566 0.0297001 0.0297001 2 5 3
0.0225706 0.0296962 0.0296962 2 5 3
0.0225752 0.0296922 0.0296922 2 5 3
0.0225799 0.0296883 0.0296883 2 5 3
0.0225845 0.0296844 0.0296844 2 5 3
0.0225891 0.0296804 0.0296804 2 5 3
0.0225937 0.0296765 0.0296765 2 5 3
0.0225983 0.0296726 0.0296726 2 5 3
0.0226029 0.0296686 0.0296686 2 5 3
0.0226074 0.0296647 0.0296647 2 5 3
0.022612 0.0296608 0.0296608 2 5 3
0.0226166 0.0296569 0.0296569 2 5 3
0.0226212 0.029653 0.029653 2 5 3
0.0226257 0.0296491 0.0296491 2 5 3
0.0226303 0.0296452 0.0296452 2 5 3
0.0226349 0.0296413 0.0296413 2 5 3
0.0226394 0.0296374 0.0296374 2 5 3
0.022644 0.0296335 0.0296335 2 5 3
0.0226485 0.0296296 0.0296296 2 5 3
0.0226531 0.0296258 0.0296258 2 5 3
0.0226576 0.0296219 0.0296219 2 5 3
0.0226621 0.029618 0.029618 2 5 3
0.0226667 0.0296142 0.0296142 2 5 3
0.0226712 0.0296103 0.0296103 2 5 3
0.0226757 0.0296065 0.0296065 2 5 3
0.0226802 0.0296026 0.0296026 2 5 3
0.0226848 0.0295988 0.0295988 2 5 3
0.0226893 0.0295949 0.0295949 2 5 3
0.0226938 0.0295911 0.0295911 2 5 3
0.0226983 0.0295872 0.0295872 2 5 3
0.0227028 0.0295834 0.0295834 2 5 3
0.0227073 0.0295796 0.0295796 2 5 3
0.0227118 0.0295758 0.0295758 2 5 3
0.0227162 0.029572 0.029572 2 5 3
0.0227207 0.0295681 0.0295681 2 5 3
0.0227252 0.0295643 0.0295643 2 5 3
0.0227297 0.0295605 0.0295605 2 5 3
0.0227341 0.0295567 0.0295567 2 5 3
0.0227386 0.0295529 0.0295529 2 5 3
0.0227431 0.0295491 0.0295491 2 5 3
0.0227475 0.0295454 0.0295454 2 5 3
0.022752 0.0295416 0.0295416 2 5 3
0.0227564 0.0295378 0.0295378 2 5 3
0.0227609 0.029534 0.029534 2 5 3
0.0227653 0.0295303 0.0295303 2 5 3
0.0227697 0.0295265 0.0295265 2 5 3
0.0227742 0.0295227 0.0295227 2 5 3
0.0227786 0.029519 0.029519 2 5 3
0.022783 0.0295152 0.0295152 2 5 3
0.0227874 0.0295115 0.0295115 2 5 3
0.0227918 0.0295077 0.0295077 2 5 3
0.0227963 0.029504 0.029504 2 5 3
0.0228007 0.0295002 0.0295002 2 5 3
0.0228051 0.0294965 0.0294965 2 5 3
0.0228095 0.0294928 0.0294928 2 5 3
0.0228138 0.0294891 0.0294891 2 5 3
0.0228182 0.0294853 0.0294853 2 5 3
0.0228226 0.0294816 0.0294816 2 5 3
0.022827 0.0294779 0.0294779 2 5 3
0.0228314 0.0294742 0.0294742 2 5 3
0.0228358 0.0294705 0.0294705 2 5 3
0.0228401 0.0294668 0.0294668 2 5 3
0.0228445 0.0294631 0.0294631 2 5 3
0.0228488 0.0294594 0.0294594 2 5 3
0.0228532 0.0294557 0.0294557 2 5 3
0.0228576 0.029452 0.029452 2 5 3
0.0228619 0.0294484 0.0294484 2 5 3
0.0228662 0.0294447 0.0294447 2 5 3
0.0228706 0.029441 0.029441 2 5 3
0.0228749 0.0294373 0.0294373 2 5 3
0.0228793 0.0294337 0.0294337 2 5 3
0.0228836 0.02943 0.02943 2 5 3
0.0228879 0.0294264 0.0294264 2 5 3
0.0228922 0.0294227 0.0294227 2 5 3
0.0228965 0.0294191 0.0294191 2 5 3
0.0229009 0.0294154 0.0294154 2 5 3
0.0229052 0.0294118 0.0294118 2 5 3
0.0229095 0.0294082 0.0294082 2 5 3
0.0229138 0.0294045 0.0294045 2 5 3
0.0229181 0.0294009 0.0294009 2 5 3
0.0229223 0.0293973 0.0293973 2 5 3
0.0229266 0.0293937 0.0293937 2 5 3
0.0229309 0.02939 0.02939 2 5 3
0.0229352 0.0293864 0.0293864 2 5 3
0.0229395 0.0293828 0.0293828 2 5 3
0.0229437 0.0293792 0.0293792 2 5 3
0.022948 0.0293756 0.0293756 2 5 3
0.0229523 0.029372 0.029372 2 5 3
0.0229565 0.0293684 0.0293684 2 5 3
0.0229608 0.0293648 0.0293648 2 5 3
0.022965 0.0293613 0.0293613 2 5 3
0.0229693 0.0293577 0.0293577 2 5 3
0.0229735 0.0293541 0.0293541 2 5 3
0.0229778 0.0293505 0.0293505 2 5 3
0.022982 0.029347 0.029347 2 5 3
0.0229862 0.0293434 0.0293434 2 5 3
0.0229905 0.0293398 0.0293398 2 5 3
0.0229947 0.0293363 0.0293363 2 5 3
0.0229989 0.0293327 0.0293327 2 5 3
0.0230031 0.0293292 0.0293292 2 5 3
0.0230073 0.0293256 0.0293256 2 5 3
0.0230115 0.0293221 0.0293221 2 5 3
0.0230157 0.0293186 0.0293186 2 5 3
0.0230199 0.029315 0.029315 2 5 3
0.0230241 0.0293115 0.0293115 2 5 3
0.0230283 0.029308 0.029308 2 5 3
0.0230325 0.0293045 0.0293045 2 5 3
0.0230367 0.0293009 0.0293009 2 5 3
0.0230409 0.0292974 0.0292974 2 5 3
0.0230451 0.0292939 0.0292939 2 5 3
0.0230492 0.0292904 0.0292904 2 5 3
0.0230534 0.0292869 0.0292869 2 5 3
0.0230576 0.0292834 0.0292834 2 5 3
0.0230617 0.0292799 0.0292799 2 5 3
0.0230659 0.0292764 0.0292764 2 5 3
0.02307 0.0292729 0.0292729 2 5 3
0.0230742 0.0292695 0.0292695 2 5 3
0.0230783 0.029266 0.029266 2 5 3
0.0230825 0.0292625 0.0292625 2 5 3
0.0230866 0.029259 0.029259 2 5 3
0.0230907 0.0292556 0.0292556 2 5 3
0.0230948 0.0292521 0.0292521 2 5 3
0.023099 0.0292486 0.0292486 2 5 3
0.0231031 0.0292452 0.0292452 2 5 3
0.0231072 0.0292417 0.0292417 2 5 3
0.0231113 0.0292383 0.0292383 2 5 3
0.0231154 0.0292348 0.0292348 2 5 3
0.0231195 0.0292314 0.0292314 2 5 3
0.0231236 0.029228 0.029228 2 5 3
0.0231277 0.0292245 0.0292245 2 5 3
0.0231318 0.0292211 0.0292211 2 5 3
0.0231359 0.0292177 0.0292177 2 5 3
0.02314 0.0292142 0.0292142 2 5 3
0.0231441 0.0292108 0.0292108 2 5 3
0.0231482 0.0292074 0.0292074 2 5 3
0.0231522 0.029204 0.029204 2 5 3
0.0231563 0.0292006 0.0292006 2 5 3
0.0231604 0.0291972 0.0291972 2 5 3
0.0231644 0.0291938 0.0291938 2 5 3
0.0231685 0.0291904 0.0291904 2 5 3
0.0231726 0.029187 0.029187 2 5 3
0.0231766 0.0291836 0.0291836 2 5 3
0.0231806 0.0291802 0.0291802 2 5 3
0.0231847 0.0291768 0.0291768 2 5 3
0.0231887 0.0291735 0.0291735 2 5 3
0.0231928 0.0291701 0.0291701 2 5 3
0.0231968 0.0291667 0.0291667 2 5 3
0.0232008 0.0291634 0.0291634 2 5 3
0.0232049 0.02916 0.02916 2 5 3
0.0232089 0.0291566 0.0291566 2 5 3
0.0232129 0.0291533 0.0291533 2 5 3
0.0232169 0.0291499 0.0291499 2 5 3
0.0232209 0.0291466 0.0291466 2 5 3
0.0232249 0.0291432 0.0291432 2 5 3
0.0232289 0.0291399 0.0291399 2 5 3
0.0232329 0.0291366 0.0291366 2 5 3
0.0232369 0.0291332 0.0291332 2 5 3
0.0232409 0.0291299 0.0291299 2 5 3
0.0232449 0.0291266 0.0291266 2 5 3
0.0232489 0.0291232 0.0291232 2 5 3
0.0232528 0.0291199 0.0291199 2 5 3
0.0232568 0.0291166 0.0291166 2 5 3
0.0232608 0.0291133 0.0291133 2 5 3
0.0232648 0.02911 0.02911 2 5 3
0.0232687 0.0291067 0.0291067 2 5 3
0.0232727 0.0291034 0.0291034 2 5 3
0.0232766 0.0291001 0.0291001 2 5 3
0.0232806 0.0290968 0.0290968 2 5 3
0.0232845 0.0290935 0.0290935 2 5 3
0.0232885 0.0290902 0.0290902 2 5 3
0.0232924 0.0290869 0.0290869 2 5 3
0.0232964 0.0290836 0.0290836 2 5 3
0.0233003 0.0290804 0.0290804 2 5 3
0.0233042 0.0290771 0.0290771 2 5 3
0.0233082 0.0290738 0.0290738 2 5 3
0.0233121 0.0290706 0.0290706 2 5 3
0.023316 0.0290673 0.0290673 2 5 3
0.0233199 0.029064 0.029064 2 5 3
0.0233238 0.0290608 0.0290608 2 5 3
0.0233277 0.0290575 0.0290575 2 5 3
0.0233316 0.0290543 0.0290543 2 5 3
0.0233355 0.029051 0.029051 2 5 3
0.0233394 0.0290478 0.0290478 2 5 3
0.0233433 0.0290446 0.0290446 2 5 3
0.0233472 0.0290413 0.0290413 2 5 3
0.0233511 0.0290381 0.0290381 2 5 3
0.023355 0.0290349 0.0290349 2 5 3
0.0233589 0.0290316 0.0290316 2 5 3
0.0233627 0.0290284 0.0290284 2 5 3
0.0233666 0.0290252 0.0290252 2 5 3
0.0233705 0.029022 0.029022 2 5 3
0.0233743 0.0290188 0.0290188 2 5 3
0.0233782 0.0290156 0.0290156 2 5 3
0.0233821 0.0290124 0.0290124 2 5 3
0.0233859 0.0290092 0.0290092 2 5 3
0.0233898 0.029006 0.029006 2 5 3
0.0233936 0.0290028 0.0290028 2 5 3
0.0233974 0.0289996 0.0289996 2 5 3
0.0234013 0.0289964 0.0289964 2 5 3
0.0234051 0.0289932 0.0289932 2 5 3
0.023409 0.0289901 0.0289901 2 5 3
0.0234128 0.0289869 0.0289869 2 5 3
0.0234166 0.0289837 0.0289837 2 5 3
0.0234204 0.0289805 0.0289805 2 5 3
0.0234242 0.0289774 0.0289774 2 5 3
0.0234281 0.0289742 0.0289742 2 5 3
0.0234319 0.0289711 0.0289711 2 5 3
0.0234357 0.0289679 0.0289679 2 5 3
0.0234395 0.0289648 0.0289648 2 5 3
0.0234433 0.0289616 0.0289616 2 5 3
0.0234471 0.0289585 0.0289585 2 5 3
0.0234509 0.0289553 0.0289553 2 5 3
0.0234546 0.0289522 0.0289522 2 5 3
0.0234584 0.0289491 0.0289491 2 5 3
0.0234622 0.0289459 0.0289459 2 5 3
0.023466 0.0289428 0.0289428 2 5 3
0.0234698 0.0289397 0.0289397 2 5 3
0.0234735 0.0289366 0.0289366 2 5 3
0.0234773 0.0289334 0.0289334 2 5 3
0.0234811 0.0289303 0.0289303 2 5 3
0.0234848 0.0289272 0.0289272 2 5 3
0.0234886 0.0289241 0.0289241 2 5 3
0.0234923 0.028921 0.028921 2 5 3
0.0234961 0.0289179 0.0289179 2 5 3
0.0234998 0.0289148 0.0289148 2 5 3
0.0235036 0.0289117 0.0289117 2 5 3
0.0235073 0.0289086 0.0289086 2 5 3
0.023511 0.0289055 0.0289055 2 5 3
0.0235148 0.0289025 0.0289025 2 5 3
0.0235185 0.0288994 0.0288994 2 5 3
0.0235222 0.0288963 0.0288963 2 5 3
0.0235259 0.0288932 0.0288932 2 5 3
0.0235296 0.0288901 0.0288901 2 5 3
0.0235334 0.0288871 0.0288871 2 5 3
0.0235371 0.028884 0.028884 2 5 3
0.0235408 0.028881 0.028881 2 5 3
0.0235445 0.0288779 0.0288779 2 5 3
0.0235482 0.0288748 0.0288748 2 5 3
0.0235519 0.0288718 0.0288718 2 5 3
0.0235556 0.0288687 0.0288687 2 5 3
0.0235593 0.0288657 0.0288657 2 5 3
0.0235629 0.0288627 0.0288627 2 5 3
0.0235666 0.0288596 0.0288596 2 5 3
0.0235703 0.0288566 0.0288566 2 5 3
0.023574 0.0288536 0.0288536 2 5 3
0.0235776 0.0288505 0.0288505 2 5 3
0.0235813 0.0288475 0.0288475 2 5 3
0.023585 0.0288445 0.0288445 2 5 3
0.0235886 0.0288415 0.0288415 2 5 3
0.0235923 0.0288385 0.0288385 2 5 3
0.0235959 0.0288354 0.0288354 2 5 3
0.0235996 0.0288324 0.0288324 2 5 3
0.0236032 0.0288294 0.0288294 2 5 3
0.0236069 0.0288264 0.0288264 2 5 3
0.0236105 0.0288234 0.0288234 2 5 3
0.0236142 0.0288204 0.0288204 2 5 3
0.0236178 0.0288174 0.0288174 2 5 3
0.0236214 0.0288145 0.0288145 2 5 3
0.0236251 0.0288115 0.0288115 2 5 3
0.0236287 0.0288085 0.0288085 2 5 3
0.0236323 0.0288055 0.0288055 2 5 3
0.0236359 0.0288025 0.0288025 2 5 3
0.0236395 0.0287996 0.0287996 2 5 3
0.0236431 0.0287966 0.0287966 2 5 3
0.0236467 0.0287936 0.0287936 2 5 3
0.0236503 0.0287907 0.0287907 2 5 3
0.0236539 0.0287877 0.0287877 2 5 3
0.0236575 0.0287847 0.0287847 2 5 3
0.0236611 0.0287818 0.0287818 2 5 3
0.0236647 0.0287788 0.0287788 2 5 3
0.0236683 0.0287759 0.0287759 2 5 3
0.0236719 0.0287729 0.0287729 2 5 3
0.0236755 0.02877 0.02877 2 5 3
0.023679 0.0287671 0.0287671 2 5 3
0.0236826 0.0287641 0.0287641 2 5 3
0.0236862 0.0287612 0.0287612 2 5 3
0.0236897 0.0287583 0.0287583 2 5 3
0.0236933 0.0287553 0.0287553 2 5 3
0.0236969 0.0287524 0.0287524 2 5 3
0.0237004 0.0287495 0.0287495 2 5 3
0.023704 0.0287466 0.0287466 2 5 3
0.0237075 0.0287437 0.0287437 2 5 3
0.0237111 0.0287408 0.0287408 2 5 3
0.0237146 0.0287378 0.0287378 2 5 3
0.0237181 0.0287349 0.0287349 2 5 3
0.0237217 0.028732 0.028732 2 5 3
0.0237252 0.0287291 0.0287291 2 5 3
0.0237287 0.0287263 0.0287263 2 5 3
0.0237323 0.0287234 0.0287234 2 5 3
0.0237358 0.0287205 0.0287205 2 5 3
0.0237393 0.0287176 0.0287176 2 5 3
0.0237428 0.0287147 0.0287147 2 5 3
0.0237463 0.0287118 0.0287118 2 5 3
0.0237498 0.0287089 0.0287089 2 5 3
0.0237533 0.0287061 0.0287061 2 5 3
0.0237568 0.0287032 0.0287032 2 5 3
0.0237603 0.0287003 0.0287003 2 5 3
0.0237638 0.0286975 0.0286975 2 5 3
0.0237673 0.0286946 0.0286946 2 5 3
0.0237708 0.0286918 0.0286918 2 5 3
0.0237743 0.0286889 0.0286889 2 5 3
0.0237778 0.028686 0.028686 2 5 3
0.0237813 0.0286832 0.0286832 2 5 3
0.0237847 0.0286804 0.0286804 2 5 3
0.0237882 0.0286775 0.0286775 2 5 3
0.0237917 0.0286747 0.0286747 2 5 3
0.0237951 0.0286718 0.0286718 2 5 3
0.0237986 0.028669 0.028669 2 5 3
0.0238021 0.0286662 0.0286662 2 5 3
0.0238055 0.0286633 0.0286633 2 5 3
0.023809 0.0286605 0.0286605 2 5 3
0.0238124 0.0286577 0.0286577 2 5 3
0.0238159 0.0286549 0.0286549 2 5 3
0.0238193 0.0286521 0.0286521 2 5 3
0.0238227 0.0286492 0.0286492 2 5 3
0.0238262 0.0286464 0.0286464 2 5 3
0.0238296 0.0286436 0.0286436 2 5 3
0.023833 0.0286408 0.0286408 2 5 3
0.0238365 0.028638 0.028638 2 5 3
0.0238399 0.0286352 0.0286352 2 5 3
0.0238433 0.0286324 0.0286324 2 5 3
0.0238467 0.0286296 0.0286296 2 5 3
0.0238501 0.0286268 0.0286268 2 5 3
0.0238536 0.0286241 0.0286241 2 5 3
0.023857 0.0286213 0.0286213 2 5 3
0.0238604 0.0286185 0.0286185 2 5 3
0.0238638 0.0286157 0.0286157 2 5 3
0.0238672 0.0286129 0.0286129 2 5 3
0.0238706 0.0286102 0.0286102 2 5 3
0.023874 0.0286074 0.0286074 2 5 3
0.0238773 0.0286046 0.0286046 2 5 3
0.0238807 0.0286019 0.0286019 2 5 3
0.0238841 0.0285991 0.0285991 2 5 3
0.0238875 0.0285964 0.0285964 2 5 3
0.0238909 0.0285936 0.0285936 2 5 3
0.0238942 0.0285909 0.0285909 2 5 3
0.0238976 0.0285881 0.0285881 2 5 3
0.023901 0.0285854 0.0285854 2 5 3
0.0239043 0.0285826 0.0285826 2 5 3
0.0239077 0.0285799 0.0285799 2 5 3
0.023911 0.0285771 0.0285771 2 5 3
0.0239144 0.0285744 0.0285744 2 5 3
0.0239177 0.0285717 0.0285717 2 5 3
0.0239211 0.028569 0.028569 2 5 3
0.0239244 0.0285662 0.0285662 2 5 3
0.0239278 0.0285635 0.0285635 2 5 3
0.0239311 0.0285608 0.0285608 2 5 3
0.0239344 0.0285581 0.0285581 2 5 3
0.0239378 0.0285554 0.0285554 2 5 3
0.0239411 0.0285526 0.0285526 2 5 3
0.0239444 0.0285499 0.0285499 2 5 3
0.0239477 0.0285472 0.0285472 2 5 3
0.0239511 0.0285445 0.0285445 2 5 3
0.0239544 0.0285418 0.0285418 2 5 3
0.0239577 0.0285391 0.0285391 2 5 3
