0.324759 0.02 0.02 2 4 3
0.324968 0.0195404 0.0195404 2 4 3
0.32517 0.0190789 0.0190789 2 4 3
0.325465 0.0183851 0.0183851 2 4 3
0.325887 0.0173397 0.0173397 2 4 3
0.326472 0.0157618 0.0157618 2 4 3
0.327234 0.0134048 0.0134048 2 4 3
0.327869 0.011028 0.011028 2 4 3
0.328376 0.00863525 0.00863525 2 4 3
0.328753 0.00623034 0.00623034 2 4 3
0.328999 0.00381726 0.00381726 2 4 3
0.329115 0.00140003 0.00140003 2 4 3
0.329101 -0.00101733 -0.00101733 2 4 3
0.328956 -0.00343076 -0.00343076 2 4 3
0.328682 -0.00583621 -0.00583621 2 4 3
0.328279 -0.00822964 -0.00822964 2 4 3
0.327748 -0.0106071 -0.0106071 2 4 3
0.327093 -0.0129645 -0.0129645 2 4 3
0.326313 -0.0152982 -0.0152982 2 4 3
0.325412 -0.0176042 -0.0176042 2 4 3
0.324393 -0.019879 -0.019879 2 4 3
0.323259 -0.0221189 -0.0221189 2 4 3
0.322012 -0.0243205 -0.0243205 2 4 3
0.320656 -0.0264807 -0.0264807 2 4 3
0.319196 -0.0285963 -0.0285963 2 4 3
0.317635 -0.0306644 -0.0306644 2 4 3
0.315977 -0.0326823 -0.0326823 2 4 3
0.314228 -0.0346476 -0.0346476 2 4 3
0.312392 -0.0365579 -0.0365579 2 4 3
0.310474 -0.0384112 -0.0384112 2 4 3
0.308478 -0.0402056 -0.0402056 2 4 3
0.30641 -0.0419397 -0.0419397 2 4 3
0.304276 -0.0436119 -0.0436119 2 4 3
0.30208 -0.0452213 -0.0452213 2 4 3
0.299828 -0.0467668 -0.0467668 2 4 3
0.297525 -0.0482479 -0.0482479 2 4 3
0.295176 -0.0496642 -0.0496642 2 4 3
0.292787 -0.0510153 -0.0510153 2 4 3
0.290363 -0.0523014 -0.0523014 2 4 3
0.287909 -0.0535227 -0.0535227 2 4 3
0.28543 -0.0546795 -0.0546795 2 4 3
0.28293 -0.0557725 -0.0557725 2 4 3
0.280415 -0.0568023 -0.0568023 2 4 3
0.277889 -0.05777 -0.05777 2 4 3
0.275356 -0.0586766 -0.0586766 2 4 3
0.272821 -0.0595233 -0.0595233 2 4 3
0.270288 -0.0603114 -0.0603114 2 4 3
0.26776 -0.0610424 -0.0610424 2 4 3
0.265241 -0.0617178 -0.0617178 2 4 3
0.262735 -0.0623391 -0.0623391 2 4 3
0.260244 -0.0629081 -0.0629081 2 4 3
0.257772 -0.0634265 -0.0634265 2 4 3
0.255322 -0.0638961 -0.0638961 2 4 3
0.252896 -0.0643187 -0.0643187 2 4 3
0.250497 -0.064696 -0.064696 2 4 3
0.248126 -0.0650301 -0.0650301 2 4 3
0.245786 -0.0653226 -0.0653226 2 4 3
0.243479 -0.0655755 -0.0655755 2 4 3
0.241206 -0.0657906 -0.0657906 2 4 3
0.238969 -0.0659697 -0.0659697 2 4 3
0.236769 -0.0661147 -0.0661147 2 4 3
0.234607 -0.0662272 -0.0662272 2 4 3
0.232485 -0.066309 -0.066309 2 4 3
0.230403 -0.0663618 -0.0663618 2 4 3
0.228362 -0.0663872 -0.0663872 2 4 3
0.226363 -0.066387 -0.066387 2 4 3
0.224406 -0.0663625 -0.0663625 2 4 3
0.222492 -0.0663154 -0.0663154 2 4 3
0.220621 -0.0662471 -0.0662471 2 4 3
0.218793 -0.066159 -0.066159 2 4 3
0.217009 -0.0660525 -0.0660525 2 4 3
0.215268 -0.0659288 -0.0659288 2 4 3
0.213571 -0.0657893 -0.0657893 2 4 3
0.211918 -0.0656351 -0.0656351 2 4 3
0.210309 -0.0654674 -0.0654674 2 4 3
0.208743 -0.0652874 -0.0652874 2 4 3
0.20722 -0.0650959 -0.0650959 2 4 3
0.205741 -0.0648941 -0.0648941 2 4 3
0.204305 -0.064683 -0.064683 2 4 3
0.202911 -0.0644633 -0.0644633 2 4 3
0.201561 -0.064236 -0.064236 2 4 3
0.200253 -0.0640019 -0.0640019 2 4 3
0.198987 -0.0637618 -0.0637618 2 4 3
0.197763 -0.0635165 -0.0635165 2 4 3
0.196581 -0.0632665 -0.0632665 2 4 3
0.19544 -0.0630126 -0.0630126 2 4 3
0.194341 -0.0627555 -0.0627555 2 4 3
0.193283 -0.0624956 -0.0624956 2 4 3
0.192266 -0.0622336 -0.0622336 2 4 3
0.191289 -0.06197 -0.06197 2 4 3
0.190353 -0.0617053 -0.0617053 2 4 3
0.189458 -0.06144 -0.06144 2 4 3
0.188603 -0.0611745 -0.0611745 2 4 3
0.187789 -0.0609092 -0.0609092 2 4 3
0.187015 -0.0606445 -0.0606445 2 4 3
0.186282 -0.0603807 -0.0603807 2 4 3
0.185589 -0.0601184 -0.0601184 2 4 3
0.184937 -0.0598576 -0.0598576 2 4 3
0.184326 -0.0595989 -0.0595989 2 4 3
0.183756 -0.0593424 -0.0593424 2 4 3
0.183228 -0.0590884 -0.0590884 2 4 3
0.182742 -0.0588373 -0.0588373 2 4 3
0.182299 -0.0585892 -0.0585892 2 4 3
0.181899 -0.0583443 -0.0583443 2 4 3
0.181542 -0.0581029 -0.0581029 2 4 3
0.181231 -0.0578652 -0.0578652 2 4 3
0.180965 -0.0576314 -0.0576314 2 4 3
0.180745 -0.0574016 -0.0574016 2 4 3
0.180574 -0.0571761 -0.0571761 2 4 3
0.180451 -0.0569549 -0.0569549 2 4 3
0.180379 -0.0567383 -0.0567383 2 4 3
0.180359 -0.0565264 -0.0565264 2 4 3
0.180393 -0.0563193 -0.0563193 2 4 3
0.180483 -0.0561172 -0.0561172 2 4 3
0.180632 -0.0559201 -0.0559201 2 4 3
0.180841 -0.0557283 -0.0557283 2 4 3
0.181115 -0.0555419 -0.0555419 2 4 3
0.181454 -0.0553609 -0.0553609 2 4 3
0.181864 -0.0551855 -0.0551855 2 4 3
0.182349 -0.0550158 -0.0550158 2 4 3
0.182911 -0.0548519 -0.0548519 2 4 3
0.183557 -0.0546939 -0.0546939 2 4 3
0.184291 -0.054542 -0.054542 2 4 3
0.18512 -0.0543963 -0.0543963 2 4 3
0.186049 -0.0542569 -0.0542569 2 4 3
0.187088 -0.054124 -0.054124 2 4 3
0.188243 -0.0539977 -0.0539977 2 4 3
0.189524 -0.0538781 -0.0538781 2 4 3
0.190943 -0.0537655 -0.0537655 2 4 3
0.19251 -0.0536601 -0.0536601 2 4 3
0.19424 -0.053562 -0.053562 2 4 3
0.196148 -0.0534715 -0.0534715 2 4 3
0.198251 -0.0533889 -0.0533889 2 4 3
0.20057 -0.0533145 -0.0533145 2 4 3
0.203129 -0.0532485 -0.0532485 2 4 3
0.205953 -0.0531914 -0.0531914 2 4 3
0.209073 -0.0531435 -0.0531435 2 4 3
0.212527 -0.0531052 -0.0531052 2 4 3
0.216356 -0.0530769 -0.0530769 2 4 3
0.22061 -0.053059 -0.053059 2 4 3
0.225347 -0.0530516 -0.0530516 2 4 3
0.230636 -0.0530551 -0.0530551 2 4 3
0.23656 -0.0530693 -0.0530693 2 4 3
0.243218 -0.0530939 -0.0530939 2 4 3
0.250728 -0.053128 -0.053128 2 4 3
0.259233 -0.0531701 -0.0531701 2 4 3
0.268908 -0.0532178 -0.0532178 2 4 3
0.279962 -0.0532671 -0.0532671 2 4 3
0.29265 -0.0533124 -0.0533124 2 4 3
0.307279 -0.053346 -0.053346 2 4 3
0.324217 -0.0533569 -0.0533569 2 4 3
0.343897 -0.053331 -0.053331 2 4 3
0.366814 -0.0532502 -0.0532502 2 4 3
0.39351 -0.0530926 -0.0530926 2 4 3
0.424537 -0.0528339 -0.0528339 2 4 3
0.460396 -0.052449 -0.052449 2 4 3
0.501458 -0.0519158 -0.0519158 2 4 3
0.501457 -0.0519158 -0.0519158 2 4 3
0.324759 0.02 0.02 2 4 3
0.324548 0.0204591 0.0204591 2 4 3
0.324329 0.0209163 0.0209163 2 4 3
0.323993 0.0216002 0.0216002 2 4 3
0.32347 0.0226206 0.0226206 2 4 3
0.322639 0.0241381 0.0241381 2 4 3
0.321311 0.0263558 0.0263558 2 4 3
0.319868 0.028534 0.028534 2 4 3
0.318313 0.03067 0.03067 2 4 3
0.316649 0.0327607 0.0327607 2 4 3
0.31488 0.0348035 0.0348035 2 4 3
0.31301 0.0367959 0.0367959 2 4 3
0.311041 0.0387354 0.0387354 2 4 3
0.308978 0.0406199 0.0406199 2 4 3
0.306825 0.0424474 0.0424474 2 4 3
0.304585 0.044216 0.044216 2 4 3
0.302264 0.0459239 0.0459239 2 4 3
0.299864 0.0475698 0.0475698 2 4 3
0.29739 0.0491522 0.0491522 2 4 3
0.294847 0.05067 0.05067 2 4 3
0.292238 0.0521222 0.0521222 2 4 3
0.289569 0.053508 0.053508 2 4 3
0.286842 0.0548267 0.0548267 2 4 3
0.284064 0.0560777 0.0560777 2 4 3
0.281238 0.0572608 0.0572608 2 4 3
0.278368 0.0583756 0.0583756 2 4 3
0.275458 0.0594223 0.0594223 2 4 3
0.272513 0.0604007 0.0604007 2 4 3
0.269537 0.0613113 0.0613113 2 4 3
0.266533 0.0621542 0.0621542 2 4 3
0.263507 0.06293 0.06293 2 4 3
0.260461 0.0636393 0.0636393 2 4 3
0.2574 0.0642828 0.0642828 2 4 3
0.254328 0.0648613 0.0648613 2 4 3
0.251247 0.0653758 0.0653758 2 4 3
0.248162 0.0658271 0.0658271 2 4 3
0.245076 0.0662166 0.0662166 2 4 3
0.241992 0.0665453 0.0665453 2 4 3
0.238913 0.0668145 0.0668145 2 4 3
0.235843 0.0670255 0.0670255 2 4 3
0.232785 0.0671799 0.0671799 2 4 3
0.229741 0.067279 0.067279 2 4 3
0.226714 0.0673243 0.0673243 2 4 3
0.223707 0.0673174 0.0673174 2 4 3
0.220722 0.0672601 0.0672601 2 4 3
0.217762 0.0671538 0.0671538 2 4 3
0.214828 0.0670002 0.0670002 2 4 3
0.211924 0.0668012 0.0668012 2 4 3
0.20905 0.0665584 0.0665584 2 4 3
0.206209 0.0662736 0.0662736 2 4 3
0.203403 0.0659485 0.0659485 2 4 3
0.200632 0.0655849 0.0655849 2 4 3
0.197899 0.0651845 0.0651845 2 4 3
0.195205 0.0647492 0.0647492 2 4 3
0.192552 0.0642807 0.0642807 2 4 3
0.189939 0.0637807 0.0637807 2 4 3
0.187369 0.063251 0.063251 2 4 3
0.184843 0.0626934 0.0626934 2 4 3
0.18236 0.0621094 0.0621094 2 4 3
0.179922 0.0615008 0.0615008 2 4 3
0.17753 0.0608692 0.0608692 2 4 3
0.175184 0.0602163 0.0602163 2 4 3
0.172884 0.0595437 0.0595437 2 4 3
0.170631 0.0588529 0.0588529 2 4 3
0.168424 0.0581453 0.0581453 2 4 3
0.166265 0.0574226 0.0574226 2 4 3
0.164153 0.0566862 0.0566862 2 4 3
0.162089 0.0559374 0.0559374 2 4 3
0.160071 0.0551776 0.0551776 2 4 3
0.158101 0.0544082 0.0544082 2 4 3
0.156177 0.0536304 0.0536304 2 4 3
0.154301 0.0528454 0.0528454 2 4 3
0.15247 0.0520544 0.0520544 2 4 3
0.150685 0.0512587 0.0512587 2 4 3
0.148946 0.0504591 0.0504591 2 4 3
0.147252 0.0496569 0.0496569 2 4 3
0.145603 0.048853 0.048853 2 4 3
0.143997 0.0480483 0.0480483 2 4 3
0.142435 0.0472438 0.0472438 2 4 3
0.140916 0.0464404 0.0464404 2 4 3
0.139439 0.0456388 0.0456388 2 4 3
0.138003 0.0448398 0.0448398 2 4 3
0.136609 0.0440441 0.0440441 2 4 3
0.135254 0.0432526 0.0432526 2 4 3
0.133939 0.0424657 0.0424657 2 4 3
0.132663 0.041684 0.041684 2 4 3
0.131424 0.0409083 0.0409083 2 4 3
0.130223 0.0401389 0.0401389 2 4 3
0.129058 0.0393765 0.0393765 2 4 3
0.127928 0.0386213 0.0386213 2 4 3
0.126833 0.0378739 0.0378739 2 4 3
0.125772 0.0371346 0.0371346 2 4 3
0.124745 0.0364038 0.0364038 2 4 3
0.123749 0.0356818 0.0356818 2 4 3
0.122785 0.0349689 0.0349689 2 4 3
0.121852 0.0342653 0.0342653 2 4 3
0.120949 0.0335713 0.0335713 2 4 3
0.120075 0.0328871 0.0328871 2 4 3
0.119229 0.0322129 0.0322129 2 4 3
0.118411 0.0315487 0.0315487 2 4 3
0.11762 0.0308948 0.0308948 2 4 3
0.116855 0.0302513 0.0302513 2 4 3
0.116115 0.0296182 0.0296182 2 4 3
0.1154 0.0289955 0.0289955 2 4 3
0.114709 0.0283835 0.0283835 2 4 3
0.11404 0.027782 0.027782 2 4 3
0.113395 0.0271911 0.0271911 2 4 3
0.112771 0.0266109 0.0266109 2 4 3
0.112169 0.0260412 0.0260412 2 4 3
0.111587 0.025482 0.025482 2 4 3
0.111024 0.0249334 0.0249334 2 4 3
0.110481 0.0243953 0.0243953 2 4 3
0.109957 0.0238676 0.0238676 2 4 3
0.109451 0.0233501 0.0233501 2 4 3
0.108962 0.022843 0.022843 2 4 3
0.10849 0.022346 0.022346 2 4 3
0.108034 0.021859 0.021859 2 4 3
0.107594 0.021382 0.021382 2 4 3
0.10717 0.0209149 0.0209149 2 4 3
0.10676 0.0204575 0.0204575 2 4 3
0.106364 0.0200097 0.0200097 2 4 3
0.105983 0.0195713 0.0195713 2 4 3
0.105614 0.0191423 0.0191423 2 4 3
0.105258 0.0187225 0.0187225 2 4 3
0.104915 0.0183118 0.0183118 2 4 3
0.104584 0.01791 0.01791 2 4 3
0.104264 0.017517 0.017517 2 4 3
0.103956 0.0171327 0.0171327 2 4 3
0.103658 0.0167568 0.0167568 2 4 3
0.103371 0.0163893 0.0163893 2 4 3
0.103093 0.01603 0.01603 2 4 3
0.102826 0.0156788 0.0156788 2 4 3
0.102568 0.0153354 0.0153354 2 4 3
0.102318 0.0149998 0.0149998 2 4 3
0.102078 0.0146718 0.0146718 2 4 3
0.101846 0.0143513 0.0143513 2 4 3
0.101622 0.0140381 0.0140381 2 4 3
0.101406 0.013732 0.013732 2 4 3
0.101197 0.013433 0.013433 2 4 3
0.100995 0.0131408 0.0131408 2 4 3
0.100801 0.0128554 0.0128554 2 4 3
0.100613 0.0125766 0.0125766 2 4 3
0.100432 0.0123042 0.0123042 2 4 3
0.100257 0.0120381 0.0120381 2 4 3
0.100088 0.0117781 0.0117781 2 4 3
0.0999254 0.0115243 0.0115243 2 4 3
0.099768 0.0112763 0.0112763 2 4 3
0.0996161 0.0110341 0.0110341 2 4 3
0.0994693 0.0107975 0.0107975 2 4 3
0.0993277 0.0105664 0.0105664 2 4 3
0.0991908 0.0103408 0.0103408 2 4 3
0.0990587 0.0101204 0.0101204 2 4 3
0.098931 0.00990509 0.00990509 2 4 3
0.0988077 0.00969485 0.00969485 2 4 3
0.0986886 0.00948952 0.00948952 2 4 3
0.0985736 0.00928898 0.00928898 2 4 3
0.0984624 0.00909312 0.00909312 2 4 3
0.098355 0.00890183 0.00890183 2 4 3
0.0982513 0.008715 0.008715 2 4 3
0.098151 0.00853253 0.00853253 2 4 3
0.0980541 0.0083543 0.0083543 2 4 3
0.0979604 0.00818023 0.00818023 2 4 3
0.0978699 0.00801021 0.00801021 2 4 3
0.0977824 0.00784414 0.00784414 2 4 3
0.0976978 0.00768193 0.00768193 2 4 3
0.0976161 0.00752348 0.00752348 2 4 3
0.097537 0.00736871 0.00736871 2 4 3
0.0974605 0.00721752 0.00721752 2 4 3
0.0973866 0.00706983 0.00706983 2 4 3
0.0973151 0.00692555 0.00692555 2 4 3
0.0972459 0.0067846 0.0067846 2 4 3
0.0971791 0.0066469 0.0066469 2 4 3
0.0971143 0.00651237 0.00651237 2 4 3
0.0970517 0.00638092 0.00638092 2 4 3
0.0969911 0.0062525 0.0062525 2 4 3
0.0969325 0.00612702 0.00612702 2 4 3
0.0968758 0.0060044 0.0060044 2 4 3
0.0968209 0.00588459 0.00588459 2 4 3
0.0967677 0.0057675 0.0057675 2 4 3
0.0967163 0.00565309 0.00565309 2 4 3
0.0966665 0.00554126 0.00554126 2 4 3
0.0966183 0.00543198 0.00543198 2 4 3
0.0965716 0.00532517 0.00532517 2 4 3
0.0965264 0.00522077 0.00522077 2 4 3
0.0964826 0.00511872 0.00511872 2 4 3
0.0964401 0.00501896 0.00501896 2 4 3
0.096399 0.00492145 0.00492145 2 4 3
0.0963592 0.00482612 0.00482612 2 4 3
0.0963206 0.00473293 0.00473293 2 4 3
0.0962833 0.00464181 0.00464181 2 4 3
0.096247 0.00455272 0.00455272 2 4 3
0.0962119 0.0044656 0.0044656 2 4 3
0.0961768 0.00437849 0.00437849 2 4 3
0.0961439 0.00429524 0.00429524 2 4 3
0.0961119 0.00421382 0.00421382 2 4 3
0.0960809 0.0041342 0.0041342 2 4 3
0.0960509 0.00405632 0.00405632 2 4 3
0.0960217 0.00398015 0.00398015 2 4 3
0.0959935 0.00390565 0.00390565 2 4 3
0.095966 0.00383277 0.00383277 2 4 3
0.0959394 0.00376147 0.00376147 2 4 3
0.0959136 0.00369172 0.00369172 2 4 3
0.0958886 0.00362348 0.00362348 2 4 3
0.0958643 0.00355671 0.00355671 2 4 3
0.0958407 0.00349138 0.00349138 2 4 3
0.0958178 0.00342745 0.00342745 2 4 3
0.0957955 0.0033649 0.0033649 2 4 3
0.0957739 0.00330368 0.00330368 2 4 3
0.095753 0.00324376 0.00324376 2 4 3
0.0957326 0.00318512 0.00318512 2 4 3
0.0957128 0.00312772 0.00312772 2 4 3
0.0956936 0.00307153 0.00307153 2 4 3
0.0956749 0.00301653 0.00301653 2 4 3
0.0956568 0.00296269 0.00296269 2 4 3
0.0956392 0.00290998 0.00290998 2 4 3
0.0956221 0.00285837 0.00285837 2 4 3
0.0956054 0.00280784 0.00280784 2 4 3
0.0955892 0.00275836 0.00275836 2 4 3
0.0955735 0.0027099 0.0027099 2 4 3
0.0955582 0.00266245 0.00266245 2 4 3
0.0955433 0.00261598 0.00261598 2 4 3
0.0955289 0.00257047 0.00257047 2 4 3
0.0955148 0.00252589 0.00252589 2 4 3
0.0955011 0.00248222 0.00248222 2 4 3
0.0954878 0.00243945 0.00243945 2 4 3
0.0954748 0.00239755 0.00239755 2 4 3
0.0954622 0.00235649 0.00235649 2 4 3
0.0954499 0.00231627 0.00231627 2 4 3
0.095438 0.00227687 0.00227687 2 4 3
0.0954263 0.00223825 0.00223825 2 4 3
0.095415 0.00220041 0.00220041 2 4 3
0.095404 0.00216333 0.00216333 2 4 3
0.0953932 0.00212699 0.00212699 2 4 3
0.0953828 0.00209138 0.00209138 2 4 3
0.0953726 0.00205647 0.00205647 2 4 3
0.0953626 0.00202226 0.00202226 2 4 3
0.095353 0.00198872 0.00198872 2 4 3
0.0953435 0.00195584 0.00195584 2 4 3
0.0953343 0.0019236 0.0019236 2 4 3
0.0953254 0.001892 0.001892 2 4 3
0.0953166 0.00186102 0.00186102 2 4 3
0.0953081 0.00183064 0.00183064 2 4 3
0.0952998 0.00180085 0.00180085 2 4 3
0.0952917 0.00177163 0.00177163 2 4 3
0.0952838 0.00174298 0.00174298 2 4 3
0.0952761 0.00171489 0.00171489 2 4 3
0.0952686 0.00168733 0.00168733 2 4 3
0.0952612 0.0016603 0.0016603 2 4 3
0.0952541 0.00163379 0.00163379 2 4 3
0.0952471 0.00160778 0.00160778 2 4 3
0.0952403 0.00158227 0.00158227 2 4 3
0.0952336 0.00155724 0.00155724 2 4 3
0.0952271 0.00153268 0.00153268 2 4 3
0.0952207 0.00150858 0.00150858 2 4 3
0.0952145 0.00148494 0.00148494 2 4 3
0.0952085 0.00146174 0.00146174 2 4 3
0.0952025 0.00143897 0.00143897 2 4 3
0.0951967 0.00141663 0.00141663 2 4 3
0.0951911 0.0013947 0.0013947 2 4 3
0.0951856 0.00137318 0.00137318 2 4 3
0.0951802 0.00135206 0.00135206 2 4 3
0.0951749 0.00133132 0.00133132 2 4 3
0.0951697 0.00131097 0.00131097 2 4 3
0.0951646 0.00129099 0.00129099 2 4 3
0.0951597 0.00127137 0.00127137 2 4 3
0.0951549 0.00125211 0.00125211 2 4 3
0.0951501 0.0012332 0.0012332 2 4 3
0.0951455 0.00121464 0.00121464 2 4 3
0.095141 0.00119641 0.00119641 2 4 3
0.0951365 0.0011785 0.0011785 2 4 3
0.0951322 0.00116092 0.00116092 2 4 3
0.0951279 0.00114365 0.00114365 2 4 3
0.0951238 0.0011267 0.0011267 2 4 3
0.0951197 0.00111004 0.00111004 2 4 3
0.0951157 0.00109368 0.00109368 2 4 3
0.0951118 0.00107761 0.00107761 2 4 3
0.095108 0.00106182 0.00106182 2 4 3
0.0951042 0.00104631 0.00104631 2 4 3
0.0951005 0.00103108 0.00103108 2 4 3
0.0950969 0.00101611 0.00101611 2 4 3
0.0950934 0.0010014 0.0010014 2 4 3
0.0950899 0.000986946 0.000986946 2 4 3
0.0950865 0.000972746 0.000972746 2 4 3
0.0950832 0.000958791 0.000958791 2 4 3
0.0950799 0.000945077 0.000945077 2 4 3
0.0950767 0.000931599 0.000931599 2 4 3
0.0950735 0.000918353 0.000918353 2 4 3
0.0950705 0.000905334 0.000905334 2 4 3
0.0950674 0.000892537 0.000892537 2 4 3
0.0950644 0.000879959 0.000879959 2 4 3
0.0950615 0.000867594 0.000867594 2 4 3
0.0950587 0.000855438 0.000855438 2 4 3
0.0950558 0.000843489 0.000843489 2 4 3
0.0950531 0.00083174 0.00083174 2 4 3
0.0950503 0.000820189 0.000820189 2 4 3
0.0950477 0.000808832 0.000808832 2 4 3
0.095045 0.000797664 0.000797664 2 4 3
0.0950425 0.000786683 0.000786683 2 4 3
0.0950399 0.000775884 0.000775884 2 4 3
0.0950374 0.000765265 0.000765265 2 4 3
0.095035 0.000754821 0.000754821 2 4 3
0.0950326 0.000744549 0.000744549 2 4 3
0.0950302 0.000734446 0.000734446 2 4 3
0.0950279 0.000724509 0.000724509 2 4 3
0.0950256 0.000714735 0.000714735 2 4 3
0.0950233 0.00070512 0.00070512 2 4 3
0.0950211 0.000695661 0.000695661 2 4 3
0.0950189 0.000686356 0.000686356 2 4 3
0.0950168 0.000677202 0.000677202 2 4 3
0.0950147 0.000668196 0.000668196 2 4 3
0.0950126 0.000659334 0.000659334 2 4 3
0.0950105 0.000650615 0.000650615 2 4 3
0.0950085 0.000642035 0.000642035 2 4 3
0.0950065 0.000633593 0.000633593 2 4 3
0.0950046 0.000625285 0.000625285 2 4 3
0.0950026 0.000617109 0.000617109 2 4 3
0.0950007 0.000609062 0.000609062 2 4 3
0.0949989 0.000601143 0.000601143 2 4 3
0.094997 0.000593349 0.000593349 2 4 3
0.0949952 0.000585677 0.000585677 2 4 3
0.0949934 0.000578125 0.000578125 2 4 3
0.0949916 0.000570692 0.000570692 2 4 3
0.0949899 0.000563375 0.000563375 2 4 3
0.0949882 0.000556171 0.000556171 2 4 3
0.0949865 0.000549079 0.000549079 2 4 3
0.0949848 0.000542097 0.000542097 2 4 3
0.0949832 0.000535223 0.000535223 2 4 3
0.0949815 0.000528455 0.000528455 2 4 3
0.0949799 0.000521791 0.000521791 2 4 3
0.0949783 0.000515228 0.000515228 2 4 3
0.0949768 0.000508766 0.000508766 2 4 3
0.0949752 0.000502403 0.000502403 2 4 3
0.0949737 0.000496136 0.000496136 2 4 3
0.0949722 0.000489965 0.000489965 2 4 3
0.0949707 0.000483886 0.000483886 2 4 3
0.0949692 0.0004779 0.0004779 2 4 3
0.0949678 0.000472003 0.000472003 2 4 3
0.0949664 0.000466195 0.000466195 2 4 3
0.0949649 0.000460474 0.000460474 2 4 3
0.0949635 0.000454838 0.000454838 2 4 3
0.0949622 0.000449287 0.000449287 2 4 3
0.0949608 0.000443817 0.000443817 2 4 3
0.0949594 0.000438429 0.000438429 2 4 3
0.0949581 0.000433121 0.000433121 2 4 3
0.0949568 0.00042789 0.00042789 2 4 3
0.0949555 0.000422737 0.000422737 2 4 3
0.0949542 0.00041766 0.00041766 2 4 3
0.0949529 0.000412656 0.000412656 2 4 3
0.0949517 0.000407726 0.000407726 2 4 3
0.0949504 0.000402868 0.000402868 2 4 3
0.0949492 0.00039808 0.00039808 2 4 3
0.094948 0.000393361 0.000393361 2 4 3
0.0949467 0.000388711 0.000388711 2 4 3
0.0949455 0.000384128 0.000384128 2 4 3
0.0949444 0.00037961 0.00037961 2 4 3
0.0949432 0.000375158 0.000375158 2 4 3
0.094942 0.000370769 0.000370769 2 4 3
0.0949409 0.000366443 0.000366443 2 4 3
0.0949398 0.000362178 0.000362178 2 4 3
0.0949386 0.000357975 0.000357975 2 4 3
0.0949375 0.00035383 0.00035383 2 4 3
0.0949364 0.000349745 0.000349745 2 4 3
0.0949353 0.000345717 0.000345717 2 4 3
0.0949342 0.000341745 0.000341745 2 4 3
0.0949332 0.000337829 0.000337829 2 4 3
0.0949321 0.000333969 0.000333969 2 4 3
0.0949311 0.000330162 0.000330162 2 4 3
0.09493 0.000326408 0.000326408 2 4 3
0.094929 0.000322706 0.000322706 2 4 3
0.094928 0.000319056 0.000319056 2 4 3
0.0949269 0.000315456 0.000315456 2 4 3
0.0949259 0.000311906 0.000311906 2 4 3
0.0949249 0.000308405 0.000308405 2 4 3
0.094924 0.000304952 0.000304952 2 4 3
0.094923 0.000301546 0.000301546 2 4 3
0.094922 0.000298186 0.000298186 2 4 3
0.094921 0.000294873 0.000294873 2 4 3
0.0949201 0.000291605 0.000291605 2 4 3
0.0949191 0.00028838 0.00028838 2 4 3
0.0949182 0.0002852 0.0002852 2 4 3
0.0949173 0.000282063 0.000282063 2 4 3
0.0949164 0.000278968 0.000278968 2 4 3
0.0949154 0.000275914 0.000275914 2 4 3
0.0949145 0.000272902 0.000272902 2 4 3
0.0949136 0.000269929 0.000269929 2 4 3
0.0949127 0.000266997 0.000266997 2 4 3
0.0949119 0.000264103 0.000264103 2 4 3
0.094911 0.000261248 0.000261248 2 4 3
0.0949101 0.000258431 0.000258431 2 4 3
0.0949092 0.000255651 0.000255651 2 4 3
0.0949084 0.000252908 0.000252908 2 4 3
0.0949075 0.000250201 0.000250201 2 4 3
0.0949067 0.000247529 0.000247529 2 4 3
0.0949058 0.000244893 0.000244893 2 4 3
0.094905 0.000242291 0.000242291 2 4 3
0.0949042 0.000239722 0.000239722 2 4 3
0.0949033 0.000237188 0.000237188 2 4 3
0.0949025 0.000234686 0.000234686 2 4 3
0.0949017 0.000232217 0.000232217 2 4 3
0.0949009 0.000229779 0.000229779 2 4 3
0.0949001 0.000227373 0.000227373 2 4 3
0.0948993 0.000224998 0.000224998 2 4 3
0.0948985 0.000222653 0.000222653 2 4 3
0.0948977 0.000220339 0.000220339 2 4 3
0.094897 0.000218054 0.000218054 2 4 3
0.0948962 0.000215798 0.000215798 2 4 3
0.0948954 0.000213571 0.000213571 2 4 3
0.0948947 0.000211372 0.000211372 2 4 3
0.0948939 0.000209201 0.000209201 2 4 3
0.0948932 0.000207058 0.000207058 2 4 3
0.0948924 0.000204941 0.000204941 2 4 3
0.0948917 0.000202851 0.000202851 2 4 3
0.0948909 0.000200787 0.000200787 2 4 3
0.0948902 0.00019875 0.00019875 2 4 3
0.0948895 0.000196737 0.000196737 2 4 3
0.0948887 0.00019475 0.00019475 2 4 3
0.094888 0.000192787 0.000192787 2 4 3
0.0948873 0.000190849 0.000190849 2 4 3
0.0948866 0.000188935 0.000188935 2 4 3
0.0948859 0.000187044 0.000187044 2 4 3
0.0948852 0.000185177 0.000185177 2 4 3
0.0948845 0.000183333 0.000183333 2 4 3
0.0948838 0.000181511 0.000181511 2 4 3
0.0948831 0.000179712 0.000179712 2 4 3
0.0948824 0.000177935 0.000177935 2 4 3
0.0948817 0.000176179 0.000176179 2 4 3
0.094881 0.000174445 0.000174445 2 4 3
0.0948804 0.000172732 0.000172732 2 4 3
0.0948797 0.000171039 0.000171039 2 4 3
0.094879 0.000169367 0.000169367 2 4 3
0.0948784 0.000167716 0.000167716 2 4 3
0.0948777 0.000166084 0.000166084 2 4 3
0.0948771 0.000164471 0.000164471 2 4 3
0.0948764 0.000162878 0.000162878 2 4 3
0.0948758 0.000161304 0.000161304 2 4 3
0.0948751 0.000159749 0.000159749 2 4 3
0.0948745 0.000158213 0.000158213 2 4 3
0.0948738 0.000156694 0.000156694 2 4 3
0.0948732 0.000155194 0.000155194 2 4 3
0.0948726 0.000153711 0.000153711 2 4 3
0.0948719 0.000152246 0.000152246 2 4 3
0.0948713 0.000150798 0.000150798 2 4 3
0.0948707 0.000149367 0.000149367 2 4 3
0.0948701 0.000147953 0.000147953 2 4 3
0.0948695 0.000146556 0.000146556 2 4 3
0.0948688 0.000145175 0.000145175 2 4 3
0.0948682 0.00014381 0.00014381 2 4 3
0.0948676 0.000142461 0.000142461 2 4 3
0.094867 0.000141127 0.000141127 2 4 3
0.0948664 0.000139809 0.000139809 2 4 3
0.0948658 0.000138506 0.000138506 2 4 3
0.0948652 0.000137218 0.000137218 2 4 3
0.0948647 0.000135945 0.000135945 2 4 3
0.0948641 0.000134687 0.000134687 2 4 3
0.0948635 0.000133443 0.000133443 2 4 3
0.0948629 0.000132213 0.000132213 2 4 3
0.0948623 0.000130998 0.000130998 2 4 3
0.0948617 0.000129796 0.000129796 2 4 3
0.0948612 0.000128608 0.000128608 2 4 3
0.0948606 0.000127433 0.000127433 2 4 3
0.09486 0.000126272 0.000126272 2 4 3
0.0948595 0.000125124 0.000125124 2 4 3
0.0948589 0.000123988 0.000123988 2 4 3
0.0948583 0.000122866 0.000122866 2 4 3
0.0948578 0.000121756 0.000121756 2 4 3
0.0948572 0.000120658 0.000120658 2 4 3
0.0948567 0.000119573 0.000119573 2 4 3
0.0948561 0.0001185 0.0001185 2 4 3
0.0948556 0.000117439 0.000117439 2 4 3
0.094855 0.00011639 0.00011639 2 4 3
0.0948545 0.000115352 0.000115352 2 4 3
0.094854 0.000114326 0.000114326 2 4 3
0.0948534 0.000113311 0.000113311 2 4 3
0.0948529 0.000112307 0.000112307 2 4 3
0.0948524 0.000111315 0.000111315 2 4 3
0.0948518 0.000110333 0.000110333 2 4 3
0.0948513 0.000109362 0.000109362 2 4 3
0.0948508 0.000108402 0.000108402 2 4 3
0.0948502 0.000107452 0.000107452 2 4 3
0.0948497 0.000106512 0.000106512 2 4 3
0.0948492 0.000105583 0.000105583 2 4 3
0.0948487 0.000104664 0.000104664 2 4 3
0.0948482 0.000103754 0.000103754 2 4 3
0.0948477 0.000102855 0.000102855 2 4 3
0.0948472 0.000101965 0.000101965 2 4 3
0.0948467 0.000101085 0.000101085 2 4 3
0.0948461 0.000100214 0.000100214 2 4 3
0.0948456 9.93527e-05 9.93527e-05 2 4 3
0.0948451 9.85005e-05 9.85005e-05 2 4 3
0.0948446 9.76575e-05 9.76575e-05 2 4 3
0.0948441 9.68234e-05 9.68234e-05 2 4 3
0.0948437 9.59981e-05 9.59981e-05 2 4 3
0.0948432 9.51817e-05 9.51817e-05 2 4 3
0.0948427 9.43739e-05 9.43739e-05 2 4 3
0.0948422 9.35746e-05 9.35746e-05 2 4 3
0.0948417 9.27838e-05 9.27838e-05 2 4 3
0.0948412 9.20012e-05 9.20012e-05 2 4 3
0.0948407 9.1227e-05 9.1227e-05 2 4 3
0.0948403 9.04608e-05 9.04608e-05 2 4 3
0.0948398 8.97027e-05 8.97027e-05 2 4 3
0.0948393 8.89525e-05 8.89525e-05 2 4 3
0.0948388 8.82101e-05 8.82101e-05 2 4 3
0.0948384 8.74754e-05 8.74754e-05 2 4 3
0.0948379 8.67484e-05 8.67484e-05 2 4 3
0.0948374 8.60289e-05 8.60289e-05 2 4 3
0.0948369 8.53168e-05 8.53168e-05 2 4 3
0.0948365 8.46121e-05 8.46121e-05 2 4 3
0.094836 8.39147e-05 8.39147e-05 2 4 3
0.0948356 8.32245e-05 8.32245e-05 2 4 3
0.0948351 8.25413e-05 8.25413e-05 2 4 3
0.0948346 8.18652e-05 8.18652e-05 2 4 3
0.0948342 8.11959e-05 8.11959e-05 2 4 3
0.0948337 8.05335e-05 8.05335e-05 2 4 3
0.0948333 7.98779e-05 7.98779e-05 2 4 3
0.0948328 7.92289e-05 7.92289e-05 2 4 3
0.0948324 7.85865e-05 7.85865e-05 2 4 3
0.0948319 7.79506e-05 7.79506e-05 2 4 3
0.0948315 7.73212e-05 7.73212e-05 2 4 3
0.094831 7.66981e-05 7.66981e-05 2 4 3
0.0948306 7.60812e-05 7.60812e-05 2 4 3
0.0948302 7.54706e-05 7.54706e-05 2 4 3
0.0948297 7.48661e-05 7.48661e-05 2 4 3
0.0948293 7.42677e-05 7.42677e-05 2 4 3
0.0948289 7.36753e-05 7.36753e-05 2 4 3
0.0948284 7.30887e-05 7.30887e-05 2 4 3
0.094828 7.25081e-05 7.25081e-05 2 4 3
0.0948276 7.19332e-05 7.19332e-05 2 4 3
0.0948271 7.13639e-05 7.13639e-05 2 4 3
0.0948267 7.08004e-05 7.08004e-05 2 4 3
0.0948263 7.02424e-05 7.02424e-05 2 4 3
0.0948259 6.96899e-05 6.96899e-05 2 4 3
0.0948254 6.91429e-05 6.91429e-05 2 4 3
0.094825 6.86012e-05 6.86012e-05 2 4 3
0.0948246 6.80649e-05 6.80649e-05 2 4 3
0.0948242 6.75338e-05 6.75338e-05 2 4 3
0.0948238 6.70079e-05 6.70079e-05 2 4 3
0.0948234 6.64871e-05 6.64871e-05 2 4 3
0.0948229 6.59714e-05 6.59714e-05 2 4 3
0.0948225 6.54608e-05 6.54608e-05 2 4 3
0.0948221 6.49551e-05 6.49551e-05 2 4 3
0.0948217 6.44542e-05 6.44542e-05 2 4 3
0.0948213 6.39583e-05 6.39583e-05 2 4 3
0.0948209 6.34671e-05 6.34671e-05 2 4 3
0.0948205 6.29806e-05 6.29806e-05 2 4 3
0.0948201 6.24989e-05 6.24989e-05 2 4 3
0.0948197 6.20217e-05 6.20217e-05 2 4 3
0.0948193 6.15492e-05 6.15492e-05 2 4 3
0.0948189 6.10811e-05 6.10811e-05 2 4 3
0.0948185 6.06175e-05 6.06175e-05 2 4 3
0.0948181 6.01584e-05 6.01584e-05 2 4 3
0.0948177 5.97036e-05 5.97036e-05 2 4 3
0.0948173 5.92531e-05 5.92531e-05 2 4 3
0.0948169 5.88069e-05 5.88069e-05 2 4 3
0.0948165 5.83649e-05 5.83649e-05 2 4 3
0.0948162 5.79271e-05 5.79271e-05 2 4 3
0.0948158 5.74935e-05 5.74935e-05 2 4 3
0.0948154 5.70639e-05 5.70639e-05 2 4 3
0.094815 5.66383e-05 5.66383e-05 2 4 3
0.0948146 5.62168e-05 5.62168e-05 2 4 3
0.0948142 5.57991e-05 5.57991e-05 2 4 3
0.0948139 5.53854e-05 5.53854e-05 2 4 3
0.0948135 5.49756e-05 5.49756e-05 2 4 3
0.0948131 5.45695e-05 5.45695e-05 2 4 3
0.0948127 5.41673e-05 5.41673e-05 2 4 3
0.0948124 5.37687e-05 5.37687e-05 2 4 3
0.094812 5.33739e-05 5.33739e-05 2 4 3
0.0948116 5.29827e-05 5.29827e-05 2 4 3
0.0948112 5.25951e-05 5.25951e-05 2 4 3
0.0948109 5.22111e-05 5.22111e-05 2 4 3
0.0948105 5.18307e-05 5.18307e-05 2 4 3
0.0948101 5.14537e-05 5.14537e-05 2 4 3
0.0948098 5.10801e-05 5.10801e-05 2 4 3
0.0948094 5.071e-05 5.071e-05 2 4 3
0.094809 5.03433e-05 5.03433e-05 2 4 3
0.0948087 4.99799e-05 4.99799e-05 2 4 3
0.0948083 4.96198e-05 4.96198e-05 2 4 3
0.094808 4.9263e-05 4.9263e-05 2 4 3
0.0948076 4.89095e-05 4.89095e-05 2 4 3
0.0948073 4.85591e-05 4.85591e-05 2 4 3
0.0948069 4.82119e-05 4.82119e-05 2 4 3
0.0948065 4.78678e-05 4.78678e-05 2 4 3
0.0948062 4.75269e-05 4.75269e-05 2 4 3
0.0948058 4.71889e-05 4.71889e-05 2 4 3
0.0948055 4.68541e-05 4.68541e-05 2 4 3
0.0948051 4.65222e-05 4.65222e-05 2 4 3
0.0948048 4.61933e-05 4.61933e-05 2 4 3
0.0948044 4.58673e-05 4.58673e-05 2 4 3
0.0948041 4.55443e-05 4.55443e-05 2 4 3
0.0948038 4.52241e-05 4.52241e-05 2 4 3
0.0948034 4.49067e-05 4.49067e-05 2 4 3
0.0948031 4.45922e-05 4.45922e-05 2 4 3
0.0948027 4.42805e-05 4.42805e-05 2 4 3
0.0948024 4.39715e-05 4.39715e-05 2 4 3
0.0948021 4.36652e-05 4.36652e-05 2 4 3
0.0948017 4.33616e-05 4.33616e-05 2 4 3
0.0948014 4.30607e-05 4.30607e-05 2 4 3
0.094801 4.27625e-05 4.27625e-05 2 4 3
0.0948007 4.24668e-05 4.24668e-05 2 4 3
0.0948004 4.21738e-05 4.21738e-05 2 4 3
0.0948 4.18833e-05 4.18833e-05 2 4 3
0.0947997 4.15953e-05 4.15953e-05 2 4 3
0.0947994 4.13098e-05 4.13098e-05 2 4 3
0.0947991 4.10269e-05 4.10269e-05 2 4 3
0.0947987 4.07463e-05 4.07463e-05 2 4 3
0.0947984 4.04682e-05 4.04682e-05 2 4 3
0.0947981 4.01925e-05 4.01925e-05 2 4 3
0.0947978 3.99192e-05 3.99192e-05 2 4 3
0.0947974 3.96483e-05 3.96483e-05 2 4 3
0.0947971 3.93796e-05 3.93796e-05 2 4 3
0.0947968 3.91133e-05 3.91133e-05 2 4 3
0.0947965 3.88493e-05 3.88493e-05 2 4 3
0.0947961 3.85875e-05 3.85875e-05 2 4 3
0.0947958 3.8328e-05 3.8328e-05 2 4 3
0.0947955 3.80706e-05 3.80706e-05 2 4 3
0.0947952 3.78155e-05 3.78155e-05 2 4 3
0.0947949 3.75625e-05 3.75625e-05 2 4 3
0.0947946 3.73117e-05 3.73117e-05 2 4 3
0.0947943 3.7063e-05 3.7063e-05 2 4 3
0.0947939 3.68164e-05 3.68164e-05 2 4 3
0.0947936 3.65719e-05 3.65719e-05 2 4 3
0.0947933 3.63294e-05 3.63294e-05 2 4 3
0.094793 3.6089e-05 3.6089e-05 2 4 3
0.0947927 3.58506e-05 3.58506e-05 2 4 3
0.0947924 3.56142e-05 3.56142e-05 2 4 3
0.0947921 3.53798e-05 3.53798e-05 2 4 3
0.0947918 3.51474e-05 3.51474e-05 2 4 3
0.0947915 3.49169e-05 3.49169e-05 2 4 3
0.0947912 3.46883e-05 3.46883e-05 2 4 3
0.0947909 3.44616e-05 3.44616e-05 2 4 3
0.0947906 3.42368e-05 3.42368e-05 2 4 3
0.0947903 3.40139e-05 3.40139e-05 2 4 3
0.09479 3.37928e-05 3.37928e-05 2 4 3
0.0947897 3.35735e-05 3.35735e-05 2 4 3
0.0947894 3.3356e-05 3.3356e-05 2 4 3
0.0947891 3.31404e-05 3.31404e-05 2 4 3
0.0947888 3.29265e-05 3.29265e-05 2 4 3
0.0947885 3.27143e-05 3.27143e-05 2 4 3
0.0947882 3.25039e-05 3.25039e-05 2 4 3
0.0947879 3.22953e-05 3.22953e-05 2 4 3
0.0947876 3.20883e-05 3.20883e-05 2 4 3
0.0947873 3.1883e-05 3.1883e-05 2 4 3
0.094787 3.16794e-05 3.16794e-05 2 4 3
0.0947868 3.14775e-05 3.14775e-05 2 4 3
0.0947865 3.12772e-05 3.12772e-05 2 4 3
0.0947862 3.10785e-05 3.10785e-05 2 4 3
0.0947859 3.08814e-05 3.08814e-05 2 4 3
0.0947856 3.06859e-05 3.06859e-05 2 4 3
0.0947853 3.0492e-05 3.0492e-05 2 4 3
0.094785 3.02997e-05 3.02997e-05 2 4 3
0.0947848 3.01089e-05 3.01089e-05 2 4 3
0.0947845 2.99196e-05 2.99196e-05 2 4 3
0.0947842 2.97318e-05 2.97318e-05 2 4 3
0.0947839 2.95456e-05 2.95456e-05 2 4 3
0.0947836 2.93608e-05 2.93608e-05 2 4 3
0.0947834 2.91775e-05 2.91775e-05 2 4 3
0.0947831 2.89957e-05 2.89957e-05 2 4 3
0.0947828 2.88153e-05 2.88153e-05 2 4 3
0.0947825 2.86364e-05 2.86364e-05 2 4 3
0.0947823 2.84589e-05 2.84589e-05 2 4 3
0.094782 2.82827e-05 2.82827e-05 2 4 3
0.0947817 2.8108e-05 2.8108e-05 2 4 3
0.0947814 2.79347e-05 2.79347e-05 2 4 3
0.0947812 2.77627e-05 2.77627e-05 2 4 3
0.0947809 2.7592e-05 2.7592e-05 2 4 3
0.0947806 2.74227e-05 2.74227e-05 2 4 3
0.0947804 2.72548e-05 2.72548e-05 2 4 3
0.0947801 2.70881e-05 2.70881e-05 2 4 3
0.0947798 2.69228e-05 2.69228e-05 2 4 3
0.0947796 2.67587e-05 2.67587e-05 2 4 3
0.0947793 2.65959e-05 2.65959e-05 2 4 3
0.094779 2.64344e-05 2.64344e-05 2 4 3
0.0947788 2.62742e-05 2.62742e-05 2 4 3
0.0947785 2.61152e-05 2.61152e-05 2 4 3
0.0947782 2.59574e-05 2.59574e-05 2 4 3
0.094778 2.58008e-05 2.58008e-05 2 4 3
0.0947777 2.56454e-05 2.56454e-05 2 4 3
0.0947775 2.54913e-05 2.54913e-05 2 4 3
0.0947772 2.53383e-05 2.53383e-05 2 4 3
0.0947769 2.51865e-05 2.51865e-05 2 4 3
0.0947767 2.50359e-05 2.50359e-05 2 4 3
0.0947764 2.48864e-05 2.48864e-05 2 4 3
0.0947762 2.47381e-05 2.47381e-05 2 4 3
0.0947759 2.45909e-05 2.45909e-05 2 4 3
0.0947757 2.44448e-05 2.44448e-05 2 4 3
0.0947754 2.42998e-05 2.42998e-05 2 4 3
0.0947752 2.4156e-05 2.4156e-05 2 4 3
0.0947749 2.40132e-05 2.40132e-05 2 4 3
0.0947747 2.38715e-05 2.38715e-05 2 4 3
0.0947744 2.37309e-05 2.37309e-05 2 4 3
0.0947742 2.35913e-05 2.35913e-05 2 4 3
0.0947739 2.34528e-05 2.34528e-05 2 4 3
0.0947737 2.33154e-05 2.33154e-05 2 4 3
0.0947734 2.3179e-05 2.3179e-05 2 4 3
0.0947732 2.30436e-05 2.30436e-05 2 4 3
0.0947729 2.29092e-05 2.29092e-05 2 4 3
0.0947727 2.27758e-05 2.27758e-05 2 4 3
0.0947724 2.26434e-05 2.26434e-05 2 4 3
0.0947722 2.2512e-05 2.2512e-05 2 4 3
0.0947719 2.23816e-05 2.23816e-05 2 4 3
0.0947717 2.22522e-05 2.22522e-05 2 4 3
0.0947715 2.21237e-05 2.21237e-05 2 4 3
0.0947712 2.19961e-05 2.19961e-05 2 4 3
0.094771 2.18696e-05 2.18696e-05 2 4 3
0.0947707 2.17439e-05 2.17439e-05 2 4 3
0.0947705 2.16192e-05 2.16192e-05 2 4 3
0.0947703 2.14954e-05 2.14954e-05 2 4 3
0.09477 2.13725e-05 2.13725e-05 2 4 3
0.0947698 2.12505e-05 2.12505e-05 2 4 3
0.0947696 2.11294e-05 2.11294e-05 2 4 3
0.0947693 2.10092e-05 2.10092e-05 2 4 3
0.0947691 2.08899e-05 2.08899e-05 2 4 3
0.0947689 2.07715e-05 2.07715e-05 2 4 3
0.0947686 2.06539e-05 2.06539e-05 2 4 3
0.0947684 2.05371e-05 2.05371e-05 2 4 3
0.0947682 2.04213e-05 2.04213e-05 2 4 3
0.0947679 2.03062e-05 2.03062e-05 2 4 3
0.0947677 2.0192e-05 2.0192e-05 2 4 3
0.0947675 2.00786e-05 2.00786e-05 2 4 3
0.0947672 1.99661e-05 1.99661e-05 2 4 3
0.094767 1.98544e-05 1.98544e-05 2 4 3
0.0947668 1.97434e-05 1.97434e-05 2 4 3
0.0947666 1.96333e-05 1.96333e-05 2 4 3
0.0947663 1.95239e-05 1.95239e-05 2 4 3
0.0947661 1.94154e-05 1.94154e-05 2 4 3
0.0947659 1.93076e-05 1.93076e-05 2 4 3
0.0947657 1.92006e-05 1.92006e-05 2 4 3
0.0947654 1.90943e-05 1.90943e-05 2 4 3
0.0947652 1.89889e-05 1.89889e-05 2 4 3
0.094765 1.88841e-05 1.88841e-05 2 4 3
0.0947648 1.87801e-05 1.87801e-05 2 4 3
0.0947645 1.86769e-05 1.86769e-05 2 4 3
0.0947643 1.85744e-05 1.85744e-05 2 4 3
0.0947641 1.84726e-05 1.84726e-05 2 4 3
0.0947639 1.83715e-05 1.83715e-05 2 4 3
0.0947637 1.82711e-05 1.82711e-05 2 4 3
0.0947634 1.81715e-05 1.81715e-05 2 4 3
0.0947632 1.80726e-05 1.80726e-05 2 4 3
0.094763 1.79743e-05 1.79743e-05 2 4 3
0.0947628 1.78767e-05 1.78767e-05 2 4 3
0.0947626 1.77799e-05 1.77799e-05 2 4 3
0.0947624 1.76837e-05 1.76837e-05 2 4 3
0.0947621 1.75882e-05 1.75882e-05 2 4 3
0.0947619 1.74933e-05 1.74933e-05 2 4 3
0.0947617 1.73991e-05 1.73991e-05 2 4 3
0.0947615 1.73056e-05 1.73056e-05 2 4 3
0.0947613 1.72127e-05 1.72127e-05 2 4 3
0.0947611 1.71204e-05 1.71204e-05 2 4 3
0.0947609 1.70288e-05 1.70288e-05 2 4 3
0.0947607 1.69379e-05 1.69379e-05 2 4 3
0.0947605 1.68475e-05 1.68475e-05 2 4 3
0.0947602 1.67578e-05 1.67578e-05 2 4 3
0.09476 1.66687e-05 1.66687e-05 2 4 3
0.0947598 1.65802e-05 1.65802e-05 2 4 3
0.0947596 1.64923e-05 1.64923e-05 2 4 3
0.0947594 1.64051e-05 1.64051e-05 2 4 3
0.0947592 1.63184e-05 1.63184e-05 2 4 3
0.094759 1.62323e-05 1.62323e-05 2 4 3
0.0947588 1.61468e-05 1.61468e-05 2 4 3
0.0947586 1.60619e-05 1.60619e-05 2 4 3
0.0947584 1.59776e-05 1.59776e-05 2 4 3
0.0947582 1.58938e-05 1.58938e-05 2 4 3
0.094758 1.58106e-05 1.58106e-05 2 4 3
0.0947578 1.5728e-05 1.5728e-05 2 4 3
0.0947576 1.5646e-05 1.5646e-05 2 4 3
0.0947574 1.55645e-05 1.55645e-05 2 4 3
0.0947572 1.54835e-05 1.54835e-05 2 4 3
0.094757 1.54031e-05 1.54031e-05 2 4 3
0.0947568 1.53232e-05 1.53232e-05 2 4 3
0.0947566 1.52439e-05 1.52439e-05 2 4 3
0.0947564 1.51651e-05 1.51651e-05 2 4 3
0.0947562 1.50868e-05 1.50868e-05 2 4 3
0.094756 1.50091e-05 1.50091e-05 2 4 3
0.0947558 1.49319e-05 1.49319e-05 2 4 3
0.0947556 1.48552e-05 1.48552e-05 2 4 3
0.0947554 1.4779e-05 1.4779e-05 2 4 3
0.0947552 1.47033e-05 1.47033e-05 2 4 3
0.094755 1.46281e-05 1.46281e-05 2 4 3
0.0947548 1.45534e-05 1.45534e-05 2 4 3
0.0947546 1.44792e-05 1.44792e-05 2 4 3
0.0947544 1.44055e-05 1.44055e-05 2 4 3
0.0947543 1.43323e-05 1.43323e-05 2 4 3
0.0947541 1.42596e-05 1.42596e-05 2 4 3
0.0947539 1.41874e-05 1.41874e-05 2 4 3
0.0947537 1.41156e-05 1.41156e-05 2 4 3
0.0947535 1.40443e-05 1.40443e-05 2 4 3
0.0947533 1.39735e-05 1.39735e-05 2 4 3
0.0947531 1.39031e-05 1.39031e-05 2 4 3
0.0947529 1.38332e-05 1.38332e-05 2 4 3
0.0947527 1.37638e-05 1.37638e-05 2 4 3
0.0947525 1.36948e-05 1.36948e-05 2 4 3
0.0947524 1.36263e-05 1.36263e-05 2 4 3
0.0947522 1.35582e-05 1.35582e-05 2 4 3
0.094752 1.34905e-05 1.34905e-05 2 4 3
0.0947518 1.34233e-05 1.34233e-05 2 4 3
0.0947516 1.33565e-05 1.33565e-05 2 4 3
0.0947514 1.32902e-05 1.32902e-05 2 4 3
0.0947513 1.32243e-05 1.32243e-05 2 4 3
0.0947511 1.31588e-05 1.31588e-05 2 4 3
0.0947509 1.30937e-05 1.30937e-05 2 4 3
0.0947507 1.30291e-05 1.30291e-05 2 4 3
0.0947505 1.29649e-05 1.29649e-05 2 4 3
0.0947503 1.29011e-05 1.29011e-05 2 4 3
0.0947502 1.28377e-05 1.28377e-05 2 4 3
0.09475 1.27747e-05 1.27747e-05 2 4 3
0.0947498 1.27121e-05 1.27121e-05 2 4 3
0.0947496 1.26499e-05 1.26499e-05 2 4 3
0.0947494 1.25881e-05 1.25881e-05 2 4 3
0.0947493 1.25267e-05 1.25267e-05 2 4 3
0.0947491 1.24657e-05 1.24657e-05 2 4 3
0.0947489 1.24051e-05 1.24051e-05 2 4 3
0.0947487 1.23448e-05 1.23448e-05 2 4 3
0.0947486 1.2285e-05 1.2285e-05 2 4 3
0.0947484 1.22255e-05 1.22255e-05 2 4 3
0.0947482 1.21664e-05 1.21664e-05 2 4 3
0.094748 1.21077e-05 1.21077e-05 2 4 3
0.0947479 1.20493e-05 1.20493e-05 2 4 3
0.0947477 1.19914e-05 1.19914e-05 2 4 3
0.0947475 1.19337e-05 1.19337e-05 2 4 3
0.0947473 1.18765e-05 1.18765e-05 2 4 3
0.0947472 1.18196e-05 1.18196e-05 2 4 3
0.094747 1.1763e-05 1.1763e-05 2 4 3
0.0947468 1.17069e-05 1.17069e-05 2 4 3
0.0947466 1.1651e-05 1.1651e-05 2 4 3
0.0947465 1.15955e-05 1.15955e-05 2 4 3
0.0947463 1.15404e-05 1.15404e-05 2 4 3
0.0947461 1.14856e-05 1.14856e-05 2 4 3
0.094746 1.14311e-05 1.14311e-05 2 4 3
0.0947458 1.1377e-05 1.1377e-05 2 4 3
0.0947456 1.13232e-05 1.13232e-05 2 4 3
0.0947455 1.12698e-05 1.12698e-05 2 4 3
0.0947453 1.12167e-05 1.12167e-05 2 4 3
0.0947451 1.11639e-05 1.11639e-05 2 4 3
0.094745 1.11114e-05 1.11114e-05 2 4 3
0.0947448 1.10593e-05 1.10593e-05 2 4 3
0.0947446 1.10074e-05 1.10074e-05 2 4 3
0.0947445 1.09559e-05 1.09559e-05 2 4 3
0.0947443 1.09047e-05 1.09047e-05 2 4 3
0.0947441 1.08539e-05 1.08539e-05 2 4 3
0.094744 1.08033e-05 1.08033e-05 2 4 3
0.0947438 1.07531e-05 1.07531e-05 2 4 3
0.0947436 1.07031e-05 1.07031e-05 2 4 3
0.0947435 1.06535e-05 1.06535e-05 2 4 3
0.0947433 1.06041e-05 1.06041e-05 2 4 3
0.0947432 1.05551e-05 1.05551e-05 2 4 3
0.094743 1.05064e-05 1.05064e-05 2 4 3
0.0947428 1.04579e-05 1.04579e-05 2 4 3
0.0947427 1.04098e-05 1.04098e-05 2 4 3
0.0947425 1.03619e-05 1.03619e-05 2 4 3
0.0947424 1.03143e-05 1.03143e-05 2 4 3
0.0947422 1.0267e-05 1.0267e-05 2 4 3
0.094742 1.022e-05 1.022e-05 2 4 3
0.0947419 1.01733e-05 1.01733e-05 2 4 3
0.0947417 1.01269e-05 1.01269e-05 2 4 3
0.0947416 1.00807e-05 1.00807e-05 2 4 3
0.0947414 1.00348e-05 1.00348e-05 2 4 3
0.0947412 9.98924e-06 9.98924e-06 2 4 3
0.0947411 9.94391e-06 9.94391e-06 2 4 3
0.0947409 9.89885e-06 9.89885e-06 2 4 3
0.0947408 9.85405e-06 9.85405e-06 2 4 3
0.0947406 9.80953e-06 9.80953e-06 2 4 3
0.0947405 9.76526e-06 9.76526e-06 2 4 3
0.0947403 9.72127e-06 9.72127e-06 2 4 3
0.0947402 9.67753e-06 9.67753e-06 2 4 3
0.09474 9.63405e-06 9.63405e-06 2 4 3
0.0947399 9.59083e-06 9.59083e-06 2 4 3
0.0947397 9.54786e-06 9.54786e-06 2 4 3
0.0947395 9.50515e-06 9.50515e-06 2 4 3
0.0947394 9.46269e-06 9.46269e-06 2 4 3
0.0947392 9.42048e-06 9.42048e-06 2 4 3
0.0947391 9.37852e-06 9.37852e-06 2 4 3
0.0947389 9.3368e-06 9.3368e-06 2 4 3
0.0947388 9.29533e-06 9.29533e-06 2 4 3
0.0947386 9.2541e-06 9.2541e-06 2 4 3
0.0947385 9.21311e-06 9.21311e-06 2 4 3
0.0947383 9.17237e-06 9.17237e-06 2 4 3
0.0947382 9.13186e-06 9.13186e-06 2 4 3
0.094738 9.09158e-06 9.09158e-06 2 4 3
0.0947379 9.05154e-06 9.05154e-06 2 4 3
0.0947377 9.01174e-06 9.01174e-06 2 4 3
0.0947376 8.97216e-06 8.97216e-06 2 4 3
0.0947375 8.93282e-06 8.93282e-06 2 4 3
0.0947373 8.8937e-06 8.8937e-06 2 4 3
0.0947372 8.85481e-06 8.85481e-06 2 4 3
0.094737 8.81614e-06 8.81614e-06 2 4 3
0.0947369 8.7777e-06 8.7777e-06 2 4 3
0.0947367 8.73948e-06 8.73948e-06 2 4 3
0.0947366 8.70147e-06 8.70147e-06 2 4 3
0.0947364 8.66369e-06 8.66369e-06 2 4 3
0.0947363 8.62612e-06 8.62612e-06 2 4 3
0.0947361 8.58877e-06 8.58877e-06 2 4 3
0.094736 8.55164e-06 8.55164e-06 2 4 3
0.0947359 8.51471e-06 8.51471e-06 2 4 3
0.0947357 8.478e-06 8.478e-06 2 4 3
0.0947356 8.44149e-06 8.44149e-06 2 4 3
0.0947354 8.4052e-06 8.4052e-06 2 4 3
0.0947353 8.36911e-06 8.36911e-06 2 4 3
0.0947352 8.33322e-06 8.33322e-06 2 4 3
0.094735 8.29754e-06 8.29754e-06 2 4 3
0.0947349 8.26206e-06 8.26206e-06 2 4 3
0.0947347 8.22678e-06 8.22678e-06 2 4 3
0.0947346 8.19171e-06 8.19171e-06 2 4 3
0.0947345 8.15683e-06 8.15683e-06 2 4 3
0.0947343 8.12214e-06 8.12214e-06 2 4 3
0.0947342 8.08765e-06 8.08765e-06 2 4 3
0.094734 8.05336e-06 8.05336e-06 2 4 3
0.0947339 8.01926e-06 8.01926e-06 2 4 3
0.0947338 7.98535e-06 7.98535e-06 2 4 3
0.0947336 7.95163e-06 7.95163e-06 2 4 3
0.0947335 7.9181e-06 7.9181e-06 2 4 3
0.0947333 7.88476e-06 7.88476e-06 2 4 3
0.0947332 7.8516e-06 7.8516e-06 2 4 3
0.0947331 7.81863e-06 7.81863e-06 2 4 3
0.0947329 7.78584e-06 7.78584e-06 2 4 3
0.0947328 7.75323e-06 7.75323e-06 2 4 3
0.0947327 7.72081e-06 7.72081e-06 2 4 3
0.0947325 7.68857e-06 7.68857e-06 2 4 3
0.0947324 7.6565e-06 7.6565e-06 2 4 3
0.0947323 7.62461e-06 7.62461e-06 2 4 3
0.0947321 7.5929e-06 7.5929e-06 2 4 3
0.094732 7.56136e-06 7.56136e-06 2 4 3
0.0947319 7.53e-06 7.53e-06 2 4 3
0.0947317 7.49881e-06 7.49881e-06 2 4 3
0.0947316 7.4678e-06 7.4678e-06 2 4 3
0.0947315 7.43695e-06 7.43695e-06 2 4 3
0.0947313 7.40627e-06 7.40627e-06 2 4 3
0.0947312 7.37576e-06 7.37576e-06 2 4 3
0.0947311 7.34542e-06 7.34542e-06 2 4 3
0.0947309 7.31524e-06 7.31524e-06 2 4 3
0.0947308 7.28523e-06 7.28523e-06 2 4 3
0.0947307 7.25538e-06 7.25538e-06 2 4 3
0.0947306 7.2257e-06 7.2257e-06 2 4 3
0.0947304 7.19618e-06 7.19618e-06 2 4 3
0.0947303 7.16681e-06 7.16681e-06 2 4 3
0.0947302 7.13761e-06 7.13761e-06 2 4 3
0.09473 7.10857e-06 7.10857e-06 2 4 3
0.0947299 7.07968e-06 7.07968e-06 2 4 3
0.0947298 7.05095e-06 7.05095e-06 2 4 3
0.0947297 7.02237e-06 7.02237e-06 2 4 3
0.0947295 6.99395e-06 6.99395e-06 2 4 3
0.0947294 6.96568e-06 6.96568e-06 2 4 3
0.0947293 6.93757e-06 6.93757e-06 2 4 3
0.0947291 6.9096e-06 6.9096e-06 2 4 3
0.094729 6.88179e-06 6.88179e-06 2 4 3
0.0947289 6.85412e-06 6.85412e-06 2 4 3
0.0947288 6.82661e-06 6.82661e-06 2 4 3
0.0947286 6.79924e-06 6.79924e-06 2 4 3
0.0947285 6.77202e-06 6.77202e-06 2 4 3
0.0947284 6.74494e-06 6.74494e-06 2 4 3
0.0947283 6.718e-06 6.718e-06 2 4 3
0.0947281 6.69122e-06 6.69122e-06 2 4 3
0.094728 6.66457e-06 6.66457e-06 2 4 3
0.0947279 6.63806e-06 6.63806e-06 2 4 3
0.0947278 6.6117e-06 6.6117e-06 2 4 3
0.0947277 6.58547e-06 6.58547e-06 2 4 3
0.0947275 6.55939e-06 6.55939e-06 2 4 3
0.0947274 6.53344e-06 6.53344e-06 2 4 3
0.0947273 6.50763e-06 6.50763e-06 2 4 3
0.0947272 6.48196e-06 6.48196e-06 2 4 3
0.094727 6.45642e-06 6.45642e-06 2 4 3
0.0947269 6.43101e-06 6.43101e-06 2 4 3
0.0947268 6.40574e-06 6.40574e-06 2 4 3
0.0947267 6.3806e-06 6.3806e-06 2 4 3
0.0947266 6.3556e-06 6.3556e-06 2 4 3
0.0947264 6.33072e-06 6.33072e-06 2 4 3
0.0947263 6.30598e-06 6.30598e-06 2 4 3
0.0947262 6.28136e-06 6.28136e-06 2 4 3
0.0947261 6.25688e-06 6.25688e-06 2 4 3
0.094726 6.23252e-06 6.23252e-06 2 4 3
0.0947259 6.20829e-06 6.20829e-06 2 4 3
0.0947257 6.18418e-06 6.18418e-06 2 4 3
0.0947256 6.1602e-06 6.1602e-06 2 4 3
0.0947255 6.13634e-06 6.13634e-06 2 4 3
0.0947254 6.11261e-06 6.11261e-06 2 4 3
0.0947253 6.089e-06 6.089e-06 2 4 3
0.0947251 6.06551e-06 6.06551e-06 2 4 3
0.094725 6.04215e-06 6.04215e-06 2 4 3
0.0947249 6.0189e-06 6.0189e-06 2 4 3
0.0947248 5.99578e-06 5.99578e-06 2 4 3
0.0947247 5.97277e-06 5.97277e-06 2 4 3
0.0947246 5.94988e-06 5.94988e-06 2 4 3
0.0947245 5.92711e-06 5.92711e-06 2 4 3
0.0947243 5.90446e-06 5.90446e-06 2 4 3
0.0947242 5.88192e-06 5.88192e-06 2 4 3
0.0947241 5.8595e-06 5.8595e-06 2 4 3
0.094724 5.83719e-06 5.83719e-06 2 4 3
0.0947239 5.815e-06 5.815e-06 2 4 3
0.0947238 5.79292e-06 5.79292e-06 2 4 3
0.0947237 5.77095e-06 5.77095e-06 2 4 3
0.0947235 5.7491e-06 5.7491e-06 2 4 3
0.0947234 5.72735e-06 5.72735e-06 2 4 3
0.0947233 5.70572e-06 5.70572e-06 2 4 3
0.0947232 5.6842e-06 5.6842e-06 2 4 3
0.0947231 5.66278e-06 5.66278e-06 2 4 3
0.094723 5.64147e-06 5.64147e-06 2 4 3
0.0947229 5.62027e-06 5.62027e-06 2 4 3
0.0947228 5.59918e-06 5.59918e-06 2 4 3
0.0947226 5.5782e-06 5.5782e-06 2 4 3
0.0947225 5.55732e-06 5.55732e-06 2 4 3
0.0947224 5.53654e-06 5.53654e-06 2 4 3
0.0947223 5.51587e-06 5.51587e-06 2 4 3
0.0947222 5.49531e-06 5.49531e-06 2 4 3
0.0947221 5.47484e-06 5.47484e-06 2 4 3
0.094722 5.45448e-06 5.45448e-06 2 4 3
0.0947219 5.43422e-06 5.43422e-06 2 4 3
0.0947218 5.41407e-06 5.41407e-06 2 4 3
0.0947217 5.39401e-06 5.39401e-06 2 4 3
0.0947216 5.37405e-06 5.37405e-06 2 4 3
0.0947214 5.35419e-06 5.35419e-06 2 4 3
0.0947213 5.33444e-06 5.33444e-06 2 4 3
0.0947212 5.31478e-06 5.31478e-06 2 4 3
0.0947211 5.29521e-06 5.29521e-06 2 4 3
0.094721 5.27575e-06 5.27575e-06 2 4 3
0.0947209 5.25638e-06 5.25638e-06 2 4 3
0.0947208 5.2371e-06 5.2371e-06 2 4 3
0.0947207 5.21793e-06 5.21793e-06 2 4 3
0.0947206 5.19884e-06 5.19884e-06 2 4 3
0.0947205 5.17985e-06 5.17985e-06 2 4 3
0.0947204 5.16096e-06 5.16096e-06 2 4 3
0.0947203 5.14215e-06 5.14215e-06 2 4 3
0.0947202 5.12344e-06 5.12344e-06 2 4 3
0.0947201 5.10482e-06 5.10482e-06 2 4 3
0.09472 5.0863e-06 5.0863e-06 2 4 3
0.0947199 5.06786e-06 5.06786e-06 2 4 3
0.0947198 5.04951e-06 5.04951e-06 2 4 3
0.0947196 5.03126e-06 5.03126e-06 2 4 3
0.0947195 5.01309e-06 5.01309e-06 2 4 3
0.0947194 4.99501e-06 4.99501e-06 2 4 3
0.0947193 4.97702e-06 4.97702e-06 2 4 3
0.0947192 4.95912e-06 4.95912e-06 2 4 3
0.0947191 4.9413e-06 4.9413e-06 2 4 3
0.094719 4.92357e-06 4.92357e-06 2 4 3
0.0947189 4.90593e-06 4.90593e-06 2 4 3
0.0947188 4.88837e-06 4.88837e-06 2 4 3
0.0947187 4.87089e-06 4.87089e-06 2 4 3
0.0947186 4.8535e-06 4.8535e-06 2 4 3
0.0947185 4.8362e-06 4.8362e-06 2 4 3
0.0947184 4.81898e-06 4.81898e-06 2 4 3
0.0947183 4.80184e-06 4.80184e-06 2 4 3
0.0947182 4.78478e-06 4.78478e-06 2 4 3
0.0947181 4.76781e-06 4.76781e-06 2 4 3
0.094718 4.75092e-06 4.75092e-06 2 4 3
0.0947179 4.7341e-06 4.7341e-06 2 4 3
0.0947178 4.71737e-06 4.71737e-06 2 4 3
0.0947177 4.70072e-06 4.70072e-06 2 4 3
0.0947176 4.68415e-06 4.68415e-06 2 4 3
0.0947175 4.66766e-06 4.66766e-06 2 4 3
0.0947174 4.65124e-06 4.65124e-06 2 4 3
0.0947173 4.63491e-06 4.63491e-06 2 4 3
0.0947172 4.61865e-06 4.61865e-06 2 4 3
0.0947171 4.60247e-06 4.60247e-06 2 4 3
0.094717 4.58637e-06 4.58637e-06 2 4 3
0.0947169 4.57034e-06 4.57034e-06 2 4 3
0.0947168 4.55439e-06 4.55439e-06 2 4 3
0.0947167 4.53851e-06 4.53851e-06 2 4 3
0.0947166 4.52271e-06 4.52271e-06 2 4 3
0.0947165 4.50698e-06 4.50698e-06 2 4 3
0.0947164 4.49133e-06 4.49133e-06 2 4 3
0.0947164 4.47575e-06 4.47575e-06 2 4 3
0.0947163 4.46025e-06 4.46025e-06 2 4 3
0.0947162 4.44482e-06 4.44482e-06 2 4 3
0.0947161 4.42946e-06 4.42946e-06 2 4 3
0.094716 4.41417e-06 4.41417e-06 2 4 3
0.0947159 4.39895e-06 4.39895e-06 2 4 3
0.0947158 4.38381e-06 4.38381e-06 2 4 3
0.0947157 4.36874e-06 4.36874e-06 2 4 3
0.0947156 4.35373e-06 4.35373e-06 2 4 3
0.0947155 4.3388e-06 4.3388e-06 2 4 3
0.0947154 4.32394e-06 4.32394e-06 2 4 3
0.0947153 4.30914e-06 4.30914e-06 2 4 3
0.0947152 4.29442e-06 4.29442e-06 2 4 3
0.0947151 4.27976e-06 4.27976e-06 2 4 3
0.094715 4.26517e-06 4.26517e-06 2 4 3
0.0947149 4.25065e-06 4.25065e-06 2 4 3
0.0947148 4.23619e-06 4.23619e-06 2 4 3
0.0947147 4.22181e-06 4.22181e-06 2 4 3
0.0947147 4.20748e-06 4.20748e-06 2 4 3
0.0947146 4.19323e-06 4.19323e-06 2 4 3
0.0947145 4.17904e-06 4.17904e-06 2 4 3
0.0947144 4.16492e-06 4.16492e-06 2 4 3
0.0947143 4.15086e-06 4.15086e-06 2 4 3
0.0947142 4.13686e-06 4.13686e-06 2 4 3
0.0947141 4.12293e-06 4.12293e-06 2 4 3
0.094714 4.10907e-06 4.10907e-06 2 4 3
0.0947139 4.09527e-06 4.09527e-06 2 4 3
0.0947138 4.08153e-06 4.08153e-06 2 4 3
0.0947137 4.06785e-06 4.06785e-06 2 4 3
0.0947136 4.05424e-06 4.05424e-06 2 4 3
0.0947136 4.04068e-06 4.04068e-06 2 4 3
0.0947135 4.02719e-06 4.02719e-06 2 4 3
0.0947134 4.01376e-06 4.01376e-06 2 4 3
0.0947133 4.0004e-06 4.0004e-06 2 4 3
0.0947132 3.98709e-06 3.98709e-06 2 4 3
0.0947131 3.97384e-06 3.97384e-06 2 4 3
0.094713 3.96066e-06 3.96066e-06 2 4 3
0.0947129 3.94753e-06 3.94753e-06 2 4 3
0.0947128 3.93446e-06 3.93446e-06 2 4 3
0.0947128 3.92145e-06 3.92145e-06 2 4 3
0.0947127 3.9085e-06 3.9085e-06 2 4 3
0.0947126 3.89561e-06 3.89561e-06 2 4 3
0.0947125 3.88278e-06 3.88278e-06 2 4 3
0.0947124 3.87e-06 3.87e-06 2 4 3
0.0947123 3.85729e-06 3.85729e-06 2 4 3
0.0947122 3.84463e-06 3.84463e-06 2 4 3
0.0947121 3.83202e-06 3.83202e-06 2 4 3
0.0947121 3.81947e-06 3.81947e-06 2 4 3
0.094712 3.80698e-06 3.80698e-06 2 4 3
0.0947119 3.79455e-06 3.79455e-06 2 4 3
0.0947118 3.78217e-06 3.78217e-06 2 4 3
0.0947117 3.76984e-06 3.76984e-06 2 4 3
0.0947116 3.75757e-06 3.75757e-06 2 4 3
0.0947115 3.74536e-06 3.74536e-06 2 4 3
0.0947115 3.7332e-06 3.7332e-06 2 4 3
0.0947114 3.72109e-06 3.72109e-06 2 4 3
0.0947113 3.70904e-06 3.70904e-06 2 4 3
0.0947112 3.69704e-06 3.69704e-06 2 4 3
0.0947111 3.68509e-06 3.68509e-06 2 4 3
0.094711 3.6732e-06 3.6732e-06 2 4 3
0.0947109 3.66135e-06 3.66135e-06 2 4 3
0.0947109 3.64957e-06 3.64957e-06 2 4 3
0.0947108 3.63783e-06 3.63783e-06 2 4 3
0.0947107 3.62614e-06 3.62614e-06 2 4 3
0.0947106 3.61451e-06 3.61451e-06 2 4 3
0.0947105 3.60293e-06 3.60293e-06 2 4 3
0.0947104 3.5914e-06 3.5914e-06 2 4 3
0.0947104 3.57991e-06 3.57991e-06 2 4 3
0.0947103 3.56848e-06 3.56848e-06 2 4 3
0.0947102 3.5571e-06 3.5571e-06 2 4 3
0.0947101 3.54577e-06 3.54577e-06 2 4 3
0.09471 3.53449e-06 3.53449e-06 2 4 3
0.0947099 3.52326e-06 3.52326e-06 2 4 3
0.0947099 3.51208e-06 3.51208e-06 2 4 3
0.0947098 3.50094e-06 3.50094e-06 2 4 3
0.0947097 3.48985e-06 3.48985e-06 2 4 3
0.0947096 3.47882e-06 3.47882e-06 2 4 3
0.0947095 3.46783e-06 3.46783e-06 2 4 3
0.0947094 3.45688e-06 3.45688e-06 2 4 3
0.0947094 3.44599e-06 3.44599e-06 2 4 3
0.0947093 3.43514e-06 3.43514e-06 2 4 3
0.0947092 3.42434e-06 3.42434e-06 2 4 3
0.0947091 3.41359e-06 3.41359e-06 2 4 3
0.094709 3.40288e-06 3.40288e-06 2 4 3
0.094709 3.39222e-06 3.39222e-06 2 4 3
0.0947089 3.3816e-06 3.3816e-06 2 4 3
0.0947088 3.37103e-06 3.37103e-06 2 4 3
0.0947087 3.36051e-06 3.36051e-06 2 4 3
0.0947086 3.35003e-06 3.35003e-06 2 4 3
0.0947086 3.3396e-06 3.3396e-06 2 4 3
0.0947085 3.32921e-06 3.32921e-06 2 4 3
0.0947084 3.31886e-06 3.31886e-06 2 4 3
0.0947083 3.30856e-06 3.30856e-06 2 4 3
0.0947082 3.2983e-06 3.2983e-06 2 4 3
0.0947082 3.28809e-06 3.28809e-06 2 4 3
0.0947081 3.27792e-06 3.27792e-06 2 4 3
0.094708 3.26779e-06 3.26779e-06 2 4 3
0.0947079 3.25771e-06 3.25771e-06 2 4 3
0.0947079 3.24767e-06 3.24767e-06 2 4 3
0.0947078 3.23767e-06 3.23767e-06 2 4 3
0.0947077 3.22772e-06 3.22772e-06 2 4 3
0.0947076 3.21781e-06 3.21781e-06 2 4 3
0.0947075 3.20793e-06 3.20793e-06 2 4 3
0.0947075 3.19811e-06 3.19811e-06 2 4 3
0.0947074 3.18832e-06 3.18832e-06 2 4 3
0.0947073 3.17857e-06 3.17857e-06 2 4 3
0.0947072 3.16887e-06 3.16887e-06 2 4 3
0.0947072 3.1592e-06 3.1592e-06 2 4 3
0.0947071 3.14958e-06 3.14958e-06 2 4 3
0.094707 3.13999e-06 3.13999e-06 2 4 3
0.0947069 3.13045e-06 3.13045e-06 2 4 3
0.0947069 3.12095e-06 3.12095e-06 2 4 3
0.0947068 3.11148e-06 3.11148e-06 2 4 3
0.0947067 3.10206e-06 3.10206e-06 2 4 3
0.0947066 3.09268e-06 3.09268e-06 2 4 3
0.0947066 3.08333e-06 3.08333e-06 2 4 3
0.0947065 3.07403e-06 3.07403e-06 2 4 3
0.0947064 3.06476e-06 3.06476e-06 2 4 3
0.0947063 3.05553e-06 3.05553e-06 2 4 3
0.0947063 3.04634e-06 3.04634e-06 2 4 3
0.0947062 3.03719e-06 3.03719e-06 2 4 3
0.0947061 3.02807e-06 3.02807e-06 2 4 3
0.094706 3.019e-06 3.019e-06 2 4 3
0.094706 3.00996e-06 3.00996e-06 2 4 3
0.0947059 3.00096e-06 3.00096e-06 2 4 3
0.0947058 2.99199e-06 2.99199e-06 2 4 3
0.0947057 2.98307e-06 2.98307e-06 2 4 3
0.0947057 2.97418e-06 2.97418e-06 2 4 3
0.0947056 2.96532e-06 2.96532e-06 2 4 3
0.0947055 2.95651e-06 2.95651e-06 2 4 3
0.0947054 2.94773e-06 2.94773e-06 2 4 3
0.0947054 2.93898e-06 2.93898e-06 2 4 3
0.0947053 2.93027e-06 2.93027e-06 2 4 3
0.0947052 2.9216e-06 2.9216e-06 2 4 3
0.0947052 2.91296e-06 2.91296e-06 2 4 3
0.0947051 2.90436e-06 2.90436e-06 2 4 3
0.094705 2.8958e-06 2.8958e-06 2 4 3
0.0947049 2.88726e-06 2.88726e-06 2 4 3
0.0947049 2.87877e-06 2.87877e-06 2 4 3
0.0947048 2.87031e-06 2.87031e-06 2 4 3
0.0947047 2.86188e-06 2.86188e-06 2 4 3
0.0947047 2.85349e-06 2.85349e-06 2 4 3
0.0947046 2.84513e-06 2.84513e-06 2 4 3
0.0947045 2.8368e-06 2.8368e-06 2 4 3
0.0947044 2.82851e-06 2.82851e-06 2 4 3
0.0947044 2.82025e-06 2.82025e-06 2 4 3
0.0947043 2.81203e-06 2.81203e-06 2 4 3
0.0947042 2.80384e-06 2.80384e-06 2 4 3
0.0947042 2.79568e-06 2.79568e-06 2 4 3
0.0947041 2.78755e-06 2.78755e-06 2 4 3
0.094704 2.77946e-06 2.77946e-06 2 4 3
0.0947039 2.7714e-06 2.7714e-06 2 4 3
0.0947039 2.76338e-06 2.76338e-06 2 4 3
0.0947038 2.75538e-06 2.75538e-06 2 4 3
0.0947037 2.74742e-06 2.74742e-06 2 4 3
0.0947037 2.73949e-06 2.73949e-06 2 4 3
0.0947036 2.73159e-06 2.73159e-06 2 4 3
0.0947035 2.72372e-06 2.72372e-06 2 4 3
0.0947035 2.71589e-06 2.71589e-06 2 4 3
0.0947034 2.70808e-06 2.70808e-06 2 4 3
0.0947033 2.70031e-06 2.70031e-06 2 4 3
0.0947033 2.69257e-06 2.69257e-06 2 4 3
0.0947032 2.68486e-06 2.68486e-06 2 4 3
0.0947031 2.67717e-06 2.67717e-06 2 4 3
0.094703 2.66953e-06 2.66953e-06 2 4 3
0.094703 2.66191e-06 2.66191e-06 2 4 3
0.0947029 2.65432e-06 2.65432e-06 2 4 3
0.0947028 2.64676e-06 2.64676e-06 2 4 3
0.0947028 2.63923e-06 2.63923e-06 2 4 3
0.0947027 2.63173e-06 2.63173e-06 2 4 3
0.0947026 2.62426e-06 2.62426e-06 2 4 3
0.0947026 2.61682e-06 2.61682e-06 2 4 3
0.0947025 2.60941e-06 2.60941e-06 2 4 3
0.0947024 2.60203e-06 2.60203e-06 2 4 3
0.0947024 2.59468e-06 2.59468e-06 2 4 3
0.0947023 2.58735e-06 2.58735e-06 2 4 3
0.0947022 2.58006e-06 2.58006e-06 2 4 3
0.0947022 2.57279e-06 2.57279e-06 2 4 3
0.0947021 2.56556e-06 2.56556e-06 2 4 3
0.094702 2.55835e-06 2.55835e-06 2 4 3
0.094702 2.55117e-06 2.55117e-06 2 4 3
0.0947019 2.54401e-06 2.54401e-06 2 4 3
0.0947018 2.53689e-06 2.53689e-06 2 4 3
0.0947018 2.52979e-06 2.52979e-06 2 4 3
0.0947017 2.52272e-06 2.52272e-06 2 4 3
0.0947016 2.51568e-06 2.51568e-06 2 4 3
0.0947016 2.50867e-06 2.50867e-06 2 4 3
0.0947015 2.50168e-06 2.50168e-06 2 4 3
0.0947015 2.49472e-06 2.49472e-06 2 4 3
0.0947014 2.48779e-06 2.48779e-06 2 4 3
0.0947013 2.48088e-06 2.48088e-06 2 4 3
0.0947013 2.47401e-06 2.47401e-06 2 4 3
0.0947012 2.46715e-06 2.46715e-06 2 4 3
0.0947011 2.46033e-06 2.46033e-06 2 4 3
0.0947011 2.45353e-06 2.45353e-06 2 4 3
0.094701 2.44676e-06 2.44676e-06 2 4 3
0.0947009 2.44001e-06 2.44001e-06 2 4 3
0.0947009 2.43329e-06 2.43329e-06 2 4 3
0.0947008 2.4266e-06 2.4266e-06 2 4 3
0.0947007 2.41993e-06 2.41993e-06 2 4 3
0.0947007 2.41328e-06 2.41328e-06 2 4 3
0.0947006 2.40667e-06 2.40667e-06 2 4 3
0.0947006 2.40007e-06 2.40007e-06 2 4 3
0.0947005 2.39351e-06 2.39351e-06 2 4 3
0.0947004 2.38696e-06 2.38696e-06 2 4 3
0.0947004 2.38045e-06 2.38045e-06 2 4 3
0.0947003 2.37396e-06 2.37396e-06 2 4 3
0.0947002 2.36749e-06 2.36749e-06 2 4 3
0.0947002 2.36105e-06 2.36105e-06 2 4 3
0.0947001 2.35463e-06 2.35463e-06 2 4 3
0.0947001 2.34823e-06 2.34823e-06 2 4 3
0.0947 2.34187e-06 2.34187e-06 2 4 3
0.0946999 2.33552e-06 2.33552e-06 2 4 3
0.0946999 2.3292e-06 2.3292e-06 2 4 3
0.0946998 2.3229e-06 2.3229e-06 2 4 3
0.0946997 2.31663e-06 2.31663e-06 2 4 3
0.0946997 2.31038e-06 2.31038e-06 2 4 3
0.0946996 2.30416e-06 2.30416e-06 2 4 3
0.0946996 2.29795e-06 2.29795e-06 2 4 3
0.0946995 2.29178e-06 2.29178e-06 2 4 3
0.0946994 2.28562e-06 2.28562e-06 2 4 3
0.0946994 2.27949e-06 2.27949e-06 2 4 3
0.0946993 2.27338e-06 2.27338e-06 2 4 3
0.0946993 2.26729e-06 2.26729e-06 2 4 3
0.0946992 2.26123e-06 2.26123e-06 2 4 3
0.0946991 2.25519e-06 2.25519e-06 2 4 3
0.0946991 2.24917e-06 2.24917e-06 2 4 3
0.094699 2.24318e-06 2.24318e-06 2 4 3
0.0946989 2.23721e-06 2.23721e-06 2 4 3
0.0946989 2.23126e-06 2.23126e-06 2 4 3
0.0946988 2.22533e-06 2.22533e-06 2 4 3
0.0946988 2.21942e-06 2.21942e-06 2 4 3
0.0946987 2.21354e-06 2.21354e-06 2 4 3
0.0946987 2.20768e-06 2.20768e-06 2 4 3
0.0946986 2.20184e-06 2.20184e-06 2 4 3
0.0946985 2.19602e-06 2.19602e-06 2 4 3
0.0946985 2.19022e-06 2.19022e-06 2 4 3
0.0946984 2.18445e-06 2.18445e-06 2 4 3
0.0946984 2.1787e-06 2.1787e-06 2 4 3
0.0946983 2.17296e-06 2.17296e-06 2 4 3
0.0946982 2.16725e-06 2.16725e-06 2 4 3
0.0946982 2.16156e-06 2.16156e-06 2 4 3
0.0946981 2.15589e-06 2.15589e-06 2 4 3
0.0946981 2.15025e-06 2.15025e-06 2 4 3
0.094698 2.14462e-06 2.14462e-06 2 4 3
0.0946979 2.13901e-06 2.13901e-06 2 4 3
0.0946979 2.13343e-06 2.13343e-06 2 4 3
0.0946978 2.12786e-06 2.12786e-06 2 4 3
0.0946978 2.12232e-06 2.12232e-06 2 4 3
0.0946977 2.11679e-06 2.11679e-06 2 4 3
0.0946977 2.11129e-06 2.11129e-06 2 4 3
0.0946976 2.10581e-06 2.10581e-06 2 4 3
0.0946975 2.10034e-06 2.10034e-06 2 4 3
0.0946975 2.0949e-06 2.0949e-06 2 4 3
0.0946974 2.08948e-06 2.08948e-06 2 4 3
0.0946974 2.08407e-06 2.08407e-06 2 4 3
0.0946973 2.07869e-06 2.07869e-06 2 4 3
0.0946973 2.07332e-06 2.07332e-06 2 4 3
0.0946972 2.06798e-06 2.06798e-06 2 4 3
0.0946971 2.06265e-06 2.06265e-06 2 4 3
0.0946971 2.05735e-06 2.05735e-06 2 4 3
0.094697 2.05206e-06 2.05206e-06 2 4 3
0.094697 2.04679e-06 2.04679e-06 2 4 3
0.0946969 2.04154e-06 2.04154e-06 2 4 3
0.0946969 2.03632e-06 2.03632e-06 2 4 3
0.0946968 2.03111e-06 2.03111e-06 2 4 3
0.0946967 2.02591e-06 2.02591e-06 2 4 3
0.0946967 2.02074e-06 2.02074e-06 2 4 3
0.0946966 2.01559e-06 2.01559e-06 2 4 3
0.0946966 2.01045e-06 2.01045e-06 2 4 3
0.0946965 2.00533e-06 2.00533e-06 2 4 3
0.0946965 2.00024e-06 2.00024e-06 2 4 3
0.0946964 1.99516e-06 1.99516e-06 2 4 3
0.0946964 1.99009e-06 1.99009e-06 2 4 3
0.0946963 1.98505e-06 1.98505e-06 2 4 3
0.0946962 1.98002e-06 1.98002e-06 2 4 3
0.0946962 1.97502e-06 1.97502e-06 2 4 3
0.0946961 1.97003e-06 1.97003e-06 2 4 3
0.0946961 1.96505e-06 1.96505e-06 2 4 3
0.094696 1.9601e-06 1.9601e-06 2 4 3
0.094696 1.95516e-06 1.95516e-06 2 4 3
0.0946959 1.95025e-06 1.95025e-06 2 4 3
0.0946959 1.94534e-06 1.94534e-06 2 4 3
0.0946958 1.94046e-06 1.94046e-06 2 4 3
0.0946958 1.93559e-06 1.93559e-06 2 4 3
0.0946957 1.93074e-06 1.93074e-06 2 4 3
0.0946956 1.92591e-06 1.92591e-06 2 4 3
0.0946956 1.9211e-06 1.9211e-06 2 4 3
0.0946955 1.9163e-06 1.9163e-06 2 4 3
0.0946955 1.91152e-06 1.91152e-06 2 4 3
0.0946954 1.90676e-06 1.90676e-06 2 4 3
0.0946954 1.90201e-06 1.90201e-06 2 4 3
0.0946953 1.89728e-06 1.89728e-06 2 4 3
0.0946953 1.89257e-06 1.89257e-06 2 4 3
0.0946952 1.88787e-06 1.88787e-06 2 4 3
0.0946952 1.88319e-06 1.88319e-06 2 4 3
0.0946951 1.87853e-06 1.87853e-06 2 4 3
0.0946951 1.87388e-06 1.87388e-06 2 4 3
0.094695 1.86925e-06 1.86925e-06 2 4 3
0.094695 1.86463e-06 1.86463e-06 2 4 3
0.0946949 1.86004e-06 1.86004e-06 2 4 3
0.0946948 1.85545e-06 1.85545e-06 2 4 3
0.0946948 1.85089e-06 1.85089e-06 2 4 3
0.0946947 1.84634e-06 1.84634e-06 2 4 3
0.0946947 1.8418e-06 1.8418e-06 2 4 3
0.0946946 1.83728e-06 1.83728e-06 2 4 3
0.0946946 1.83278e-06 1.83278e-06 2 4 3
0.0946945 1.82829e-06 1.82829e-06 2 4 3
0.0946945 1.82382e-06 1.82382e-06 2 4 3
0.0946944 1.81937e-06 1.81937e-06 2 4 3
0.0946944 1.81493e-06 1.81493e-06 2 4 3
0.0946943 1.8105e-06 1.8105e-06 2 4 3
0.0946943 1.80609e-06 1.80609e-06 2 4 3
0.0946942 1.8017e-06 1.8017e-06 2 4 3
0.0946942 1.79732e-06 1.79732e-06 2 4 3
0.0946941 1.79296e-06 1.79296e-06 2 4 3
0.0946941 1.78861e-06 1.78861e-06 2 4 3
0.094694 1.78427e-06 1.78427e-06 2 4 3
0.094694 1.77995e-06 1.77995e-06 2 4 3
0.0946939 1.77565e-06 1.77565e-06 2 4 3
0.0946939 1.77136e-06 1.77136e-06 2 4 3
0.0946938 1.76709e-06 1.76709e-06 2 4 3
0.0946938 1.76283e-06 1.76283e-06 2 4 3
0.0946937 1.75858e-06 1.75858e-06 2 4 3
0.0946937 1.75435e-06 1.75435e-06 2 4 3
0.0946936 1.75014e-06 1.75014e-06 2 4 3
0.0946936 1.74594e-06 1.74594e-06 2 4 3
0.0946935 1.74175e-06 1.74175e-06 2 4 3
0.0946935 1.73758e-06 1.73758e-06 2 4 3
0.0946934 1.73342e-06 1.73342e-06 2 4 3
0.0946934 1.72927e-06 1.72927e-06 2 4 3
0.0946933 1.72514e-06 1.72514e-06 2 4 3
0.0946933 1.72103e-06 1.72103e-06 2 4 3
0.0946932 1.71693e-06 1.71693e-06 2 4 3
0.0946932 1.71284e-06 1.71284e-06 2 4 3
0.0946931 1.70877e-06 1.70877e-06 2 4 3
0.0946931 1.70471e-06 1.70471e-06 2 4 3
0.094693 1.70066e-06 1.70066e-06 2 4 3
0.094693 1.69663e-06 1.69663e-06 2 4 3
0.0946929 1.69261e-06 1.69261e-06 2 4 3
0.0946929 1.6886e-06 1.6886e-06 2 4 3
0.0946928 1.68461e-06 1.68461e-06 2 4 3
0.0946928 1.68063e-06 1.68063e-06 2 4 3
0.0946927 1.67667e-06 1.67667e-06 2 4 3
0.0946927 1.67272e-06 1.67272e-06 2 4 3
0.0946926 1.66878e-06 1.66878e-06 2 4 3
0.0946926 1.66486e-06 1.66486e-06 2 4 3
0.0946925 1.66094e-06 1.66094e-06 2 4 3
0.0946925 1.65705e-06 1.65705e-06 2 4 3
0.0946924 1.65316e-06 1.65316e-06 2 4 3
0.0946924 1.64929e-06 1.64929e-06 2 4 3
0.0946923 1.64543e-06 1.64543e-06 2 4 3
0.0946923 1.64158e-06 1.64158e-06 2 4 3
0.0946922 1.63775e-06 1.63775e-06 2 4 3
0.0946922 1.63393e-06 1.63393e-06 2 4 3
0.0946921 1.63012e-06 1.63012e-06 2 4 3
0.0946921 1.62633e-06 1.62633e-06 2 4 3
0.0946921 1.62255e-06 1.62255e-06 2 4 3
0.094692 1.61878e-06 1.61878e-06 2 4 3
0.094692 1.61502e-06 1.61502e-06 2 4 3
0.0946919 1.61127e-06 1.61127e-06 2 4 3
0.0946919 1.60754e-06 1.60754e-06 2 4 3
0.0946918 1.60382e-06 1.60382e-06 2 4 3
0.0946918 1.60012e-06 1.60012e-06 2 4 3
0.0946917 1.59642e-06 1.59642e-06 2 4 3
0.0946917 1.59274e-06 1.59274e-06 2 4 3
0.0946916 1.58907e-06 1.58907e-06 2 4 3
0.0946916 1.58541e-06 1.58541e-06 2 4 3
0.0946915 1.58176e-06 1.58176e-06 2 4 3
0.0946915 1.57813e-06 1.57813e-06 2 4 3
0.0946914 1.57451e-06 1.57451e-06 2 4 3
0.0946914 1.5709e-06 1.5709e-06 2 4 3
0.0946914 1.5673e-06 1.5673e-06 2 4 3
0.0946913 1.56371e-06 1.56371e-06 2 4 3
0.0946913 1.56014e-06 1.56014e-06 2 4 3
0.0946912 1.55657e-06 1.55657e-06 2 4 3
0.0946912 1.55302e-06 1.55302e-06 2 4 3
0.0946911 1.54948e-06 1.54948e-06 2 4 3
0.0946911 1.54596e-06 1.54596e-06 2 4 3
0.094691 1.54244e-06 1.54244e-06 2 4 3
0.094691 1.53893e-06 1.53893e-06 2 4 3
0.0946909 1.53544e-06 1.53544e-06 2 4 3
0.0946909 1.53196e-06 1.53196e-06 2 4 3
0.0946908 1.52849e-06 1.52849e-06 2 4 3
0.0946908 1.52503e-06 1.52503e-06 2 4 3
0.0946908 1.52158e-06 1.52158e-06 2 4 3
0.0946907 1.51814e-06 1.51814e-06 2 4 3
0.0946907 1.51472e-06 1.51472e-06 2 4 3
0.0946906 1.5113e-06 1.5113e-06 2 4 3
0.0946906 1.5079e-06 1.5079e-06 2 4 3
0.0946905 1.50451e-06 1.50451e-06 2 4 3
0.0946905 1.50113e-06 1.50113e-06 2 4 3
0.0946904 1.49776e-06 1.49776e-06 2 4 3
0.0946904 1.4944e-06 1.4944e-06 2 4 3
0.0946904 1.49105e-06 1.49105e-06 2 4 3
0.0946903 1.48771e-06 1.48771e-06 2 4 3
0.0946903 1.48439e-06 1.48439e-06 2 4 3
0.0946902 1.48107e-06 1.48107e-06 2 4 3
0.0946902 1.47776e-06 1.47776e-06 2 4 3
0.0946901 1.47447e-06 1.47447e-06 2 4 3
0.0946901 1.47118e-06 1.47118e-06 2 4 3
0.09469 1.46791e-06 1.46791e-06 2 4 3
0.09469 1.46465e-06 1.46465e-06 2 4 3
0.09469 1.4614e-06 1.4614e-06 2 4 3
0.0946899 1.45815e-06 1.45815e-06 2 4 3
0.0946899 1.45492e-06 1.45492e-06 2 4 3
0.0946898 1.4517e-06 1.4517e-06 2 4 3
0.0946898 1.44849e-06 1.44849e-06 2 4 3
0.0946897 1.44529e-06 1.44529e-06 2 4 3
0.0946897 1.4421e-06 1.4421e-06 2 4 3
0.0946897 1.43892e-06 1.43892e-06 2 4 3
0.0946896 1.43575e-06 1.43575e-06 2 4 3
0.0946896 1.43259e-06 1.43259e-06 2 4 3
0.0946895 1.42944e-06 1.42944e-06 2 4 3
0.0946895 1.4263e-06 1.4263e-06 2 4 3
0.0946894 1.42317e-06 1.42317e-06 2 4 3
0.0946894 1.42005e-06 1.42005e-06 2 4 3
0.0946893 1.41694e-06 1.41694e-06 2 4 3
0.0946893 1.41384e-06 1.41384e-06 2 4 3
0.0946893 1.41075e-06 1.41075e-06 2 4 3
0.0946892 1.40767e-06 1.40767e-06 2 4 3
0.0946892 1.4046e-06 1.4046e-06 2 4 3
0.0946891 1.40153e-06 1.40153e-06 2 4 3
0.0946891 1.39848e-06 1.39848e-06 2 4 3
0.0946891 1.39544e-06 1.39544e-06 2 4 3
0.094689 1.39241e-06 1.39241e-06 2 4 3
0.094689 1.38939e-06 1.38939e-06 2 4 3
0.0946889 1.38637e-06 1.38637e-06 2 4 3
0.0946889 1.38337e-06 1.38337e-06 2 4 3
0.0946888 1.38037e-06 1.38037e-06 2 4 3
0.0946888 1.37739e-06 1.37739e-06 2 4 3
0.0946888 1.37441e-06 1.37441e-06 2 4 3
0.0946887 1.37145e-06 1.37145e-06 2 4 3
0.0946887 1.36849e-06 1.36849e-06 2 4 3
0.0946886 1.36554e-06 1.36554e-06 2 4 3
0.0946886 1.3626e-06 1.3626e-06 2 4 3
0.0946886 1.35968e-06 1.35968e-06 2 4 3
0.0946885 1.35676e-06 1.35676e-06 2 4 3
0.0946885 1.35384e-06 1.35384e-06 2 4 3
0.0946884 1.35094e-06 1.35094e-06 2 4 3
0.0946884 1.34805e-06 1.34805e-06 2 4 3
0.0946883 1.34517e-06 1.34517e-06 2 4 3
0.0946883 1.34229e-06 1.34229e-06 2 4 3
0.0946883 1.33943e-06 1.33943e-06 2 4 3
0.0946882 1.33657e-06 1.33657e-06 2 4 3
0.0946882 1.33372e-06 1.33372e-06 2 4 3
0.0946881 1.33088e-06 1.33088e-06 2 4 3
0.0946881 1.32805e-06 1.32805e-06 2 4 3
0.0946881 1.32523e-06 1.32523e-06 2 4 3
0.094688 1.32242e-06 1.32242e-06 2 4 3
0.094688 1.31961e-06 1.31961e-06 2 4 3
0.0946879 1.31682e-06 1.31682e-06 2 4 3
0.0946879 1.31403e-06 1.31403e-06 2 4 3
0.0946879 1.31125e-06 1.31125e-06 2 4 3
0.0946878 1.30848e-06 1.30848e-06 2 4 3
0.0946878 1.30572e-06 1.30572e-06 2 4 3
0.0946877 1.30297e-06 1.30297e-06 2 4 3
0.0946877 1.30022e-06 1.30022e-06 2 4 3
0.0946877 1.29749e-06 1.29749e-06 2 4 3
0.0946876 1.29476e-06 1.29476e-06 2 4 3
0.0946876 1.29204e-06 1.29204e-06 2 4 3
0.0946875 1.28933e-06 1.28933e-06 2 4 3
0.0946875 1.28663e-06 1.28663e-06 2 4 3
0.0946875 1.28393e-06 1.28393e-06 2 4 3
0.0946874 1.28125e-06 1.28125e-06 2 4 3
0.0946874 1.27857e-06 1.27857e-06 2 4 3
0.0946873 1.2759e-06 1.2759e-06 2 4 3
0.0946873 1.27324e-06 1.27324e-06 2 4 3
0.0946873 1.27058e-06 1.27058e-06 2 4 3
0.0946872 1.26794e-06 1.26794e-06 2 4 3
0.0946872 1.2653e-06 1.2653e-06 2 4 3
0.0946871 1.26267e-06 1.26267e-06 2 4 3
0.0946871 1.26005e-06 1.26005e-06 2 4 3
0.0946871 1.25744e-06 1.25744e-06 2 4 3
0.094687 1.25483e-06 1.25483e-06 2 4 3
0.094687 1.25223e-06 1.25223e-06 2 4 3
0.0946869 1.24964e-06 1.24964e-06 2 4 3
0.0946869 1.24706e-06 1.24706e-06 2 4 3
0.0946869 1.24449e-06 1.24449e-06 2 4 3
0.0946868 1.24192e-06 1.24192e-06 2 4 3
0.0946868 1.23936e-06 1.23936e-06 2 4 3
0.0946868 1.23681e-06 1.23681e-06 2 4 3
0.0946867 1.23427e-06 1.23427e-06 2 4 3
0.0946867 1.23173e-06 1.23173e-06 2 4 3
0.0946866 1.22921e-06 1.22921e-06 2 4 3
0.0946866 1.22669e-06 1.22669e-06 2 4 3
0.0946866 1.22417e-06 1.22417e-06 2 4 3
0.0946865 1.22167e-06 1.22167e-06 2 4 3
0.0946865 1.21917e-06 1.21917e-06 2 4 3
0.0946864 1.21668e-06 1.21668e-06 2 4 3
0.0946864 1.2142e-06 1.2142e-06 2 4 3
0.0946864 1.21172e-06 1.21172e-06 2 4 3
0.0946863 1.20926e-06 1.20926e-06 2 4 3
0.0946863 1.20679e-06 1.20679e-06 2 4 3
0.0946863 1.20434e-06 1.20434e-06 2 4 3
0.0946862 1.2019e-06 1.2019e-06 2 4 3
0.0946862 1.19946e-06 1.19946e-06 2 4 3
0.0946861 1.19703e-06 1.19703e-06 2 4 3
0.0946861 1.1946e-06 1.1946e-06 2 4 3
0.0946861 1.19219e-06 1.19219e-06 2 4 3
0.094686 1.18978e-06 1.18978e-06 2 4 3
0.094686 1.18737e-06 1.18737e-06 2 4 3
0.094686 1.18498e-06 1.18498e-06 2 4 3
0.0946859 1.18259e-06 1.18259e-06 2 4 3
0.0946859 1.18021e-06 1.18021e-06 2 4 3
0.0946859 1.17783e-06 1.17783e-06 2 4 3
0.0946858 1.17547e-06 1.17547e-06 2 4 3
0.0946858 1.17311e-06 1.17311e-06 2 4 3
0.0946857 1.17075e-06 1.17075e-06 2 4 3
0.0946857 1.16841e-06 1.16841e-06 2 4 3
0.0946857 1.16607e-06 1.16607e-06 2 4 3
0.0946856 1.16374e-06 1.16374e-06 2 4 3
0.0946856 1.16141e-06 1.16141e-06 2 4 3
0.0946856 1.15909e-06 1.15909e-06 2 4 3
0.0946855 1.15678e-06 1.15678e-06 2 4 3
0.0946855 1.15447e-06 1.15447e-06 2 4 3
0.0946854 1.15218e-06 1.15218e-06 2 4 3
0.0946854 1.14988e-06 1.14988e-06 2 4 3
0.0946854 1.1476e-06 1.1476e-06 2 4 3
0.0946853 1.14532e-06 1.14532e-06 2 4 3
0.0946853 1.14305e-06 1.14305e-06 2 4 3
0.0946853 1.14078e-06 1.14078e-06 2 4 3
0.0946852 1.13853e-06 1.13853e-06 2 4 3
0.0946852 1.13627e-06 1.13627e-06 2 4 3
0.0946852 1.13403e-06 1.13403e-06 2 4 3
0.0946851 1.13179e-06 1.13179e-06 2 4 3
0.0946851 1.12956e-06 1.12956e-06 2 4 3
0.0946851 1.12733e-06 1.12733e-06 2 4 3
0.094685 1.12511e-06 1.12511e-06 2 4 3
0.094685 1.1229e-06 1.1229e-06 2 4 3
0.0946849 1.12069e-06 1.12069e-06 2 4 3
0.0946849 1.1185e-06 1.1185e-06 2 4 3
0.0946849 1.1163e-06 1.1163e-06 2 4 3
0.0946848 1.11411e-06 1.11411e-06 2 4 3
0.0946848 1.11193e-06 1.11193e-06 2 4 3
0.0946848 1.10976e-06 1.10976e-06 2 4 3
0.0946847 1.10759e-06 1.10759e-06 2 4 3
0.0946847 1.10543e-06 1.10543e-06 2 4 3
0.0946847 1.10327e-06 1.10327e-06 2 4 3
0.0946846 1.10112e-06 1.10112e-06 2 4 3
0.0946846 1.09898e-06 1.09898e-06 2 4 3
0.0946846 1.09684e-06 1.09684e-06 2 4 3
0.0946845 1.09471e-06 1.09471e-06 2 4 3
0.0946845 1.09259e-06 1.09259e-06 2 4 3
0.0946845 1.09047e-06 1.09047e-06 2 4 3
0.0946844 1.08836e-06 1.08836e-06 2 4 3
0.0946844 1.08625e-06 1.08625e-06 2 4 3
0.0946843 1.08415e-06 1.08415e-06 2 4 3
0.0946843 1.08205e-06 1.08205e-06 2 4 3
0.0946843 1.07996e-06 1.07996e-06 2 4 3
0.0946842 1.07788e-06 1.07788e-06 2 4 3
0.0946842 1.07581e-06 1.07581e-06 2 4 3
0.0946842 1.07373e-06 1.07373e-06 2 4 3
0.0946841 1.07167e-06 1.07167e-06 2 4 3
0.0946841 1.06961e-06 1.06961e-06 2 4 3
0.0946841 1.06756e-06 1.06756e-06 2 4 3
0.094684 1.06551e-06 1.06551e-06 2 4 3
0.094684 1.06347e-06 1.06347e-06 2 4 3
0.094684 1.06143e-06 1.06143e-06 2 4 3
0.0946839 1.0594e-06 1.0594e-06 2 4 3
0.0946839 1.05738e-06 1.05738e-06 2 4 3
0.0946839 1.05536e-06 1.05536e-06 2 4 3
0.0946838 1.05335e-06 1.05335e-06 2 4 3
0.0946838 1.05134e-06 1.05134e-06 2 4 3
0.0946838 1.04934e-06 1.04934e-06 2 4 3
0.0946837 1.04734e-06 1.04734e-06 2 4 3
0.0946837 1.04535e-06 1.04535e-06 2 4 3
0.0946837 1.04337e-06 1.04337e-06 2 4 3
0.0946836 1.04139e-06 1.04139e-06 2 4 3
0.0946836 1.03942e-06 1.03942e-06 2 4 3
0.0946836 1.03745e-06 1.03745e-06 2 4 3
0.0946835 1.03549e-06 1.03549e-06 2 4 3
0.0946835 1.03353e-06 1.03353e-06 2 4 3
0.0946835 1.03158e-06 1.03158e-06 2 4 3
0.0946834 1.02963e-06 1.02963e-06 2 4 3
0.0946834 1.02769e-06 1.02769e-06 2 4 3
0.0946834 1.02576e-06 1.02576e-06 2 4 3
0.0946833 1.02383e-06 1.02383e-06 2 4 3
0.0946833 1.0219e-06 1.0219e-06 2 4 3
0.0946833 1.01999e-06 1.01999e-06 2 4 3
0.0946832 1.01807e-06 1.01807e-06 2 4 3
0.0946832 1.01616e-06 1.01616e-06 2 4 3
0.0946832 1.01426e-06 1.01426e-06 2 4 3
0.0946831 1.01236e-06 1.01236e-06 2 4 3
0.0946831 1.01047e-06 1.01047e-06 2 4 3
0.0946831 1.00859e-06 1.00859e-06 2 4 3
0.094683 1.0067e-06 1.0067e-06 2 4 3
0.094683 1.00483e-06 1.00483e-06 2 4 3
0.094683 1.00296e-06 1.00296e-06 2 4 3
0.0946829 1.00109e-06 1.00109e-06 2 4 3
0.0946829 9.99231e-07 9.99231e-07 2 4 3
0.0946829 9.97375e-07 9.97375e-07 2 4 3
0.0946828 9.95525e-07 9.95525e-07 2 4 3
0.0946828 9.93679e-07 9.93679e-07 2 4 3
0.0946828 9.91839e-07 9.91839e-07 2 4 3
0.0946828 9.90004e-07 9.90004e-07 2 4 3
0.0946827 9.88174e-07 9.88174e-07 2 4 3
0.0946827 9.86349e-07 9.86349e-07 2 4 3
0.0946827 9.84529e-07 9.84529e-07 2 4 3
0.0946826 9.82714e-07 9.82714e-07 2 4 3
0.0946826 9.80904e-07 9.80904e-07 2 4 3
0.0946826 9.79099e-07 9.79099e-07 2 4 3
0.0946825 9.77299e-07 9.77299e-07 2 4 3
0.0946825 9.75504e-07 9.75504e-07 2 4 3
0.0946825 9.73714e-07 9.73714e-07 2 4 3
0.0946824 9.71928e-07 9.71928e-07 2 4 3
0.0946824 9.70148e-07 9.70148e-07 2 4 3
0.0946824 9.68372e-07 9.68372e-07 2 4 3
0.0946823 9.66602e-07 9.66602e-07 2 4 3
0.0946823 9.64836e-07 9.64836e-07 2 4 3
0.0946823 9.63075e-07 9.63075e-07 2 4 3
0.0946822 9.61319e-07 9.61319e-07 2 4 3
0.0946822 9.59567e-07 9.59567e-07 2 4 3
0.0946822 9.57821e-07 9.57821e-07 2 4 3
0.0946822 9.56079e-07 9.56079e-07 2 4 3
0.0946821 9.54342e-07 9.54342e-07 2 4 3
0.0946821 9.52609e-07 9.52609e-07 2 4 3
0.0946821 9.50882e-07 9.50882e-07 2 4 3
0.094682 9.49159e-07 9.49159e-07 2 4 3
0.094682 9.4744e-07 9.4744e-07 2 4 3
0.094682 9.45727e-07 9.45727e-07 2 4 3
0.0946819 9.44018e-07 9.44018e-07 2 4 3
0.0946819 9.42313e-07 9.42313e-07 2 4 3
0.0946819 9.40614e-07 9.40614e-07 2 4 3
0.0946818 9.38918e-07 9.38918e-07 2 4 3
0.0946818 9.37228e-07 9.37228e-07 2 4 3
0.0946818 9.35542e-07 9.35542e-07 2 4 3
0.0946818 9.3386e-07 9.3386e-07 2 4 3
0.0946817 9.32183e-07 9.32183e-07 2 4 3
0.0946817 9.30511e-07 9.30511e-07 2 4 3
0.0946817 9.28843e-07 9.28843e-07 2 4 3
0.0946816 9.27179e-07 9.27179e-07 2 4 3
0.0946816 9.2552e-07 9.2552e-07 2 4 3
0.0946816 9.23866e-07 9.23866e-07 2 4 3
0.0946815 9.22216e-07 9.22216e-07 2 4 3
0.0946815 9.2057e-07 9.2057e-07 2 4 3
0.0946815 9.18929e-07 9.18929e-07 2 4 3
0.0946814 9.17292e-07 9.17292e-07 2 4 3
0.0946814 9.15659e-07 9.15659e-07 2 4 3
0.0946814 9.14031e-07 9.14031e-07 2 4 3
0.0946814 9.12407e-07 9.12407e-07 2 4 3
0.0946813 9.10788e-07 9.10788e-07 2 4 3
0.0946813 9.09173e-07 9.09173e-07 2 4 3
0.0946813 9.07562e-07 9.07562e-07 2 4 3
0.0946812 9.05956e-07 9.05956e-07 2 4 3
0.0946812 9.04353e-07 9.04353e-07 2 4 3
0.0946812 9.02755e-07 9.02755e-07 2 4 3
0.0946811 9.01162e-07 9.01162e-07 2 4 3
0.0946811 8.99572e-07 8.99572e-07 2 4 3
0.0946811 8.97987e-07 8.97987e-07 2 4 3
0.0946811 8.96406e-07 8.96406e-07 2 4 3
0.094681 8.94829e-07 8.94829e-07 2 4 3
0.094681 8.93256e-07 8.93256e-07 2 4 3
0.094681 8.91688e-07 8.91688e-07 2 4 3
0.0946809 8.90123e-07 8.90123e-07 2 4 3
0.0946809 8.88563e-07 8.88563e-07 2 4 3
0.0946809 8.87007e-07 8.87007e-07 2 4 3
0.0946809 8.85455e-07 8.85455e-07 2 4 3
0.0946808 8.83907e-07 8.83907e-07 2 4 3
0.0946808 8.82363e-07 8.82363e-07 2 4 3
0.0946808 8.80823e-07 8.80823e-07 2 4 3
0.0946807 8.79287e-07 8.79287e-07 2 4 3
0.0946807 8.77756e-07 8.77756e-07 2 4 3
0.0946807 8.76228e-07 8.76228e-07 2 4 3
0.0946807 8.74704e-07 8.74704e-07 2 4 3
0.0946806 8.73185e-07 8.73185e-07 2 4 3
0.0946806 8.71669e-07 8.71669e-07 2 4 3
0.0946806 8.70157e-07 8.70157e-07 2 4 3
0.0946805 8.68649e-07 8.68649e-07 2 4 3
0.0946805 8.67146e-07 8.67146e-07 2 4 3
0.0946805 8.65646e-07 8.65646e-07 2 4 3
0.0946805 8.6415e-07 8.6415e-07 2 4 3
0.0946804 8.62658e-07 8.62658e-07 2 4 3
0.0946804 8.6117e-07 8.6117e-07 2 4 3
0.0946804 8.59685e-07 8.59685e-07 2 4 3
0.0946803 8.58205e-07 8.58205e-07 2 4 3
0.0946803 8.56728e-07 8.56728e-07 2 4 3
0.0946803 8.55256e-07 8.55256e-07 2 4 3
0.0946803 8.53787e-07 8.53787e-07 2 4 3
0.0946802 8.52322e-07 8.52322e-07 2 4 3
0.0946802 8.5086e-07 8.5086e-07 2 4 3
0.0946802 8.49403e-07 8.49403e-07 2 4 3
0.0946801 8.47949e-07 8.47949e-07 2 4 3
0.0946801 8.46499e-07 8.46499e-07 2 4 3
0.0946801 8.45053e-07 8.45053e-07 2 4 3
0.0946801 8.4361e-07 8.4361e-07 2 4 3
0.09468 8.42172e-07 8.42172e-07 2 4 3
0.09468 8.40737e-07 8.40737e-07 2 4 3
0.09468 8.39305e-07 8.39305e-07 2 4 3
0.0946799 8.37878e-07 8.37878e-07 2 4 3
0.0946799 8.36454e-07 8.36454e-07 2 4 3
0.0946799 8.35034e-07 8.35034e-07 2 4 3
0.0946799 8.33617e-07 8.33617e-07 2 4 3
0.0946798 8.32204e-07 8.32204e-07 2 4 3
0.0946798 8.30795e-07 8.30795e-07 2 4 3
0.0946798 8.29389e-07 8.29389e-07 2 4 3
0.0946798 8.27987e-07 8.27987e-07 2 4 3
0.0946797 8.26588e-07 8.26588e-07 2 4 3
0.0946797 8.25193e-07 8.25193e-07 2 4 3
0.0946797 8.23802e-07 8.23802e-07 2 4 3
0.0946796 8.22414e-07 8.22414e-07 2 4 3
0.0946796 8.2103e-07 8.2103e-07 2 4 3
0.0946796 8.19649e-07 8.19649e-07 2 4 3
0.0946796 8.18272e-07 8.18272e-07 2 4 3
0.0946795 8.16899e-07 8.16899e-07 2 4 3
0.0946795 8.15528e-07 8.15528e-07 2 4 3
0.0946795 8.14162e-07 8.14162e-07 2 4 3
0.0946794 8.12799e-07 8.12799e-07 2 4 3
0.0946794 8.11439e-07 8.11439e-07 2 4 3
0.0946794 8.10083e-07 8.10083e-07 2 4 3
0.0946794 8.0873e-07 8.0873e-07 2 4 3
0.0946793 8.0738e-07 8.0738e-07 2 4 3
0.0946793 8.06034e-07 8.06034e-07 2 4 3
0.0946793 8.04692e-07 8.04692e-07 2 4 3
0.0946793 8.03353e-07 8.03353e-07 2 4 3
0.0946792 8.02017e-07 8.02017e-07 2 4 3
0.0946792 8.00685e-07 8.00685e-07 2 4 3
0.0946792 7.99356e-07 7.99356e-07 2 4 3
0.0946792 7.9803e-07 7.9803e-07 2 4 3
0.0946791 7.96708e-07 7.96708e-07 2 4 3
0.0946791 7.95389e-07 7.95389e-07 2 4 3
0.0946791 7.94073e-07 7.94073e-07 2 4 3
0.094679 7.92761e-07 7.92761e-07 2 4 3
0.094679 7.91452e-07 7.91452e-07 2 4 3
0.094679 7.90146e-07 7.90146e-07 2 4 3
0.094679 7.88844e-07 7.88844e-07 2 4 3
0.0946789 7.87544e-07 7.87544e-07 2 4 3
0.0946789 7.86249e-07 7.86249e-07 2 4 3
0.0946789 7.84956e-07 7.84956e-07 2 4 3
0.0946789 7.83667e-07 7.83667e-07 2 4 3
0.0946788 7.8238e-07 7.8238e-07 2 4 3
0.0946788 7.81097e-07 7.81097e-07 2 4 3
0.0946788 7.79818e-07 7.79818e-07 2 4 3
0.0946788 7.78541e-07 7.78541e-07 2 4 3
0.0946787 7.77268e-07 7.77268e-07 2 4 3
0.0946787 7.75998e-07 7.75998e-07 2 4 3
0.0946787 7.74731e-07 7.74731e-07 2 4 3
0.0946787 7.73467e-07 7.73467e-07 2 4 3
0.0946786 7.72206e-07 7.72206e-07 2 4 3
0.0946786 7.70949e-07 7.70949e-07 2 4 3
0.0946786 7.69694e-07 7.69694e-07 2 4 3
0.0946786 7.68443e-07 7.68443e-07 2 4 3
0.0946785 7.67195e-07 7.67195e-07 2 4 3
0.0946785 7.6595e-07 7.6595e-07 2 4 3
0.0946785 7.64708e-07 7.64708e-07 2 4 3
0.0946784 7.63469e-07 7.63469e-07 2 4 3
0.0946784 7.62233e-07 7.62233e-07 2 4 3
0.0946784 7.61e-07 7.61e-07 2 4 3
0.0946784 7.5977e-07 7.5977e-07 2 4 3
0.0946783 7.58544e-07 7.58544e-07 2 4 3
0.0946783 7.5732e-07 7.5732e-07 2 4 3
0.0946783 7.56099e-07 7.56099e-07 2 4 3
0.0946783 7.54882e-07 7.54882e-07 2 4 3
0.0946782 7.53667e-07 7.53667e-07 2 4 3
0.0946782 7.52455e-07 7.52455e-07 2 4 3
0.0946782 7.51247e-07 7.51247e-07 2 4 3
0.0946782 7.50041e-07 7.50041e-07 2 4 3
0.0946781 7.48838e-07 7.48838e-07 2 4 3
0.0946781 7.47639e-07 7.47639e-07 2 4 3
0.0946781 7.46442e-07 7.46442e-07 2 4 3
0.0946781 7.45248e-07 7.45248e-07 2 4 3
0.094678 7.44057e-07 7.44057e-07 2 4 3
0.094678 7.42869e-07 7.42869e-07 2 4 3
0.094678 7.41684e-07 7.41684e-07 2 4 3
0.094678 7.40502e-07 7.40502e-07 2 4 3
0.0946779 7.39322e-07 7.39322e-07 2 4 3
0.0946779 7.38146e-07 7.38146e-07 2 4 3
0.0946779 7.36972e-07 7.36972e-07 2 4 3
0.0946779 7.35802e-07 7.35802e-07 2 4 3
0.0946778 7.34634e-07 7.34634e-07 2 4 3
0.0946778 7.33469e-07 7.33469e-07 2 4 3
0.0946778 7.32307e-07 7.32307e-07 2 4 3
0.0946778 7.31147e-07 7.31147e-07 2 4 3
0.0946777 7.29991e-07 7.29991e-07 2 4 3
0.0946777 7.28837e-07 7.28837e-07 2 4 3
0.0946777 7.27686e-07 7.27686e-07 2 4 3
0.0946777 7.26538e-07 7.26538e-07 2 4 3
0.0946776 7.25393e-07 7.25393e-07 2 4 3
0.0946776 7.24251e-07 7.24251e-07 2 4 3
0.0946776 7.23111e-07 7.23111e-07 2 4 3
0.0946776 7.21974e-07 7.21974e-07 2 4 3
0.0946775 7.2084e-07 7.2084e-07 2 4 3
0.0946775 7.19708e-07 7.19708e-07 2 4 3
0.0946775 7.18579e-07 7.18579e-07 2 4 3
0.0946775 7.17453e-07 7.17453e-07 2 4 3
0.0946775 7.1633e-07 7.1633e-07 2 4 3
0.0946774 7.15209e-07 7.15209e-07 2 4 3
0.0946774 7.14091e-07 7.14091e-07 2 4 3
0.0946774 7.12976e-07 7.12976e-07 2 4 3
0.0946774 7.11864e-07 7.11864e-07 2 4 3
0.0946773 7.10754e-07 7.10754e-07 2 4 3
0.0946773 7.09647e-07 7.09647e-07 2 4 3
0.0946773 7.08542e-07 7.08542e-07 2 4 3
0.0946773 7.0744e-07 7.0744e-07 2 4 3
0.0946772 7.06341e-07 7.06341e-07 2 4 3
0.0946772 7.05244e-07 7.05244e-07 2 4 3
0.0946772 7.0415e-07 7.0415e-07 2 4 3
0.0946772 7.03059e-07 7.03059e-07 2 4 3
0.0946771 7.0197e-07 7.0197e-07 2 4 3
0.0946771 7.00884e-07 7.00884e-07 2 4 3
0.0946771 6.99801e-07 6.99801e-07 2 4 3
0.0946771 6.9872e-07 6.9872e-07 2 4 3
0.094677 6.97641e-07 6.97641e-07 2 4 3
0.094677 6.96565e-07 6.96565e-07 2 4 3
0.094677 6.95492e-07 6.95492e-07 2 4 3
0.094677 6.94421e-07 6.94421e-07 2 4 3
0.0946769 6.93353e-07 6.93353e-07 2 4 3
0.0946769 6.92288e-07 6.92288e-07 2 4 3
0.0946769 6.91225e-07 6.91225e-07 2 4 3
0.0946769 6.90164e-07 6.90164e-07 2 4 3
0.0946769 6.89106e-07 6.89106e-07 2 4 3
0.0946768 6.88051e-07 6.88051e-07 2 4 3
0.0946768 6.86998e-07 6.86998e-07 2 4 3
0.0946768 6.85947e-07 6.85947e-07 2 4 3
0.0946768 6.84899e-07 6.84899e-07 2 4 3
0.0946767 6.83853e-07 6.83853e-07 2 4 3
0.0946767 6.8281e-07 6.8281e-07 2 4 3
0.0946767 6.8177e-07 6.8177e-07 2 4 3
0.0946767 6.80732e-07 6.80732e-07 2 4 3
0.0946766 6.79696e-07 6.79696e-07 2 4 3
0.0946766 6.78663e-07 6.78663e-07 2 4 3
0.0946766 6.77632e-07 6.77632e-07 2 4 3
0.0946766 6.76603e-07 6.76603e-07 2 4 3
0.0946766 6.75577e-07 6.75577e-07 2 4 3
0.0946765 6.74554e-07 6.74554e-07 2 4 3
0.0946765 6.73533e-07 6.73533e-07 2 4 3
0.0946765 6.72514e-07 6.72514e-07 2 4 3
0.0946765 6.71497e-07 6.71497e-07 2 4 3
0.0946764 6.70483e-07 6.70483e-07 2 4 3
0.0946764 6.69472e-07 6.69472e-07 2 4 3
0.0946764 6.68462e-07 6.68462e-07 2 4 3
0.0946764 6.67456e-07 6.67456e-07 2 4 3
0.0946763 6.66451e-07 6.66451e-07 2 4 3
0.0946763 6.65449e-07 6.65449e-07 2 4 3
0.0946763 6.64449e-07 6.64449e-07 2 4 3
0.0946763 6.63451e-07 6.63451e-07 2 4 3
0.0946763 6.62456e-07 6.62456e-07 2 4 3
0.0946762 6.61463e-07 6.61463e-07 2 4 3
0.0946762 6.60473e-07 6.60473e-07 2 4 3
0.0946762 6.59485e-07 6.59485e-07 2 4 3
0.0946762 6.58499e-07 6.58499e-07 2 4 3
0.0946761 6.57515e-07 6.57515e-07 2 4 3
0.0946761 6.56534e-07 6.56534e-07 2 4 3
0.0946761 6.55554e-07 6.55554e-07 2 4 3
0.0946761 6.54578e-07 6.54578e-07 2 4 3
0.0946761 6.53603e-07 6.53603e-07 2 4 3
0.094676 6.52631e-07 6.52631e-07 2 4 3
0.094676 6.51661e-07 6.51661e-07 2 4 3
0.094676 6.50693e-07 6.50693e-07 2 4 3
0.094676 6.49727e-07 6.49727e-07 2 4 3
0.0946759 6.48764e-07 6.48764e-07 2 4 3
0.0946759 6.47803e-07 6.47803e-07 2 4 3
0.0946759 6.46844e-07 6.46844e-07 2 4 3
0.0946759 6.45887e-07 6.45887e-07 2 4 3
0.0946759 6.44933e-07 6.44933e-07 2 4 3
0.0946758 6.43981e-07 6.43981e-07 2 4 3
0.0946758 6.4303e-07 6.4303e-07 2 4 3
0.0946758 6.42083e-07 6.42083e-07 2 4 3
0.0946758 6.41137e-07 6.41137e-07 2 4 3
0.0946757 6.40193e-07 6.40193e-07 2 4 3
0.0946757 6.39252e-07 6.39252e-07 2 4 3
0.0946757 6.38313e-07 6.38313e-07 2 4 3
0.0946757 6.37376e-07 6.37376e-07 2 4 3
0.0946757 6.36441e-07 6.36441e-07 2 4 3
0.0946756 6.35508e-07 6.35508e-07 2 4 3
0.0946756 6.34577e-07 6.34577e-07 2 4 3
0.0946756 6.33649e-07 6.33649e-07 2 4 3
0.0946756 6.32722e-07 6.32722e-07 2 4 3
0.0946756 6.31798e-07 6.31798e-07 2 4 3
0.0946755 6.30876e-07 6.30876e-07 2 4 3
0.0946755 6.29956e-07 6.29956e-07 2 4 3
0.0946755 6.29038e-07 6.29038e-07 2 4 3
0.0946755 6.28122e-07 6.28122e-07 2 4 3
0.0946754 6.27208e-07 6.27208e-07 2 4 3
0.0946754 6.26296e-07 6.26296e-07 2 4 3
0.0946754 6.25387e-07 6.25387e-07 2 4 3
0.0946754 6.24479e-07 6.24479e-07 2 4 3
0.0946754 6.23574e-07 6.23574e-07 2 4 3
0.0946753 6.2267e-07 6.2267e-07 2 4 3
0.0946753 6.21769e-07 6.21769e-07 2 4 3
0.0946753 6.2087e-07 6.2087e-07 2 4 3
0.0946753 6.19972e-07 6.19972e-07 2 4 3
0.0946753 6.19077e-07 6.19077e-07 2 4 3
0.0946752 6.18184e-07 6.18184e-07 2 4 3
0.0946752 6.17292e-07 6.17292e-07 2 4 3
0.0946752 6.16403e-07 6.16403e-07 2 4 3
0.0946752 6.15516e-07 6.15516e-07 2 4 3
0.0946751 6.14631e-07 6.14631e-07 2 4 3
0.0946751 6.13747e-07 6.13747e-07 2 4 3
0.0946751 6.12866e-07 6.12866e-07 2 4 3
0.0946751 6.11987e-07 6.11987e-07 2 4 3
0.0946751 6.1111e-07 6.1111e-07 2 4 3
0.094675 6.10234e-07 6.10234e-07 2 4 3
0.094675 6.09361e-07 6.09361e-07 2 4 3
0.094675 6.0849e-07 6.0849e-07 2 4 3
0.094675 6.0762e-07 6.0762e-07 2 4 3
0.094675 6.06753e-07 6.06753e-07 2 4 3
0.0946749 6.05887e-07 6.05887e-07 2 4 3
0.0946749 6.05024e-07 6.05024e-07 2 4 3
0.0946749 6.04162e-07 6.04162e-07 2 4 3
0.0946749 6.03302e-07 6.03302e-07 2 4 3
0.0946749 6.02445e-07 6.02445e-07 2 4 3
0.0946748 6.01589e-07 6.01589e-07 2 4 3
0.0946748 6.00735e-07 6.00735e-07 2 4 3
0.0946748 5.99883e-07 5.99883e-07 2 4 3
0.0946748 5.99032e-07 5.99032e-07 2 4 3
0.0946747 5.98184e-07 5.98184e-07 2 4 3
0.0946747 5.97338e-07 5.97338e-07 2 4 3
0.0946747 5.96493e-07 5.96493e-07 2 4 3
0.0946747 5.95651e-07 5.95651e-07 2 4 3
0.0946747 5.9481e-07 5.9481e-07 2 4 3
0.0946746 5.93971e-07 5.93971e-07 2 4 3
0.0946746 5.93134e-07 5.93134e-07 2 4 3
0.0946746 5.92299e-07 5.92299e-07 2 4 3
0.0946746 5.91466e-07 5.91466e-07 2 4 3
0.0946746 5.90634e-07 5.90634e-07 2 4 3
0.0946745 5.89805e-07 5.89805e-07 2 4 3
0.0946745 5.88977e-07 5.88977e-07 2 4 3
0.0946745 5.88151e-07 5.88151e-07 2 4 3
0.0946745 5.87327e-07 5.87327e-07 2 4 3
0.0946745 5.86504e-07 5.86504e-07 2 4 3
0.0946744 5.85684e-07 5.85684e-07 2 4 3
0.0946744 5.84865e-07 5.84865e-07 2 4 3
0.0946744 5.84048e-07 5.84048e-07 2 4 3
0.0946744 5.83233e-07 5.83233e-07 2 4 3
0.0946744 5.8242e-07 5.8242e-07 2 4 3
0.0946743 5.81609e-07 5.81609e-07 2 4 3
0.0946743 5.80799e-07 5.80799e-07 2 4 3
0.0946743 5.79991e-07 5.79991e-07 2 4 3
0.0946743 5.79185e-07 5.79185e-07 2 4 3
0.0946743 5.78381e-07 5.78381e-07 2 4 3
0.0946742 5.77578e-07 5.77578e-07 2 4 3
0.0946742 5.76777e-07 5.76777e-07 2 4 3
0.0946742 5.75978e-07 5.75978e-07 2 4 3
0.0946742 5.75181e-07 5.75181e-07 2 4 3
0.0946742 5.74385e-07 5.74385e-07 2 4 3
0.0946741 5.73591e-07 5.73591e-07 2 4 3
0.0946741 5.72799e-07 5.72799e-07 2 4 3
0.0946741 5.72009e-07 5.72009e-07 2 4 3
0.0946741 5.7122e-07 5.7122e-07 2 4 3
0.0946741 5.70433e-07 5.70433e-07 2 4 3
0.094674 5.69648e-07 5.69648e-07 2 4 3
0.094674 5.68864e-07 5.68864e-07 2 4 3
