0.0638363 0.02 0.02 2 5 3
0.0637963 0.0200575 0.0200575 2 5 3
0.0637564 0.0201153 0.0201153 2 5 3
0.0636766 0.020231 0.020231 2 5 3
0.0635172 0.0204636 0.0204636 2 5 3
0.0633184 0.0207582 0.0207582 2 5 3
0.0631203 0.0210585 0.0210585 2 5 3
0.062923 0.0213634 0.0213634 2 5 3
0.0627265 0.0216726 0.0216726 2 5 3
0.0625309 0.0219862 0.0219862 2 5 3
0.0623364 0.0223042 0.0223042 2 5 3
0.062144 0.022631 0.022631 2 5 3
0.0619518 0.0229579 0.0229579 2 5 3
0.061761 0.0232893 0.0232893 2 5 3
0.0615715 0.0236252 0.0236252 2 5 3
0.0613836 0.0239657 0.0239657 2 5 3
0.0611973 0.0243108 0.0243108 2 5 3
0.0610128 0.0246604 0.0246604 2 5 3
0.0608302 0.0250147 0.0250147 2 5 3
0.0606496 0.0253737 0.0253737 2 5 3
0.0604712 0.0257374 0.0257374 2 5 3
0.060295 0.0261057 0.0261057 2 5 3
0.0601212 0.0264788 0.0264788 2 5 3
0.05995 0.0268566 0.0268566 2 5 3
0.0597815 0.0272391 0.0272391 2 5 3
0.0596158 0.0276264 0.0276264 2 5 3
0.0594532 0.0280185 0.0280185 2 5 3
0.0592937 0.0284154 0.0284154 2 5 3
0.0591375 0.028817 0.028817 2 5 3
0.0589847 0.0292234 0.0292234 2 5 3
0.0588357 0.0296346 0.0296346 2 5 3
0.0586904 0.0300505 0.0300505 2 5 3
0.0585491 0.0304712 0.0304712 2 5 3
0.058412 0.0308967 0.0308967 2 5 3
0.0582793 0.0313268 0.0313268 2 5 3
0.0581511 0.0317617 0.0317617 2 5 3
0.0580276 0.0322012 0.0322012 2 5 3
0.0579091 0.0326454 0.0326454 2 5 3
0.0577957 0.0330942 0.0330942 2 5 3
0.0576876 0.0335476 0.0335476 2 5 3
0.0575851 0.0340055 0.0340055 2 5 3
0.0574883 0.0344679 0.0344679 2 5 3
0.0573975 0.0349347 0.0349347 2 5 3
0.0573129 0.0354059 0.0354059 2 5 3
0.0572347 0.0358814 0.0358814 2 5 3
0.0571631 0.0363611 0.0363611 2 5 3
0.0570983 0.036845 0.036845 2 5 3
0.0570407 0.037333 0.037333 2 5 3
0.0569904 0.037825 0.037825 2 5 3
0.0569477 0.0383209 0.0383209 2 5 3
0.0569127 0.0388205 0.0388205 2 5 3
0.0568859 0.0393239 0.0393239 2 5 3
0.0568673 0.0398309 0.0398309 2 5 3
0.0568573 0.0403413 0.0403413 2 5 3
0.056856 0.0408551 0.0408551 2 5 3
0.0568639 0.041372 0.041372 2 5 3
0.0568811 0.041892 0.041892 2 5 3
0.0569078 0.0424149 0.0424149 2 5 3
0.0569444 0.0429406 0.0429406 2 5 3
0.0569911 0.0434689 0.0434689 2 5 3
0.0570482 0.0439995 0.0439995 2 5 3
0.0571159 0.0445324 0.0445324 2 5 3
0.0571945 0.0450673 0.0450673 2 5 3
0.0572842 0.045604 0.045604 2 5 3
0.0573854 0.0461424 0.0461424 2 5 3
0.0574983 0.0466822 0.0466822 2 5 3
0.0576232 0.0472231 0.0472231 2 5 3
0.0577603 0.047765 0.047765 2 5 3
0.0579099 0.0483076 0.0483076 2 5 3
0.0580722 0.0488506 0.0488506 2 5 3
0.0582476 0.0493938 0.0493938 2 5 3
0.0584363 0.0499369 0.0499369 2 5 3
0.0586385 0.0504796 0.0504796 2 5 3
0.0588545 0.0510216 0.0510216 2 5 3
0.0590846 0.0515627 0.0515627 2 5 3
0.059329 0.0521024 0.0521024 2 5 3
0.0595879 0.0526405 0.0526405 2 5 3
0.0598616 0.0531767 0.0531767 2 5 3
0.0601503 0.0537105 0.0537105 2 5 3
0.0604543 0.0542417 0.0542417 2 5 3
0.0607738 0.0547699 0.0547699 2 5 3
0.0611089 0.0552947 0.0552947 2 5 3
0.06146 0.0558157 0.0558157 2 5 3
0.0618272 0.0563325 0.0563325 2 5 3
0.0622107 0.0568447 0.0568447 2 5 3
0.0626107 0.057352 0.057352 2 5 3
0.0630274 0.0578538 0.0578538 2 5 3
0.063461 0.0583497 0.0583497 2 5 3
0.0639115 0.0588393 0.0588393 2 5 3
0.0643793 0.0593222 0.0593222 2 5 3
0.0648643 0.0597979 0.0597979 2 5 3
0.0653668 0.0602659 0.0602659 2 5 3
0.0658868 0.0607257 0.0607257 2 5 3
0.0664245 0.0611769 0.0611769 2 5 3
0.06698 0.0616189 0.0616189 2 5 3
0.0675532 0.0620512 0.0620512 2 5 3
0.0681444 0.0624734 0.0624734 2 5 3
0.0687535 0.0628848 0.0628848 2 5 3
0.0693806 0.0632851 0.0632851 2 5 3
0.0700258 0.0636736 0.0636736 2 5 3
0.0706889 0.0640498 0.0640498 2 5 3
0.07137 0.0644131 0.0644131 2 5 3
0.072069 0.0647631 0.0647631 2 5 3
0.072786 0.0650991 0.0650991 2 5 3
0.0735208 0.0654207 0.0654207 2 5 3
0.0742734 0.0657271 0.0657271 2 5 3
0.0750437 0.0660179 0.0660179 2 5 3
0.0758314 0.0662925 0.0662925 2 5 3
0.0766366 0.0665503 0.0665503 2 5 3
0.077459 0.0667907 0.0667907 2 5 3
0.0782985 0.0670132 0.0670132 2 5 3
0.0791547 0.0672172 0.0672172 2 5 3
0.0800276 0.0674021 0.0674021 2 5 3
0.0809169 0.0675673 0.0675673 2 5 3
0.0818222 0.0677123 0.0677123 2 5 3
0.0827433 0.0678364 0.0678364 2 5 3
0.0836799 0.0679391 0.0679391 2 5 3
0.0846316 0.0680199 0.0680199 2 5 3
0.0855981 0.0680782 0.0680782 2 5 3
0.0865789 0.0681133 0.0681133 2 5 3
0.0875737 0.0681249 0.0681249 2 5 3
0.0885821 0.0681122 0.0681122 2 5 3
0.0896035 0.0680748 0.0680748 2 5 3
0.0906375 0.0680122 0.0680122 2 5 3
0.0916835 0.0679238 0.0679238 2 5 3
0.0927411 0.0678092 0.0678092 2 5 3
0.0938097 0.0676677 0.0676677 2 5 3
0.0948887 0.067499 0.067499 2 5 3
0.0959774 0.0673026 0.0673026 2 5 3
0.0970753 0.0670779 0.0670779 2 5 3
0.0981817 0.0668246 0.0668246 2 5 3
0.0992959 0.0665422 0.0665422 2 5 3
0.100417 0.0662304 0.0662304 2 5 3
0.101545 0.0658886 0.0658886 2 5 3
0.102678 0.0655166 0.0655166 2 5 3
0.103817 0.065114 0.065114 2 5 3
0.104959 0.0646804 0.0646804 2 5 3
0.106104 0.0642156 0.0642156 2 5 3
0.107252 0.0637191 0.0637191 2 5 3
0.108402 0.0631909 0.0631909 2 5 3
0.109552 0.0626305 0.0626305 2 5 3
0.110702 0.0620379 0.0620379 2 5 3
0.111851 0.0614128 0.0614128 2 5 3
0.112998 0.060755 0.060755 2 5 3
0.114142 0.0600644 0.0600644 2 5 3
0.115281 0.0593409 0.0593409 2 5 3
0.116416 0.0585844 0.0585844 2 5 3
0.117545 0.0577949 0.0577949 2 5 3
0.118667 0.0569723 0.0569723 2 5 3
0.119781 0.0561167 0.0561167 2 5 3
0.120886 0.0552282 0.0552282 2 5 3
0.12198 0.0543067 0.0543067 2 5 3
0.123064 0.0533525 0.0533525 2 5 3
0.124136 0.0523656 0.0523656 2 5 3
0.125194 0.0513464 0.0513464 2 5 3
0.126238 0.0502949 0.0502949 2 5 3
0.127266 0.0492115 0.0492115 2 5 3
0.128278 0.0480965 0.0480965 2 5 3
0.129273 0.0469502 0.0469502 2 5 3
0.130249 0.0457731 0.0457731 2 5 3
0.131205 0.0445654 0.0445654 2 5 3
0.132141 0.0433278 0.0433278 2 5 3
0.133055 0.0420607 0.0420607 2 5 3
0.133945 0.0407646 0.0407646 2 5 3
0.134813 0.0394401 0.0394401 2 5 3
0.135655 0.038088 0.038088 2 5 3
0.136471 0.0367087 0.0367087 2 5 3
0.137261 0.0353032 0.0353032 2 5 3
0.138022 0.033872 0.033872 2 5 3
0.138755 0.032416 0.032416 2 5 3
0.139458 0.030936 0.030936 2 5 3
0.140131 0.029433 0.029433 2 5 3
0.140772 0.0279077 0.0279077 2 5 3
0.141381 0.0263612 0.0263612 2 5 3
0.141956 0.0247944 0.0247944 2 5 3
0.142498 0.0232084 0.0232084 2 5 3
0.143005 0.0216042 0.0216042 2 5 3
0.143477 0.019983 0.019983 2 5 3
0.143913 0.0183458 0.0183458 2 5 3
0.144312 0.0166938 0.0166938 2 5 3
0.144674 0.0150282 0.0150282 2 5 3
0.144998 0.0133502 0.0133502 2 5 3
0.145284 0.0116612 0.0116612 2 5 3
0.145531 0.00996223 0.00996223 2 5 3
0.14574 0.00825475 0.00825475 2 5 3
0.145908 0.00654003 0.00654003 2 5 3
0.146038 0.00481943 0.00481943 2 5 3
0.146127 0.00309429 0.00309429 2 5 3
0.146177 0.00136598 0.00136598 2 5 3
0.146186 -0.000364093 -0.000364093 2 5 3
0.146155 -0.00209455 -0.00209455 2 5 3
0.146085 -0.00382399 -0.00382399 2 5 3
0.145974 -0.00555101 -0.00555101 2 5 3
0.145823 -0.00727419 -0.00727419 2 5 3
0.145632 -0.00899213 -0.00899213 2 5 3
0.145402 -0.0107034 -0.0107034 2 5 3
0.145133 -0.0124067 -0.0124067 2 5 3
0.144825 -0.0141006 -0.0141006 2 5 3
0.144479 -0.0157836 -0.0157836 2 5 3
0.144095 -0.0174545 -0.0174545 2 5 3
0.143674 -0.019112 -0.019112 2 5 3
0.143216 -0.0207546 -0.0207546 2 5 3
0.142723 -0.0223812 -0.0223812 2 5 3
0.142194 -0.0239905 -0.0239905 2 5 3
0.141631 -0.0255812 -0.0255812 2 5 3
0.141034 -0.0271522 -0.0271522 2 5 3
0.140405 -0.0287022 -0.0287022 2 5 3
0.139744 -0.0302303 -0.0302303 2 5 3
0.139052 -0.0317353 -0.0317353 2 5 3
0.138331 -0.0332163 -0.0332163 2 5 3
0.137581 -0.0346721 -0.0346721 2 5 3
0.136803 -0.0361019 -0.0361019 2 5 3
0.136 -0.0375049 -0.0375049 2 5 3
0.135171 -0.0388802 -0.0388802 2 5 3
0.134318 -0.040227 -0.040227 2 5 3
0.133442 -0.0415446 -0.0415446 2 5 3
0.132544 -0.0428324 -0.0428324 2 5 3
0.131627 -0.0440897 -0.0440897 2 5 3
0.13069 -0.0453161 -0.0453161 2 5 3
0.129736 -0.046511 -0.046511 2 5 3
0.128765 -0.0476741 -0.0476741 2 5 3
0.127779 -0.0488049 -0.0488049 2 5 3
0.126779 -0.0499031 -0.0499031 2 5 3
0.125767 -0.0509686 -0.0509686 2 5 3
0.124743 -0.052001 -0.052001 2 5 3
0.123709 -0.0530004 -0.0530004 2 5 3
0.122667 -0.0539665 -0.0539665 2 5 3
0.121617 -0.0548994 -0.0548994 2 5 3
0.12056 -0.0557992 -0.0557992 2 5 3
0.119498 -0.0566658 -0.0566658 2 5 3
0.118433 -0.0574995 -0.0574995 2 5 3
0.117364 -0.0583003 -0.0583003 2 5 3
0.116294 -0.0590686 -0.0590686 2 5 3
0.115223 -0.0598046 -0.0598046 2 5 3
0.114153 -0.0605086 -0.0605086 2 5 3
0.113084 -0.0611809 -0.0611809 2 5 3
0.112017 -0.061822 -0.061822 2 5 3
0.110954 -0.0624323 -0.0624323 2 5 3
0.109895 -0.0630122 -0.0630122 2 5 3
0.108841 -0.0635622 -0.0635622 2 5 3
0.107793 -0.0640828 -0.0640828 2 5 3
0.106752 -0.0645746 -0.0645746 2 5 3
0.105718 -0.0650381 -0.0650381 2 5 3
0.104693 -0.0654739 -0.0654739 2 5 3
0.103676 -0.0658826 -0.0658826 2 5 3
0.102669 -0.0662648 -0.0662648 2 5 3
0.101672 -0.0666211 -0.0666211 2 5 3
0.100686 -0.0669523 -0.0669523 2 5 3
0.0997103 -0.0672588 -0.0672588 2 5 3
0.0987467 -0.0675415 -0.0675415 2 5 3
0.0977951 -0.0678009 -0.0678009 2 5 3
0.096856 -0.0680378 -0.0680378 2 5 3
0.0959298 -0.0682528 -0.0682528 2 5 3
0.0950167 -0.0684465 -0.0684465 2 5 3
0.0941172 -0.0686197 -0.0686197 2 5 3
0.0932313 -0.068773 -0.068773 2 5 3
0.0923595 -0.0689071 -0.0689071 2 5 3
0.0915018 -0.0690227 -0.0690227 2 5 3
0.0906585 -0.0691203 -0.0691203 2 5 3
0.0898297 -0.0692008 -0.0692008 2 5 3
0.0890156 -0.0692646 -0.0692646 2 5 3
0.0882162 -0.0693124 -0.0693124 2 5 3
0.0874317 -0.0693449 -0.0693449 2 5 3
0.086662 -0.0693627 -0.0693627 2 5 3
0.0859073 -0.0693664 -0.0693664 2 5 3
0.0851675 -0.0693565 -0.0693565 2 5 3
0.0844426 -0.0693337 -0.0693337 2 5 3
0.0837326 -0.0692984 -0.0692984 2 5 3
0.0830375 -0.0692514 -0.0692514 2 5 3
0.0823572 -0.0691931 -0.0691931 2 5 3
0.0816917 -0.069124 -0.069124 2 5 3
0.0810408 -0.0690447 -0.0690447 2 5 3
0.0804045 -0.0689556 -0.0689556 2 5 3
0.0797827 -0.0688573 -0.0688573 2 5 3
0.0791752 -0.0687502 -0.0687502 2 5 3
0.0785819 -0.0686349 -0.0686349 2 5 3
0.0780028 -0.0685116 -0.0685116 2 5 3
0.0774375 -0.068381 -0.068381 2 5 3
0.0768861 -0.0682433 -0.0682433 2 5 3
0.0763484 -0.0680991 -0.0680991 2 5 3
0.0758241 -0.0679486 -0.0679486 2 5 3
0.0753132 -0.0677924 -0.0677924 2 5 3
0.0748154 -0.0676307 -0.0676307 2 5 3
0.0743306 -0.0674639 -0.0674639 2 5 3
0.0738586 -0.0672924 -0.0672924 2 5 3
0.0733993 -0.0671165 -0.0671165 2 5 3
0.0729524 -0.0669365 -0.0669365 2 5 3
0.0725178 -0.0667527 -0.0667527 2 5 3
0.0720953 -0.0665655 -0.0665655 2 5 3
0.0716848 -0.0663751 -0.0663751 2 5 3
0.0712859 -0.0661818 -0.0661818 2 5 3
0.0708987 -0.0659858 -0.0659858 2 5 3
0.0705228 -0.0657875 -0.0657875 2 5 3
0.0701581 -0.065587 -0.065587 2 5 3
0.0698045 -0.0653846 -0.0653846 2 5 3
0.0694617 -0.0651806 -0.0651806 2 5 3
0.0691296 -0.0649751 -0.0649751 2 5 3
0.068808 -0.0647683 -0.0647683 2 5 3
0.0684967 -0.0645605 -0.0645605 2 5 3
0.0681957 -0.0643519 -0.0643519 2 5 3
0.0679047 -0.0641426 -0.0641426 2 5 3
0.0676235 -0.0639329 -0.0639329 2 5 3
0.0673521 -0.0637228 -0.0637228 2 5 3
0.0670902 -0.0635125 -0.0635125 2 5 3
0.0668378 -0.0633023 -0.0633023 2 5 3
0.0665947 -0.0630923 -0.0630923 2 5 3
0.0663607 -0.0628825 -0.0628825 2 5 3
0.0661358 -0.0626732 -0.0626732 2 5 3
0.0659198 -0.0624644 -0.0624644 2 5 3
0.0657126 -0.0622564 -0.0622564 2 5 3
0.065514 -0.0620491 -0.0620491 2 5 3
0.065324 -0.0618428 -0.0618428 2 5 3
0.0651425 -0.0616376 -0.0616376 2 5 3
0.0649694 -0.0614334 -0.0614334 2 5 3
0.0648045 -0.0612306 -0.0612306 2 5 3
0.0646478 -0.0610291 -0.0610291 2 5 3
0.0644993 -0.060829 -0.060829 2 5 3
0.0643588 -0.0606304 -0.0606304 2 5 3
0.0642264 -0.0604335 -0.0604335 2 5 3
0.0641018 -0.0602383 -0.0602383 2 5 3
0.0639852 -0.0600448 -0.0600448 2 5 3
0.0638764 -0.0598532 -0.0598532 2 5 3
0.0637755 -0.0596635 -0.0596635 2 5 3
0.0636824 -0.0594758 -0.0594758 2 5 3
0.063597 -0.0592902 -0.0592902 2 5 3
0.0635195 -0.0591067 -0.0591067 2 5 3
0.0634498 -0.0589254 -0.0589254 2 5 3
0.0633879 -0.0587463 -0.0587463 2 5 3
0.0633339 -0.0585695 -0.0585695 2 5 3
0.0632878 -0.058395 -0.058395 2 5 3
0.0632496 -0.058223 -0.058223 2 5 3
0.0632195 -0.0580534 -0.0580534 2 5 3
0.0631974 -0.0578864 -0.0578864 2 5 3
0.0631836 -0.0577218 -0.0577218 2 5 3
0.063178 -0.0575599 -0.0575599 2 5 3
0.0631809 -0.0574007 -0.0574007 2 5 3
0.0631923 -0.0572441 -0.0572441 2 5 3
0.0632125 -0.0570903 -0.0570903 2 5 3
0.0632416 -0.0569392 -0.0569392 2 5 3
0.0632799 -0.056791 -0.056791 2 5 3
0.0633274 -0.0566456 -0.0566456 2 5 3
0.0633845 -0.0565031 -0.0565031 2 5 3
0.0634515 -0.0563636 -0.0563636 2 5 3
0.0635286 -0.056227 -0.056227 2 5 3
0.0636162 -0.0560935 -0.0560935 2 5 3
0.0637147 -0.055963 -0.055963 2 5 3
0.0638243 -0.0558356 -0.0558356 2 5 3
0.0639456 -0.0557113 -0.0557113 2 5 3
0.0640791 -0.0555902 -0.0555902 2 5 3
0.0642251 -0.0554723 -0.0554723 2 5 3
0.0643843 -0.0553576 -0.0553576 2 5 3
0.0645573 -0.0552463 -0.0552463 2 5 3
0.0647448 -0.0551382 -0.0551382 2 5 3
0.0649475 -0.0550335 -0.0550335 2 5 3
0.0651661 -0.0549321 -0.0549321 2 5 3
0.0654015 -0.0548342 -0.0548342 2 5 3
0.0656548 -0.0547398 -0.0547398 2 5 3
0.0659268 -0.0546488 -0.0546488 2 5 3
0.0662187 -0.0545614 -0.0545614 2 5 3
0.0665319 -0.0544776 -0.0544776 2 5 3
0.0668675 -0.0543974 -0.0543974 2 5 3
0.0672272 -0.0543209 -0.0543209 2 5 3
0.0676126 -0.0542481 -0.0542481 2 5 3
0.0680254 -0.0541791 -0.0541791 2 5 3
0.0684678 -0.0541138 -0.0541138 2 5 3
0.0689418 -0.0540524 -0.0540524 2 5 3
0.0694499 -0.053995 -0.053995 2 5 3
0.069995 -0.0539415 -0.0539415 2 5 3
0.0705799 -0.0538921 -0.0538921 2 5 3
0.0712082 -0.0538468 -0.0538468 2 5 3
0.0718836 -0.0538057 -0.0538057 2 5 3
0.0726105 -0.0537689 -0.0537689 2 5 3
0.0733936 -0.0537366 -0.0537366 2 5 3
0.0742386 -0.0537088 -0.0537088 2 5 3
0.0751517 -0.0536858 -0.0536858 2 5 3
0.07614 -0.0536676 -0.0536676 2 5 3
0.0772118 -0.0536545 -0.0536545 2 5 3
0.0783768 -0.0536467 -0.0536467 2 5 3
0.0796461 -0.0536445 -0.0536445 2 5 3
0.0810327 -0.0536482 -0.0536482 2 5 3
0.0825521 -0.053658 -0.053658 2 5 3
0.0842224 -0.0536744 -0.0536744 2 5 3
0.0860655 -0.0536976 -0.0536976 2 5 3
0.0881078 -0.053728 -0.053728 2 5 3
0.0903809 -0.0537657 -0.0537657 2 5 3
0.0929239 -0.0538109 -0.0538109 2 5 3
0.0957845 -0.0538635 -0.0538635 2 5 3
0.0990221 -0.053923 -0.053923 2 5 3
0.102711 -0.0539884 -0.0539884 2 5 3
0.106944 -0.054058 -0.054058 2 5 3
0.11184 -0.0541289 -0.0541289 2 5 3
0.117549 -0.0541966 -0.0541966 2 5 3
0.124266 -0.0542548 -0.0542548 2 5 3
0.132239 -0.0542941 -0.0542941 2 5 3
0.141791 -0.0543014 -0.0543014 2 5 3
0.153336 -0.0542589 -0.0542589 2 5 3
0.167405 -0.054143 -0.054143 2 5 3
0.184661 -0.0539236 -0.0539236 2 5 3
0.205902 -0.0535642 -0.0535642 2 5 3
0.232034 -0.0530244 -0.0530244 2 5 3
0.232033 -0.0530244 -0.0530244 2 5 3
0.0638363 0.02 0.02 2 5 3
0.0638762 0.0199425 0.0199425 2 5 3
0.0639161 0.0198851 0.0198851 2 5 3
0.0639961 0.0197707 0.0197707 2 5 3
0.064156 0.019543 0.019543 2 5 3
0.0643563 0.0192622 0.0192622 2 5 3
0.0645569 0.0189868 0.0189868 2 5 3
0.0647577 0.0187157 0.0187157 2 5 3
0.0649587 0.0184486 0.0184486 2 5 3
0.0651596 0.0181854 0.0181854 2 5 3
0.0653605 0.0179261 0.0179261 2 5 3
0.0655613 0.0176705 0.0176705 2 5 3
0.065762 0.0174187 0.0174187 2 5 3
0.0659625 0.0171706 0.0171706 2 5 3
0.0661627 0.0169262 0.0169262 2 5 3
0.0663625 0.0166854 0.0166854 2 5 3
0.0665621 0.0164483 0.0164483 2 5 3
0.0667612 0.0162146 0.0162146 2 5 3
0.0669598 0.0159844 0.0159844 2 5 3
0.067158 0.0157577 0.0157577 2 5 3
0.0673556 0.0155344 0.0155344 2 5 3
0.0675526 0.0153144 0.0153144 2 5 3
0.067749 0.0150978 0.0150978 2 5 3
0.0679448 0.0148844 0.0148844 2 5 3
0.0681398 0.0146743 0.0146743 2 5 3
0.0683342 0.0144673 0.0144673 2 5 3
0.0685277 0.0142635 0.0142635 2 5 3
0.0687205 0.0140627 0.0140627 2 5 3
0.0689125 0.013865 0.013865 2 5 3
0.0691037 0.0136704 0.0136704 2 5 3
0.069294 0.0134787 0.0134787 2 5 3
0.0694833 0.0132899 0.0132899 2 5 3
0.0696718 0.013104 0.013104 2 5 3
0.0698593 0.0129209 0.0129209 2 5 3
0.0700459 0.0127407 0.0127407 2 5 3
0.0702315 0.0125632 0.0125632 2 5 3
0.0704161 0.0123884 0.0123884 2 5 3
0.0705997 0.0122163 0.0122163 2 5 3
0.0707822 0.0120468 0.0120468 2 5 3
0.0709638 0.0118799 0.0118799 2 5 3
0.0711442 0.0117156 0.0117156 2 5 3
0.0713225 0.0115564 0.0115564 2 5 3
0.0715008 0.011397 0.011397 2 5 3
0.071678 0.0112401 0.0112401 2 5 3
0.071854 0.0110857 0.0110857 2 5 3
0.072029 0.0109335 0.0109335 2 5 3
0.0722028 0.0107838 0.0107838 2 5 3
0.0723755 0.0106363 0.0106363 2 5 3
0.0725471 0.0104911 0.0104911 2 5 3
0.0727175 0.0103481 0.0103481 2 5 3
0.0728867 0.0102073 0.0102073 2 5 3
0.0730548 0.0100687 0.0100687 2 5 3
0.0732217 0.00993219 0.00993219 2 5 3
0.0733875 0.00979778 0.00979778 2 5 3
0.0735521 0.00966544 0.00966544 2 5 3
0.0737155 0.00953513 0.00953513 2 5 3
0.0738777 0.00940681 0.00940681 2 5 3
0.0740387 0.00928045 0.00928045 2 5 3
0.0741986 0.00915603 0.00915603 2 5 3
0.0743572 0.00903351 0.00903351 2 5 3
0.0745147 0.00891287 0.00891287 2 5 3
0.074671 0.00879407 0.00879407 2 5 3
0.0748261 0.00867708 0.00867708 2 5 3
0.07498 0.00856188 0.00856188 2 5 3
0.0751327 0.00844843 0.00844843 2 5 3
0.0752843 0.00833671 0.00833671 2 5 3
0.0754347 0.00822669 0.00822669 2 5 3
0.0755839 0.00811835 0.00811835 2 5 3
0.0757319 0.00801165 0.00801165 2 5 3
0.0758787 0.00790657 0.00790657 2 5 3
0.0760244 0.00780308 0.00780308 2 5 3
0.0761689 0.00770116 0.00770116 2 5 3
0.0763122 0.00760078 0.00760078 2 5 3
0.0764544 0.00750192 0.00750192 2 5 3
0.0765954 0.00740456 0.00740456 2 5 3
0.0767353 0.00730866 0.00730866 2 5 3
0.076874 0.00721421 0.00721421 2 5 3
0.0770116 0.00712117 0.00712117 2 5 3
0.077148 0.00702954 0.00702954 2 5 3
0.0772833 0.00693928 0.00693928 2 5 3
0.0774175 0.00685038 0.00685038 2 5 3
0.0775505 0.00676281 0.00676281 2 5 3
0.0776825 0.00667655 0.00667655 2 5 3
0.0778133 0.00659158 0.00659158 2 5 3
0.077943 0.00650787 0.00650787 2 5 3
0.0780716 0.00642541 0.00642541 2 5 3
0.0781992 0.00634418 0.00634418 2 5 3
0.0783256 0.00626416 0.00626416 2 5 3
0.078451 0.00618532 0.00618532 2 5 3
0.0785763 0.00610649 0.00610649 2 5 3
0.0786996 0.00602999 0.00602999 2 5 3
0.0788217 0.00595462 0.00595462 2 5 3
0.0789428 0.00588036 0.00588036 2 5 3
0.0790629 0.0058072 0.0058072 2 5 3
0.0791819 0.00573512 0.00573512 2 5 3
0.0792999 0.00566409 0.00566409 2 5 3
0.0794168 0.0055941 0.0055941 2 5 3
0.0795328 0.00552514 0.00552514 2 5 3
0.0796477 0.00545719 0.00545719 2 5 3
0.0797616 0.00539023 0.00539023 2 5 3
0.0798746 0.00532424 0.00532424 2 5 3
0.0799865 0.00525922 0.00525922 2 5 3
0.0800975 0.00519514 0.00519514 2 5 3
0.0802075 0.00513199 0.00513199 2 5 3
0.0803165 0.00506975 0.00506975 2 5 3
0.0804245 0.00500842 0.00500842 2 5 3
0.0805317 0.00494797 0.00494797 2 5 3
0.0806378 0.00488839 0.00488839 2 5 3
0.080743 0.00482966 0.00482966 2 5 3
0.0808473 0.00477178 0.00477178 2 5 3
0.0809507 0.00471473 0.00471473 2 5 3
0.0810532 0.0046585 0.0046585 2 5 3
0.0811547 0.00460307 0.00460307 2 5 3
0.0812554 0.00454843 0.00454843 2 5 3
0.0813551 0.00449457 0.00449457 2 5 3
0.081454 0.00444147 0.00444147 2 5 3
0.081552 0.00438913 0.00438913 2 5 3
0.0816491 0.00433752 0.00433752 2 5 3
0.0817454 0.00428665 0.00428665 2 5 3
0.0818408 0.00423649 0.00423649 2 5 3
0.0819354 0.00418705 0.00418705 2 5 3
0.0820291 0.00413829 0.00413829 2 5 3
0.082122 0.00409022 0.00409022 2 5 3
0.082214 0.00404282 0.00404282 2 5 3
0.0823053 0.00399609 0.00399609 2 5 3
0.0823957 0.00395001 0.00395001 2 5 3
0.0824853 0.00390457 0.00390457 2 5 3
0.0825742 0.00385976 0.00385976 2 5 3
0.0826622 0.00381557 0.00381557 2 5 3
0.0827495 0.003772 0.003772 2 5 3
0.082836 0.00372903 0.00372903 2 5 3
0.0829217 0.00368665 0.00368665 2 5 3
0.0830066 0.00364485 0.00364485 2 5 3
0.0830908 0.00360363 0.00360363 2 5 3
0.0831743 0.00356297 0.00356297 2 5 3
0.083257 0.00352287 0.00352287 2 5 3
0.0833389 0.00348332 0.00348332 2 5 3
0.0834202 0.00344431 0.00344431 2 5 3
0.0835007 0.00340583 0.00340583 2 5 3
0.0835805 0.00336787 0.00336787 2 5 3
0.0836596 0.00333043 0.00333043 2 5 3
0.083738 0.00329349 0.00329349 2 5 3
0.0838157 0.00325705 0.00325705 2 5 3
0.0838927 0.00322111 0.00322111 2 5 3
0.083969 0.00318565 0.00318565 2 5 3
0.0840447 0.00315066 0.00315066 2 5 3
0.0841197 0.00311614 0.00311614 2 5 3
0.084194 0.00308209 0.00308209 2 5 3
0.0842677 0.00304848 0.00304848 2 5 3
0.0843407 0.00301533 0.00301533 2 5 3
0.0844131 0.00298262 0.00298262 2 5 3
0.0844848 0.00295034 0.00295034 2 5 3
0.0845559 0.00291849 0.00291849 2 5 3
0.0846264 0.00288706 0.00288706 2 5 3
0.0846963 0.00285604 0.00285604 2 5 3
0.0847655 0.00282543 0.00282543 2 5 3
0.0848342 0.00279523 0.00279523 2 5 3
0.0849022 0.00276542 0.00276542 2 5 3
0.0849696 0.002736 0.002736 2 5 3
0.0850365 0.00270696 0.00270696 2 5 3
0.0851027 0.0026783 0.0026783 2 5 3
0.0851684 0.00265002 0.00265002 2 5 3
0.0852335 0.0026221 0.0026221 2 5 3
0.0852981 0.00259455 0.00259455 2 5 3
0.0853621 0.00256735 0.00256735 2 5 3
0.0854255 0.0025405 0.0025405 2 5 3
0.0854884 0.002514 0.002514 2 5 3
0.0855507 0.00248783 0.00248783 2 5 3
0.0856125 0.00246201 0.00246201 2 5 3
0.0856737 0.00243651 0.00243651 2 5 3
0.0857344 0.00241134 0.00241134 2 5 3
0.0857946 0.00238649 0.00238649 2 5 3
0.0858543 0.00236195 0.00236195 2 5 3
0.0859135 0.00233773 0.00233773 2 5 3
0.0859721 0.00231382 0.00231382 2 5 3
0.0860302 0.0022902 0.0022902 2 5 3
0.0860879 0.00226689 0.00226689 2 5 3
0.086145 0.00224386 0.00224386 2 5 3
0.0862017 0.00222113 0.00222113 2 5 3
0.0862578 0.00219868 0.00219868 2 5 3
0.0863135 0.00217651 0.00217651 2 5 3
0.0863687 0.00215462 0.00215462 2 5 3
0.0864235 0.00213301 0.00213301 2 5 3
0.0864777 0.00211166 0.00211166 2 5 3
0.0865315 0.00209057 0.00209057 2 5 3
0.0865849 0.00206975 0.00206975 2 5 3
0.0866378 0.00204918 0.00204918 2 5 3
0.0866902 0.00202887 0.00202887 2 5 3
0.0867422 0.00200881 0.00200881 2 5 3
0.0867938 0.00198899 0.00198899 2 5 3
0.0868449 0.00196942 0.00196942 2 5 3
0.0868956 0.00195009 0.00195009 2 5 3
0.0869458 0.00193099 0.00193099 2 5 3
0.0869957 0.00191212 0.00191212 2 5 3
0.0870451 0.00189349 0.00189349 2 5 3
0.0870941 0.00187508 0.00187508 2 5 3
0.0871427 0.00185689 0.00185689 2 5 3
0.0871908 0.00183892 0.00183892 2 5 3
0.0872386 0.00182117 0.00182117 2 5 3
0.087286 0.00180364 0.00180364 2 5 3
0.087333 0.00178631 0.00178631 2 5 3
0.0873795 0.00176919 0.00176919 2 5 3
0.0874257 0.00175228 0.00175228 2 5 3
0.0874716 0.00173557 0.00173557 2 5 3
0.087517 0.00171905 0.00171905 2 5 3
0.087562 0.00170274 0.00170274 2 5 3
0.0876067 0.00168661 0.00168661 2 5 3
0.087651 0.00167068 0.00167068 2 5 3
0.087695 0.00165494 0.00165494 2 5 3
0.0877386 0.00163938 0.00163938 2 5 3
0.0877818 0.001624 0.001624 2 5 3
0.0878247 0.0016088 0.0016088 2 5 3
0.0878672 0.00159379 0.00159379 2 5 3
0.0879093 0.00157895 0.00157895 2 5 3
0.0879511 0.00156428 0.00156428 2 5 3
0.0879926 0.00154978 0.00154978 2 5 3
0.0880338 0.00153545 0.00153545 2 5 3
0.0880746 0.00152129 0.00152129 2 5 3
0.088115 0.00150729 0.00150729 2 5 3
0.0881552 0.00149345 0.00149345 2 5 3
0.088195 0.00147977 0.00147977 2 5 3
0.0882345 0.00146625 0.00146625 2 5 3
0.0882736 0.00145288 0.00145288 2 5 3
0.0883125 0.00143967 0.00143967 2 5 3
0.088351 0.00142661 0.00142661 2 5 3
0.0883893 0.0014137 0.0014137 2 5 3
0.0884272 0.00140093 0.00140093 2 5 3
0.0884648 0.00138831 0.00138831 2 5 3
0.0885021 0.00137583 0.00137583 2 5 3
0.0885391 0.00136349 0.00136349 2 5 3
0.0885758 0.0013513 0.0013513 2 5 3
0.0886122 0.00133924 0.00133924 2 5 3
0.0886484 0.00132731 0.00132731 2 5 3
0.0886842 0.00131552 0.00131552 2 5 3
0.0887198 0.00130386 0.00130386 2 5 3
0.088755 0.00129234 0.00129234 2 5 3
0.08879 0.00128094 0.00128094 2 5 3
0.0888248 0.00126966 0.00126966 2 5 3
0.0888592 0.00125852 0.00125852 2 5 3
0.0888934 0.00124749 0.00124749 2 5 3
0.0889273 0.00123659 0.00123659 2 5 3
0.0889609 0.00122581 0.00122581 2 5 3
0.0889943 0.00121515 0.00121515 2 5 3
0.0890274 0.0012046 0.0012046 2 5 3
0.0890602 0.00119417 0.00119417 2 5 3
0.0890928 0.00118386 0.00118386 2 5 3
0.0891251 0.00117365 0.00117365 2 5 3
0.0891572 0.00116356 0.00116356 2 5 3
0.089189 0.00115358 0.00115358 2 5 3
0.0892206 0.00114371 0.00114371 2 5 3
0.089252 0.00113394 0.00113394 2 5 3
0.0892831 0.00112428 0.00112428 2 5 3
0.0893139 0.00111472 0.00111472 2 5 3
0.0893445 0.00110527 0.00110527 2 5 3
0.0893749 0.00109592 0.00109592 2 5 3
0.0894051 0.00108667 0.00108667 2 5 3
0.089435 0.00107752 0.00107752 2 5 3
0.0894646 0.00106846 0.00106846 2 5 3
0.0894941 0.00105951 0.00105951 2 5 3
0.0895233 0.00105064 0.00105064 2 5 3
0.0895523 0.00104188 0.00104188 2 5 3
0.0895811 0.0010332 0.0010332 2 5 3
0.0896097 0.00102462 0.00102462 2 5 3
0.089638 0.00101613 0.00101613 2 5 3
0.0896661 0.00100772 0.00100772 2 5 3
0.0896941 0.000999409 0.000999409 2 5 3
0.0897218 0.000991181 0.000991181 2 5 3
0.0897493 0.000983041 0.000983041 2 5 3
0.0897765 0.000974985 0.000974985 2 5 3
0.0898036 0.000967013 0.000967013 2 5 3
0.0898305 0.000959125 0.000959125 2 5 3
0.0898572 0.000951318 0.000951318 2 5 3
0.0898837 0.000943593 0.000943593 2 5 3
0.0899099 0.000935947 0.000935947 2 5 3
0.089936 0.000928381 0.000928381 2 5 3
0.0899619 0.000920892 0.000920892 2 5 3
0.0899876 0.000913481 0.000913481 2 5 3
0.0900131 0.000906146 0.000906146 2 5 3
0.0900384 0.000898886 0.000898886 2 5 3
0.0900635 0.000891701 0.000891701 2 5 3
0.0900884 0.000884588 0.000884588 2 5 3
0.0901132 0.000877549 0.000877549 2 5 3
0.0901378 0.000870581 0.000870581 2 5 3
0.0901621 0.000863684 0.000863684 2 5 3
0.0901864 0.000856856 0.000856856 2 5 3
0.0902104 0.000850098 0.000850098 2 5 3
0.0902342 0.000843408 0.000843408 2 5 3
0.0902579 0.000836785 0.000836785 2 5 3
0.0902814 0.000830229 0.000830229 2 5 3
0.0903047 0.000823739 0.000823739 2 5 3
0.0903279 0.000817314 0.000817314 2 5 3
0.0903509 0.000810953 0.000810953 2 5 3
0.0903737 0.000804656 0.000804656 2 5 3
0.0903964 0.000798421 0.000798421 2 5 3
0.0904189 0.000792248 0.000792248 2 5 3
0.0904412 0.000786137 0.000786137 2 5 3
0.0904634 0.000780086 0.000780086 2 5 3
0.0904854 0.000774094 0.000774094 2 5 3
0.0905072 0.000768162 0.000768162 2 5 3
0.0905289 0.000762289 0.000762289 2 5 3
0.0905505 0.000756473 0.000756473 2 5 3
0.0905718 0.000750714 0.000750714 2 5 3
0.0905931 0.000745011 0.000745011 2 5 3
0.0906142 0.000739365 0.000739365 2 5 3
0.0906351 0.000733773 0.000733773 2 5 3
0.0906559 0.000728236 0.000728236 2 5 3
0.0906765 0.000722752 0.000722752 2 5 3
0.090697 0.000717322 0.000717322 2 5 3
0.0907173 0.000711944 0.000711944 2 5 3
0.0907375 0.000706618 0.000706618 2 5 3
0.0907576 0.000701344 0.000701344 2 5 3
0.0907775 0.00069612 0.00069612 2 5 3
0.0907972 0.000690946 0.000690946 2 5 3
0.0908169 0.000685822 0.000685822 2 5 3
0.0908364 0.000680747 0.000680747 2 5 3
0.0908557 0.000675721 0.000675721 2 5 3
0.0908749 0.000670742 0.000670742 2 5 3
0.090894 0.000665811 0.000665811 2 5 3
0.090913 0.000660927 0.000660927 2 5 3
0.0909318 0.000656089 0.000656089 2 5 3
0.0909505 0.000651296 0.000651296 2 5 3
0.090969 0.000646549 0.000646549 2 5 3
0.0909875 0.000641847 0.000641847 2 5 3
0.0910058 0.000637189 0.000637189 2 5 3
0.091024 0.000632574 0.000632574 2 5 3
0.091042 0.000628003 0.000628003 2 5 3
0.0910599 0.000623475 0.000623475 2 5 3
0.0910777 0.000618989 0.000618989 2 5 3
0.0910954 0.000614544 0.000614544 2 5 3
0.091113 0.000610141 0.000610141 2 5 3
0.0911304 0.000605779 0.000605779 2 5 3
0.0911477 0.000601458 0.000601458 2 5 3
0.0911649 0.000597176 0.000597176 2 5 3
0.091182 0.000592934 0.000592934 2 5 3
0.091199 0.000588731 0.000588731 2 5 3
0.0912158 0.000584566 0.000584566 2 5 3
0.0912326 0.00058044 0.00058044 2 5 3
0.0912492 0.000576352 0.000576352 2 5 3
0.0912657 0.000572301 0.000572301 2 5 3
0.0912821 0.000568287 0.000568287 2 5 3
0.0912984 0.00056431 0.00056431 2 5 3
0.0913146 0.000560368 0.000560368 2 5 3
0.0913306 0.000556463 0.000556463 2 5 3
0.0913466 0.000552593 0.000552593 2 5 3
0.0913624 0.000548758 0.000548758 2 5 3
0.0913782 0.000544958 0.000544958 2 5 3
0.0913938 0.000541191 0.000541191 2 5 3
0.0914094 0.000537459 0.000537459 2 5 3
0.0914248 0.00053376 0.00053376 2 5 3
0.0914401 0.000530095 0.000530095 2 5 3
0.0914554 0.000526462 0.000526462 2 5 3
0.0914705 0.000522862 0.000522862 2 5 3
0.0914855 0.000519294 0.000519294 2 5 3
0.0915005 0.000515757 0.000515757 2 5 3
0.0915153 0.000512252 0.000512252 2 5 3
0.09153 0.000508778 0.000508778 2 5 3
0.0915447 0.000505335 0.000505335 2 5 3
0.0915592 0.000501922 0.000501922 2 5 3
0.0915737 0.000498539 0.000498539 2 5 3
0.091588 0.000495186 0.000495186 2 5 3
0.0916023 0.000491863 0.000491863 2 5 3
0.0916164 0.000488568 0.000488568 2 5 3
0.0916305 0.000485303 0.000485303 2 5 3
0.0916445 0.000482066 0.000482066 2 5 3
0.0916584 0.000478857 0.000478857 2 5 3
0.0916722 0.000475677 0.000475677 2 5 3
0.0916859 0.000472523 0.000472523 2 5 3
0.0916995 0.000469398 0.000469398 2 5 3
0.091713 0.000466299 0.000466299 2 5 3
0.0917265 0.000463227 0.000463227 2 5 3
0.0917398 0.000460182 0.000460182 2 5 3
0.0917531 0.000457162 0.000457162 2 5 3
0.0917663 0.000454169 0.000454169 2 5 3
0.0917794 0.000451202 0.000451202 2 5 3
0.0917924 0.00044826 0.00044826 2 5 3
0.0918054 0.000445343 0.000445343 2 5 3
0.0918182 0.000442451 0.000442451 2 5 3
0.091831 0.000439583 0.000439583 2 5 3
0.0918437 0.00043674 0.00043674 2 5 3
0.0918563 0.000433922 0.000433922 2 5 3
0.0918688 0.000431127 0.000431127 2 5 3
0.0918813 0.000428355 0.000428355 2 5 3
0.0918936 0.000425608 0.000425608 2 5 3
0.0919059 0.000422883 0.000422883 2 5 3
0.0919181 0.000420181 0.000420181 2 5 3
0.0919303 0.000417502 0.000417502 2 5 3
0.0919423 0.000414845 0.000414845 2 5 3
0.0919543 0.000412211 0.000412211 2 5 3
0.0919662 0.000409599 0.000409599 2 5 3
0.0919781 0.000407008 0.000407008 2 5 3
0.0919898 0.000404439 0.000404439 2 5 3
0.0920015 0.000401892 0.000401892 2 5 3
0.0920132 0.000399365 0.000399365 2 5 3
0.0920247 0.00039686 0.00039686 2 5 3
0.0920362 0.000394375 0.000394375 2 5 3
0.0920476 0.000391911 0.000391911 2 5 3
0.0920589 0.000389467 0.000389467 2 5 3
0.0920702 0.000387043 0.000387043 2 5 3
0.0920814 0.000384639 0.000384639 2 5 3
0.0920925 0.000382255 0.000382255 2 5 3
0.0921035 0.00037989 0.00037989 2 5 3
0.0921145 0.000377545 0.000377545 2 5 3
0.0921255 0.000375219 0.000375219 2 5 3
0.0921363 0.000372911 0.000372911 2 5 3
0.0921471 0.000370623 0.000370623 2 5 3
0.0921578 0.000368353 0.000368353 2 5 3
0.0921685 0.000366101 0.000366101 2 5 3
0.0921791 0.000363868 0.000363868 2 5 3
0.0921896 0.000361653 0.000361653 2 5 3
0.0922 0.000359455 0.000359455 2 5 3
0.0922104 0.000357276 0.000357276 2 5 3
0.0922208 0.000355113 0.000355113 2 5 3
0.0922311 0.000352968 0.000352968 2 5 3
0.0922413 0.000350841 0.000350841 2 5 3
0.0922514 0.00034873 0.00034873 2 5 3
0.0922615 0.000346636 0.000346636 2 5 3
0.0922715 0.000344559 0.000344559 2 5 3
0.0922815 0.000342498 0.000342498 2 5 3
0.0922914 0.000340454 0.000340454 2 5 3
0.0923013 0.000338425 0.000338425 2 5 3
0.092311 0.000336413 0.000336413 2 5 3
0.0923208 0.000334417 0.000334417 2 5 3
0.0923305 0.000332436 0.000332436 2 5 3
0.0923401 0.000330472 0.000330472 2 5 3
0.0923496 0.000328522 0.000328522 2 5 3
0.0923591 0.000326588 0.000326588 2 5 3
0.0923686 0.000324669 0.000324669 2 5 3
0.092378 0.000322765 0.000322765 2 5 3
0.0923873 0.000320876 0.000320876 2 5 3
0.0923966 0.000319001 0.000319001 2 5 3
0.0924058 0.000317141 0.000317141 2 5 3
0.092415 0.000315296 0.000315296 2 5 3
0.0924241 0.000313465 0.000313465 2 5 3
0.0924332 0.000311648 0.000311648 2 5 3
0.0924422 0.000309845 0.000309845 2 5 3
0.0924511 0.000308056 0.000308056 2 5 3
0.09246 0.00030628 0.00030628 2 5 3
0.0924689 0.000304519 0.000304519 2 5 3
0.0924777 0.000302771 0.000302771 2 5 3
0.0924864 0.000301036 0.000301036 2 5 3
0.0924951 0.000299315 0.000299315 2 5 3
0.0925038 0.000297606 0.000297606 2 5 3
0.0925124 0.000295911 0.000295911 2 5 3
0.0925209 0.000294229 0.000294229 2 5 3
0.0925294 0.000292559 0.000292559 2 5 3
0.0925379 0.000290902 0.000290902 2 5 3
0.0925463 0.000289258 0.000289258 2 5 3
0.0925547 0.000287626 0.000287626 2 5 3
0.092563 0.000286006 0.000286006 2 5 3
0.0925712 0.000284399 0.000284399 2 5 3
0.0925794 0.000282804 0.000282804 2 5 3
0.0925876 0.00028122 0.00028122 2 5 3
0.0925957 0.000279649 0.000279649 2 5 3
0.0926038 0.000278089 0.000278089 2 5 3
0.0926118 0.000276541 0.000276541 2 5 3
0.0926198 0.000275005 0.000275005 2 5 3
0.0926278 0.00027348 0.00027348 2 5 3
0.0926356 0.000271966 0.000271966 2 5 3
0.0926435 0.000270464 0.000270464 2 5 3
0.0926513 0.000268972 0.000268972 2 5 3
0.0926591 0.000267492 0.000267492 2 5 3
0.0926668 0.000266023 0.000266023 2 5 3
0.0926744 0.000264564 0.000264564 2 5 3
0.0926821 0.000263116 0.000263116 2 5 3
0.0926897 0.000261679 0.000261679 2 5 3
0.0926972 0.000260253 0.000260253 2 5 3
0.0927047 0.000258837 0.000258837 2 5 3
0.0927122 0.000257431 0.000257431 2 5 3
0.0927196 0.000256035 0.000256035 2 5 3
0.092727 0.00025465 0.00025465 2 5 3
0.0927343 0.000253275 0.000253275 2 5 3
0.0927416 0.00025191 0.00025191 2 5 3
0.0927488 0.000250554 0.000250554 2 5 3
0.0927561 0.000249209 0.000249209 2 5 3
0.0927632 0.000247873 0.000247873 2 5 3
0.0927704 0.000246547 0.000246547 2 5 3
0.0927775 0.000245231 0.000245231 2 5 3
0.0927845 0.000243924 0.000243924 2 5 3
0.0927915 0.000242626 0.000242626 2 5 3
0.0927985 0.000241338 0.000241338 2 5 3
0.0928055 0.000240058 0.000240058 2 5 3
0.0928124 0.000238789 0.000238789 2 5 3
0.0928192 0.000237528 0.000237528 2 5 3
0.0928261 0.000236276 0.000236276 2 5 3
0.0928329 0.000235033 0.000235033 2 5 3
0.0928396 0.000233799 0.000233799 2 5 3
0.0928463 0.000232573 0.000232573 2 5 3
0.092853 0.000231357 0.000231357 2 5 3
0.0928597 0.000230149 0.000230149 2 5 3
0.0928663 0.000228949 0.000228949 2 5 3
0.0928728 0.000227758 0.000227758 2 5 3
0.0928794 0.000226575 0.000226575 2 5 3
0.0928859 0.000225401 0.000225401 2 5 3
0.0928924 0.000224235 0.000224235 2 5 3
0.0928988 0.000223077 0.000223077 2 5 3
0.0929052 0.000221927 0.000221927 2 5 3
0.0929116 0.000220785 0.000220785 2 5 3
0.0929179 0.000219651 0.000219651 2 5 3
0.0929242 0.000218525 0.000218525 2 5 3
0.0929305 0.000217407 0.000217407 2 5 3
0.0929367 0.000216297 0.000216297 2 5 3
0.0929429 0.000215194 0.000215194 2 5 3
0.092949 0.000214099 0.000214099 2 5 3
0.0929552 0.000213012 0.000213012 2 5 3
0.0929613 0.000211932 0.000211932 2 5 3
0.0929673 0.000210859 0.000210859 2 5 3
0.0929734 0.000209794 0.000209794 2 5 3
0.0929794 0.000208736 0.000208736 2 5 3
0.0929854 0.000207686 0.000207686 2 5 3
0.0929913 0.000206642 0.000206642 2 5 3
0.0929972 0.000205606 0.000205606 2 5 3
0.0930031 0.000204577 0.000204577 2 5 3
0.0930089 0.000203555 0.000203555 2 5 3
0.0930147 0.00020254 0.00020254 2 5 3
0.0930205 0.000201531 0.000201531 2 5 3
0.0930263 0.00020053 0.00020053 2 5 3
0.093032 0.000199535 0.000199535 2 5 3
0.0930377 0.000198547 0.000198547 2 5 3
0.0930434 0.000197566 0.000197566 2 5 3
0.093049 0.000196591 0.000196591 2 5 3
0.0930546 0.000195623 0.000195623 2 5 3
0.0930602 0.000194662 0.000194662 2 5 3
0.0930657 0.000193707 0.000193707 2 5 3
0.0930713 0.000192758 0.000192758 2 5 3
0.0930768 0.000191816 0.000191816 2 5 3
0.0930822 0.000190879 0.000190879 2 5 3
0.0930877 0.00018995 0.00018995 2 5 3
0.0930931 0.000189026 0.000189026 2 5 3
0.0930985 0.000188108 0.000188108 2 5 3
0.0931038 0.000187197 0.000187197 2 5 3
0.0931091 0.000186292 0.000186292 2 5 3
0.0931144 0.000185392 0.000185392 2 5 3
0.0931197 0.000184499 0.000184499 2 5 3
0.093125 0.000183611 0.000183611 2 5 3
0.0931302 0.00018273 0.00018273 2 5 3
0.0931354 0.000181854 0.000181854 2 5 3
0.0931405 0.000180984 0.000180984 2 5 3
0.0931457 0.000180119 0.000180119 2 5 3
0.0931508 0.00017926 0.00017926 2 5 3
0.0931559 0.000178407 0.000178407 2 5 3
0.0931609 0.00017756 0.00017756 2 5 3
0.093166 0.000176718 0.000176718 2 5 3
0.093171 0.000175881 0.000175881 2 5 3
0.093176 0.00017505 0.00017505 2 5 3
0.0931809 0.000174224 0.000174224 2 5 3
0.0931859 0.000173404 0.000173404 2 5 3
0.0931908 0.000172589 0.000172589 2 5 3
0.0931957 0.000171779 0.000171779 2 5 3
0.0932005 0.000170974 0.000170974 2 5 3
0.0932054 0.000170175 0.000170175 2 5 3
0.0932102 0.000169381 0.000169381 2 5 3
0.093215 0.000168592 0.000168592 2 5 3
0.0932197 0.000167808 0.000167808 2 5 3
0.0932245 0.000167029 0.000167029 2 5 3
0.0932292 0.000166254 0.000166254 2 5 3
0.0932339 0.000165485 0.000165485 2 5 3
0.0932386 0.000164721 0.000164721 2 5 3
0.0932432 0.000163962 0.000163962 2 5 3
0.0932479 0.000163207 0.000163207 2 5 3
0.0932525 0.000162457 0.000162457 2 5 3
0.093257 0.000161712 0.000161712 2 5 3
0.0932616 0.000160972 0.000160972 2 5 3
0.0932661 0.000160237 0.000160237 2 5 3
0.0932706 0.000159506 0.000159506 2 5 3
0.0932751 0.000158779 0.000158779 2 5 3
0.0932796 0.000158057 0.000158057 2 5 3
0.0932841 0.00015734 0.00015734 2 5 3
0.0932885 0.000156628 0.000156628 2 5 3
0.0932929 0.000155919 0.000155919 2 5 3
0.0932973 0.000155215 0.000155215 2 5 3
0.0933016 0.000154516 0.000154516 2 5 3
0.093306 0.000153821 0.000153821 2 5 3
0.0933103 0.00015313 0.00015313 2 5 3
0.0933146 0.000152444 0.000152444 2 5 3
0.0933189 0.000151761 0.000151761 2 5 3
0.0933231 0.000151083 0.000151083 2 5 3
0.0933274 0.00015041 0.00015041 2 5 3
0.0933316 0.00014974 0.00014974 2 5 3
0.0933358 0.000149075 0.000149075 2 5 3
0.09334 0.000148413 0.000148413 2 5 3
0.0933441 0.000147756 0.000147756 2 5 3
0.0933483 0.000147103 0.000147103 2 5 3
0.0933524 0.000146453 0.000146453 2 5 3
0.0933565 0.000145808 0.000145808 2 5 3
0.0933606 0.000145167 0.000145167 2 5 3
0.0933646 0.00014453 0.00014453 2 5 3
0.0933687 0.000143896 0.000143896 2 5 3
0.0933727 0.000143266 0.000143266 2 5 3
0.0933767 0.000142641 0.000142641 2 5 3
0.0933807 0.000142019 0.000142019 2 5 3
0.0933847 0.0001414 0.0001414 2 5 3
0.0933886 0.000140786 0.000140786 2 5 3
0.0933925 0.000140175 0.000140175 2 5 3
0.0933964 0.000139568 0.000139568 2 5 3
0.0934003 0.000138965 0.000138965 2 5 3
0.0934042 0.000138365 0.000138365 2 5 3
0.0934081 0.000137769 0.000137769 2 5 3
0.0934119 0.000137176 0.000137176 2 5 3
0.0934157 0.000136587 0.000136587 2 5 3
0.0934195 0.000136001 0.000136001 2 5 3
0.0934233 0.000135419 0.000135419 2 5 3
0.0934271 0.000134841 0.000134841 2 5 3
0.0934308 0.000134266 0.000134266 2 5 3
0.0934345 0.000133694 0.000133694 2 5 3
0.0934382 0.000133126 0.000133126 2 5 3
0.0934419 0.000132561 0.000132561 2 5 3
0.0934456 0.000132 0.000132 2 5 3
0.0934493 0.000131441 0.000131441 2 5 3
0.0934529 0.000130887 0.000130887 2 5 3
0.0934566 0.000130335 0.000130335 2 5 3
0.0934602 0.000129787 0.000129787 2 5 3
0.0934638 0.000129241 0.000129241 2 5 3
0.0934673 0.000128699 0.000128699 2 5 3
0.0934709 0.000128161 0.000128161 2 5 3
0.0934744 0.000127625 0.000127625 2 5 3
0.093478 0.000127093 0.000127093 2 5 3
0.0934815 0.000126563 0.000126563 2 5 3
0.093485 0.000126037 0.000126037 2 5 3
0.0934885 0.000125514 0.000125514 2 5 3
0.0934919 0.000124994 0.000124994 2 5 3
0.0934954 0.000124477 0.000124477 2 5 3
0.0934988 0.000123963 0.000123963 2 5 3
0.0935022 0.000123452 0.000123452 2 5 3
0.0935056 0.000122943 0.000122943 2 5 3
0.093509 0.000122438 0.000122438 2 5 3
0.0935124 0.000121936 0.000121936 2 5 3
0.0935158 0.000121436 0.000121436 2 5 3
0.0935191 0.00012094 0.00012094 2 5 3
0.0935224 0.000120446 0.000120446 2 5 3
0.0935257 0.000119955 0.000119955 2 5 3
0.093529 0.000119467 0.000119467 2 5 3
0.0935323 0.000118982 0.000118982 2 5 3
0.0935356 0.0001185 0.0001185 2 5 3
0.0935388 0.00011802 0.00011802 2 5 3
0.0935421 0.000117543 0.000117543 2 5 3
0.0935453 0.000117069 0.000117069 2 5 3
0.0935485 0.000116597 0.000116597 2 5 3
0.0935517 0.000116129 0.000116129 2 5 3
0.0935549 0.000115662 0.000115662 2 5 3
0.093558 0.000115199 0.000115199 2 5 3
0.0935612 0.000114738 0.000114738 2 5 3
0.0935643 0.000114279 0.000114279 2 5 3
0.0935675 0.000113824 0.000113824 2 5 3
0.0935706 0.000113371 0.000113371 2 5 3
0.0935737 0.00011292 0.00011292 2 5 3
0.0935768 0.000112472 0.000112472 2 5 3
0.0935798 0.000112026 0.000112026 2 5 3
0.0935829 0.000111583 0.000111583 2 5 3
0.0935859 0.000111143 0.000111143 2 5 3
0.093589 0.000110704 0.000110704 2 5 3
0.093592 0.000110269 0.000110269 2 5 3
0.093595 0.000109835 0.000109835 2 5 3
0.093598 0.000109405 0.000109405 2 5 3
0.0936009 0.000108976 0.000108976 2 5 3
0.0936039 0.00010855 0.00010855 2 5 3
0.0936069 0.000108126 0.000108126 2 5 3
0.0936098 0.000107705 0.000107705 2 5 3
0.0936127 0.000107286 0.000107286 2 5 3
0.0936156 0.000106869 0.000106869 2 5 3
0.0936185 0.000106455 0.000106455 2 5 3
0.0936214 0.000106043 0.000106043 2 5 3
0.0936243 0.000105633 0.000105633 2 5 3
0.0936272 0.000105225 0.000105225 2 5 3
0.09363 0.00010482 0.00010482 2 5 3
0.0936329 0.000104416 0.000104416 2 5 3
0.0936357 0.000104016 0.000104016 2 5 3
0.0936385 0.000103617 0.000103617 2 5 3
0.0936413 0.00010322 0.00010322 2 5 3
0.0936441 0.000102826 0.000102826 2 5 3
0.0936469 0.000102433 0.000102433 2 5 3
0.0936496 0.000102043 0.000102043 2 5 3
0.0936524 0.000101655 0.000101655 2 5 3
0.0936551 0.000101269 0.000101269 2 5 3
0.0936579 0.000100885 0.000100885 2 5 3
0.0936606 0.000100504 0.000100504 2 5 3
0.0936633 0.000100124 0.000100124 2 5 3
0.093666 9.97461e-05 9.97461e-05 2 5 3
0.0936687 9.93704e-05 9.93704e-05 2 5 3
0.0936713 9.89968e-05 9.89968e-05 2 5 3
0.093674 9.86252e-05 9.86252e-05 2 5 3
0.0936766 9.82555e-05 9.82555e-05 2 5 3
0.0936793 9.78879e-05 9.78879e-05 2 5 3
0.0936819 9.75222e-05 9.75222e-05 2 5 3
0.0936845 9.71584e-05 9.71584e-05 2 5 3
0.0936871 9.67966e-05 9.67966e-05 2 5 3
0.0936897 9.64368e-05 9.64368e-05 2 5 3
0.0936923 9.60788e-05 9.60788e-05 2 5 3
0.0936949 9.57227e-05 9.57227e-05 2 5 3
0.0936975 9.53686e-05 9.53686e-05 2 5 3
0.0937 9.50163e-05 9.50163e-05 2 5 3
0.0937026 9.46659e-05 9.46659e-05 2 5 3
0.0937051 9.43173e-05 9.43173e-05 2 5 3
0.0937076 9.39705e-05 9.39705e-05 2 5 3
0.0937101 9.36256e-05 9.36256e-05 2 5 3
0.0937126 9.32825e-05 9.32825e-05 2 5 3
0.0937151 9.29412e-05 9.29412e-05 2 5 3
0.0937176 9.26017e-05 9.26017e-05 2 5 3
0.09372 9.2264e-05 9.2264e-05 2 5 3
0.0937225 9.19281e-05 9.19281e-05 2 5 3
0.093725 9.15939e-05 9.15939e-05 2 5 3
0.0937274 9.12614e-05 9.12614e-05 2 5 3
0.0937298 9.09307e-05 9.09307e-05 2 5 3
0.0937322 9.06017e-05 9.06017e-05 2 5 3
0.0937346 9.02744e-05 9.02744e-05 2 5 3
0.093737 8.99488e-05 8.99488e-05 2 5 3
0.0937394 8.96249e-05 8.96249e-05 2 5 3
0.0937418 8.93027e-05 8.93027e-05 2 5 3
0.0937442 8.89822e-05 8.89822e-05 2 5 3
0.0937465 8.86633e-05 8.86633e-05 2 5 3
0.0937489 8.8346e-05 8.8346e-05 2 5 3
0.0937512 8.80304e-05 8.80304e-05 2 5 3
0.0937536 8.77164e-05 8.77164e-05 2 5 3
0.0937559 8.7404e-05 8.7404e-05 2 5 3
0.0937582 8.70933e-05 8.70933e-05 2 5 3
0.0937605 8.67841e-05 8.67841e-05 2 5 3
0.0937628 8.64765e-05 8.64765e-05 2 5 3
0.0937651 8.61705e-05 8.61705e-05 2 5 3
0.0937673 8.5866e-05 8.5866e-05 2 5 3
0.0937696 8.55631e-05 8.55631e-05 2 5 3
0.0937719 8.52618e-05 8.52618e-05 2 5 3
0.0937741 8.49619e-05 8.49619e-05 2 5 3
0.0937763 8.46636e-05 8.46636e-05 2 5 3
0.0937786 8.43668e-05 8.43668e-05 2 5 3
0.0937808 8.40716e-05 8.40716e-05 2 5 3
0.093783 8.37778e-05 8.37778e-05 2 5 3
0.0937852 8.34855e-05 8.34855e-05 2 5 3
0.0937874 8.31946e-05 8.31946e-05 2 5 3
0.0937896 8.29053e-05 8.29053e-05 2 5 3
0.0937918 8.26174e-05 8.26174e-05 2 5 3
0.0937939 8.23309e-05 8.23309e-05 2 5 3
0.0937961 8.20459e-05 8.20459e-05 2 5 3
0.0937982 8.17623e-05 8.17623e-05 2 5 3
0.0938004 8.14802e-05 8.14802e-05 2 5 3
0.0938025 8.11994e-05 8.11994e-05 2 5 3
0.0938046 8.092e-05 8.092e-05 2 5 3
0.0938067 8.06421e-05 8.06421e-05 2 5 3
0.0938089 8.03655e-05 8.03655e-05 2 5 3
0.093811 8.00903e-05 8.00903e-05 2 5 3
0.093813 7.98165e-05 7.98165e-05 2 5 3
0.0938151 7.95441e-05 7.95441e-05 2 5 3
0.0938172 7.92729e-05 7.92729e-05 2 5 3
0.0938193 7.90032e-05 7.90032e-05 2 5 3
0.0938213 7.87347e-05 7.87347e-05 2 5 3
0.0938234 7.84676e-05 7.84676e-05 2 5 3
0.0938254 7.82018e-05 7.82018e-05 2 5 3
0.0938275 7.79374e-05 7.79374e-05 2 5 3
0.0938295 7.76742e-05 7.76742e-05 2 5 3
0.0938315 7.74123e-05 7.74123e-05 2 5 3
0.0938335 7.71517e-05 7.71517e-05 2 5 3
0.0938355 7.68924e-05 7.68924e-05 2 5 3
0.0938375 7.66344e-05 7.66344e-05 2 5 3
0.0938395 7.63776e-05 7.63776e-05 2 5 3
0.0938415 7.6122e-05 7.6122e-05 2 5 3
0.0938434 7.58678e-05 7.58678e-05 2 5 3
0.0938454 7.56147e-05 7.56147e-05 2 5 3
0.0938474 7.53629e-05 7.53629e-05 2 5 3
0.0938493 7.51123e-05 7.51123e-05 2 5 3
0.0938512 7.4863e-05 7.4863e-05 2 5 3
0.0938532 7.46148e-05 7.46148e-05 2 5 3
0.0938551 7.43679e-05 7.43679e-05 2 5 3
0.093857 7.41221e-05 7.41221e-05 2 5 3
0.0938589 7.38775e-05 7.38775e-05 2 5 3
0.0938608 7.36341e-05 7.36341e-05 2 5 3
0.0938627 7.33919e-05 7.33919e-05 2 5 3
0.0938646 7.31509e-05 7.31509e-05 2 5 3
0.0938665 7.2911e-05 7.2911e-05 2 5 3
0.0938684 7.26722e-05 7.26722e-05 2 5 3
0.0938702 7.24346e-05 7.24346e-05 2 5 3
0.0938721 7.21982e-05 7.21982e-05 2 5 3
0.093874 7.19628e-05 7.19628e-05 2 5 3
0.0938758 7.17286e-05 7.17286e-05 2 5 3
0.0938776 7.14955e-05 7.14955e-05 2 5 3
0.0938795 7.12636e-05 7.12636e-05 2 5 3
0.0938813 7.10327e-05 7.10327e-05 2 5 3
0.0938831 7.08029e-05 7.08029e-05 2 5 3
0.0938849 7.05743e-05 7.05743e-05 2 5 3
0.0938867 7.03467e-05 7.03467e-05 2 5 3
0.0938885 7.01201e-05 7.01201e-05 2 5 3
0.0938903 6.98947e-05 6.98947e-05 2 5 3
0.0938921 6.96703e-05 6.96703e-05 2 5 3
0.0938939 6.9447e-05 6.9447e-05 2 5 3
0.0938957 6.92247e-05 6.92247e-05 2 5 3
0.0938974 6.90035e-05 6.90035e-05 2 5 3
0.0938992 6.87833e-05 6.87833e-05 2 5 3
0.0939009 6.85642e-05 6.85642e-05 2 5 3
0.0939027 6.83461e-05 6.83461e-05 2 5 3
0.0939044 6.8129e-05 6.8129e-05 2 5 3
0.0939061 6.79129e-05 6.79129e-05 2 5 3
0.0939079 6.76978e-05 6.76978e-05 2 5 3
0.0939096 6.74838e-05 6.74838e-05 2 5 3
0.0939113 6.72707e-05 6.72707e-05 2 5 3
0.093913 6.70586e-05 6.70586e-05 2 5 3
0.0939147 6.68476e-05 6.68476e-05 2 5 3
0.0939164 6.66375e-05 6.66375e-05 2 5 3
0.0939181 6.64283e-05 6.64283e-05 2 5 3
0.0939198 6.62202e-05 6.62202e-05 2 5 3
0.0939214 6.6013e-05 6.6013e-05 2 5 3
0.0939231 6.58067e-05 6.58067e-05 2 5 3
0.0939248 6.56015e-05 6.56015e-05 2 5 3
0.0939264 6.53971e-05 6.53971e-05 2 5 3
0.0939281 6.51937e-05 6.51937e-05 2 5 3
0.0939297 6.49913e-05 6.49913e-05 2 5 3
0.0939313 6.47897e-05 6.47897e-05 2 5 3
0.093933 6.45891e-05 6.45891e-05 2 5 3
0.0939346 6.43894e-05 6.43894e-05 2 5 3
0.0939362 6.41907e-05 6.41907e-05 2 5 3
0.0939378 6.39928e-05 6.39928e-05 2 5 3
0.0939394 6.37959e-05 6.37959e-05 2 5 3
0.093941 6.35998e-05 6.35998e-05 2 5 3
0.0939426 6.34046e-05 6.34046e-05 2 5 3
0.0939442 6.32104e-05 6.32104e-05 2 5 3
0.0939458 6.3017e-05 6.3017e-05 2 5 3
0.0939474 6.28245e-05 6.28245e-05 2 5 3
0.093949 6.26328e-05 6.26328e-05 2 5 3
0.0939505 6.24421e-05 6.24421e-05 2 5 3
0.0939521 6.22522e-05 6.22522e-05 2 5 3
0.0939536 6.20631e-05 6.20631e-05 2 5 3
0.0939552 6.18749e-05 6.18749e-05 2 5 3
0.0939567 6.16876e-05 6.16876e-05 2 5 3
0.0939583 6.15011e-05 6.15011e-05 2 5 3
0.0939598 6.13154e-05 6.13154e-05 2 5 3
0.0939613 6.11306e-05 6.11306e-05 2 5 3
0.0939629 6.09466e-05 6.09466e-05 2 5 3
0.0939644 6.07634e-05 6.07634e-05 2 5 3
0.0939659 6.05811e-05 6.05811e-05 2 5 3
0.0939674 6.03995e-05 6.03995e-05 2 5 3
0.0939689 6.02188e-05 6.02188e-05 2 5 3
0.0939704 6.00389e-05 6.00389e-05 2 5 3
0.0939719 5.98598e-05 5.98598e-05 2 5 3
0.0939734 5.96814e-05 5.96814e-05 2 5 3
0.0939748 5.95039e-05 5.95039e-05 2 5 3
0.0939763 5.93272e-05 5.93272e-05 2 5 3
0.0939778 5.91512e-05 5.91512e-05 2 5 3
0.0939792 5.89761e-05 5.89761e-05 2 5 3
0.0939807 5.88017e-05 5.88017e-05 2 5 3
0.0939822 5.8628e-05 5.8628e-05 2 5 3
0.0939836 5.84552e-05 5.84552e-05 2 5 3
0.093985 5.82831e-05 5.82831e-05 2 5 3
0.0939865 5.81117e-05 5.81117e-05 2 5 3
0.0939879 5.79411e-05 5.79411e-05 2 5 3
0.0939893 5.77713e-05 5.77713e-05 2 5 3
0.0939908 5.76022e-05 5.76022e-05 2 5 3
0.0939922 5.74339e-05 5.74339e-05 2 5 3
0.0939936 5.72663e-05 5.72663e-05 2 5 3
0.093995 5.70994e-05 5.70994e-05 2 5 3
0.0939964 5.69332e-05 5.69332e-05 2 5 3
0.0939978 5.67678e-05 5.67678e-05 2 5 3
0.0939992 5.66031e-05 5.66031e-05 2 5 3
0.0940006 5.64391e-05 5.64391e-05 2 5 3
0.094002 5.62758e-05 5.62758e-05 2 5 3
0.0940033 5.61133e-05 5.61133e-05 2 5 3
0.0940047 5.59514e-05 5.59514e-05 2 5 3
0.0940061 5.57903e-05 5.57903e-05 2 5 3
0.0940074 5.56298e-05 5.56298e-05 2 5 3
0.0940088 5.54701e-05 5.54701e-05 2 5 3
0.0940102 5.5311e-05 5.5311e-05 2 5 3
0.0940115 5.51526e-05 5.51526e-05 2 5 3
0.0940128 5.49949e-05 5.49949e-05 2 5 3
0.0940142 5.48379e-05 5.48379e-05 2 5 3
0.0940155 5.46815e-05 5.46815e-05 2 5 3
0.0940169 5.45258e-05 5.45258e-05 2 5 3
0.0940182 5.43708e-05 5.43708e-05 2 5 3
0.0940195 5.42165e-05 5.42165e-05 2 5 3
0.0940208 5.40628e-05 5.40628e-05 2 5 3
0.0940221 5.39098e-05 5.39098e-05 2 5 3
0.0940234 5.37574e-05 5.37574e-05 2 5 3
0.0940247 5.36057e-05 5.36057e-05 2 5 3
0.094026 5.34546e-05 5.34546e-05 2 5 3
0.0940273 5.33042e-05 5.33042e-05 2 5 3
0.0940286 5.31544e-05 5.31544e-05 2 5 3
0.0940299 5.30052e-05 5.30052e-05 2 5 3
0.0940312 5.28567e-05 5.28567e-05 2 5 3
0.0940325 5.27088e-05 5.27088e-05 2 5 3
0.0940337 5.25615e-05 5.25615e-05 2 5 3
0.094035 5.24148e-05 5.24148e-05 2 5 3
0.0940363 5.22688e-05 5.22688e-05 2 5 3
0.0940375 5.21234e-05 5.21234e-05 2 5 3
0.0940388 5.19786e-05 5.19786e-05 2 5 3
0.09404 5.18344e-05 5.18344e-05 2 5 3
0.0940413 5.16908e-05 5.16908e-05 2 5 3
0.0940425 5.15478e-05 5.15478e-05 2 5 3
0.0940438 5.14055e-05 5.14055e-05 2 5 3
0.094045 5.12637e-05 5.12637e-05 2 5 3
0.0940462 5.11225e-05 5.11225e-05 2 5 3
0.0940474 5.09819e-05 5.09819e-05 2 5 3
0.0940487 5.08419e-05 5.08419e-05 2 5 3
0.0940499 5.07024e-05 5.07024e-05 2 5 3
0.0940511 5.05636e-05 5.05636e-05 2 5 3
0.0940523 5.04253e-05 5.04253e-05 2 5 3
0.0940535 5.02876e-05 5.02876e-05 2 5 3
0.0940547 5.01505e-05 5.01505e-05 2 5 3
0.0940559 5.00139e-05 5.00139e-05 2 5 3
0.0940571 4.98779e-05 4.98779e-05 2 5 3
0.0940583 4.97425e-05 4.97425e-05 2 5 3
0.0940595 4.96076e-05 4.96076e-05 2 5 3
0.0940607 4.94733e-05 4.94733e-05 2 5 3
0.0940618 4.93395e-05 4.93395e-05 2 5 3
0.094063 4.92063e-05 4.92063e-05 2 5 3
0.0940642 4.90737e-05 4.90737e-05 2 5 3
0.0940653 4.89415e-05 4.89415e-05 2 5 3
0.0940665 4.881e-05 4.881e-05 2 5 3
0.0940677 4.86789e-05 4.86789e-05 2 5 3
0.0940688 4.85484e-05 4.85484e-05 2 5 3
0.09407 4.84185e-05 4.84185e-05 2 5 3
0.0940711 4.8289e-05 4.8289e-05 2 5 3
0.0940722 4.81601e-05 4.81601e-05 2 5 3
0.0940734 4.80318e-05 4.80318e-05 2 5 3
0.0940745 4.79039e-05 4.79039e-05 2 5 3
0.0940756 4.77766e-05 4.77766e-05 2 5 3
0.0940768 4.76498e-05 4.76498e-05 2 5 3
0.0940779 4.75235e-05 4.75235e-05 2 5 3
0.094079 4.73977e-05 4.73977e-05 2 5 3
0.0940801 4.72724e-05 4.72724e-05 2 5 3
0.0940812 4.71476e-05 4.71476e-05 2 5 3
0.0940824 4.70233e-05 4.70233e-05 2 5 3
0.0940835 4.68996e-05 4.68996e-05 2 5 3
0.0940846 4.67763e-05 4.67763e-05 2 5 3
0.0940857 4.66535e-05 4.66535e-05 2 5 3
0.0940868 4.65313e-05 4.65313e-05 2 5 3
0.0940878 4.64095e-05 4.64095e-05 2 5 3
0.0940889 4.62882e-05 4.62882e-05 2 5 3
0.09409 4.61674e-05 4.61674e-05 2 5 3
0.0940911 4.6047e-05 4.6047e-05 2 5 3
0.0940922 4.59272e-05 4.59272e-05 2 5 3
0.0940932 4.58078e-05 4.58078e-05 2 5 3
0.0940943 4.56889e-05 4.56889e-05 2 5 3
0.0940954 4.55705e-05 4.55705e-05 2 5 3
0.0940964 4.54526e-05 4.54526e-05 2 5 3
0.0940975 4.53351e-05 4.53351e-05 2 5 3
0.0940986 4.52181e-05 4.52181e-05 2 5 3
0.0940996 4.51016e-05 4.51016e-05 2 5 3
0.0941007 4.49855e-05 4.49855e-05 2 5 3
0.0941017 4.48699e-05 4.48699e-05 2 5 3
0.0941027 4.47547e-05 4.47547e-05 2 5 3
0.0941038 4.464e-05 4.464e-05 2 5 3
0.0941048 4.45258e-05 4.45258e-05 2 5 3
0.0941059 4.4412e-05 4.4412e-05 2 5 3
0.0941069 4.42986e-05 4.42986e-05 2 5 3
0.0941079 4.41857e-05 4.41857e-05 2 5 3
0.0941089 4.40732e-05 4.40732e-05 2 5 3
0.0941099 4.39612e-05 4.39612e-05 2 5 3
0.094111 4.38496e-05 4.38496e-05 2 5 3
0.094112 4.37385e-05 4.37385e-05 2 5 3
0.094113 4.36278e-05 4.36278e-05 2 5 3
0.094114 4.35175e-05 4.35175e-05 2 5 3
0.094115 4.34077e-05 4.34077e-05 2 5 3
0.094116 4.32983e-05 4.32983e-05 2 5 3
0.094117 4.31893e-05 4.31893e-05 2 5 3
0.094118 4.30807e-05 4.30807e-05 2 5 3
0.094119 4.29726e-05 4.29726e-05 2 5 3
0.09412 4.28648e-05 4.28648e-05 2 5 3
0.0941209 4.27575e-05 4.27575e-05 2 5 3
0.0941219 4.26507e-05 4.26507e-05 2 5 3
0.0941229 4.25442e-05 4.25442e-05 2 5 3
0.0941239 4.24381e-05 4.24381e-05 2 5 3
0.0941248 4.23325e-05 4.23325e-05 2 5 3
0.0941258 4.22272e-05 4.22272e-05 2 5 3
0.0941268 4.21224e-05 4.21224e-05 2 5 3
0.0941277 4.2018e-05 4.2018e-05 2 5 3
0.0941287 4.19139e-05 4.19139e-05 2 5 3
0.0941297 4.18103e-05 4.18103e-05 2 5 3
0.0941306 4.17071e-05 4.17071e-05 2 5 3
0.0941316 4.16042e-05 4.16042e-05 2 5 3
0.0941325 4.15018e-05 4.15018e-05 2 5 3
0.0941335 4.13998e-05 4.13998e-05 2 5 3
0.0941344 4.12981e-05 4.12981e-05 2 5 3
0.0941353 4.11968e-05 4.11968e-05 2 5 3
0.0941363 4.10959e-05 4.10959e-05 2 5 3
0.0941372 4.09954e-05 4.09954e-05 2 5 3
0.0941381 4.08953e-05 4.08953e-05 2 5 3
0.0941391 4.07956e-05 4.07956e-05 2 5 3
0.09414 4.06962e-05 4.06962e-05 2 5 3
0.0941409 4.05973e-05 4.05973e-05 2 5 3
0.0941418 4.04987e-05 4.04987e-05 2 5 3
0.0941427 4.04004e-05 4.04004e-05 2 5 3
0.0941436 4.03026e-05 4.03026e-05 2 5 3
0.0941446 4.02051e-05 4.02051e-05 2 5 3
0.0941455 4.0108e-05 4.0108e-05 2 5 3
0.0941464 4.00112e-05 4.00112e-05 2 5 3
0.0941473 3.99148e-05 3.99148e-05 2 5 3
0.0941482 3.98188e-05 3.98188e-05 2 5 3
0.0941491 3.97231e-05 3.97231e-05 2 5 3
0.09415 3.96278e-05 3.96278e-05 2 5 3
0.0941508 3.95329e-05 3.95329e-05 2 5 3
0.0941517 3.94383e-05 3.94383e-05 2 5 3
0.0941526 3.93441e-05 3.93441e-05 2 5 3
0.0941535 3.92502e-05 3.92502e-05 2 5 3
0.0941544 3.91567e-05 3.91567e-05 2 5 3
0.0941553 3.90635e-05 3.90635e-05 2 5 3
0.0941561 3.89706e-05 3.89706e-05 2 5 3
0.094157 3.88782e-05 3.88782e-05 2 5 3
0.0941579 3.8786e-05 3.8786e-05 2 5 3
0.0941587 3.86942e-05 3.86942e-05 2 5 3
0.0941596 3.86027e-05 3.86027e-05 2 5 3
0.0941605 3.85116e-05 3.85116e-05 2 5 3
0.0941613 3.84208e-05 3.84208e-05 2 5 3
0.0941622 3.83304e-05 3.83304e-05 2 5 3
0.094163 3.82403e-05 3.82403e-05 2 5 3
0.0941639 3.81505e-05 3.81505e-05 2 5 3
0.0941647 3.8061e-05 3.8061e-05 2 5 3
0.0941656 3.79719e-05 3.79719e-05 2 5 3
0.0941664 3.78831e-05 3.78831e-05 2 5 3
0.0941673 3.77947e-05 3.77947e-05 2 5 3
0.0941681 3.77065e-05 3.77065e-05 2 5 3
0.0941689 3.76187e-05 3.76187e-05 2 5 3
0.0941698 3.75312e-05 3.75312e-05 2 5 3
0.0941706 3.74441e-05 3.74441e-05 2 5 3
0.0941714 3.73572e-05 3.73572e-05 2 5 3
0.0941722 3.72707e-05 3.72707e-05 2 5 3
0.0941731 3.71845e-05 3.71845e-05 2 5 3
0.0941739 3.70985e-05 3.70985e-05 2 5 3
0.0941747 3.7013e-05 3.7013e-05 2 5 3
0.0941755 3.69277e-05 3.69277e-05 2 5 3
0.0941763 3.68427e-05 3.68427e-05 2 5 3
0.0941771 3.6758e-05 3.6758e-05 2 5 3
0.094178 3.66737e-05 3.66737e-05 2 5 3
0.0941788 3.65896e-05 3.65896e-05 2 5 3
0.0941796 3.65059e-05 3.65059e-05 2 5 3
0.0941804 3.64225e-05 3.64225e-05 2 5 3
0.0941812 3.63393e-05 3.63393e-05 2 5 3
0.094182 3.62565e-05 3.62565e-05 2 5 3
0.0941827 3.6174e-05 3.6174e-05 2 5 3
0.0941835 3.60917e-05 3.60917e-05 2 5 3
0.0941843 3.60098e-05 3.60098e-05 2 5 3
0.0941851 3.59281e-05 3.59281e-05 2 5 3
0.0941859 3.58468e-05 3.58468e-05 2 5 3
0.0941867 3.57657e-05 3.57657e-05 2 5 3
0.0941875 3.56849e-05 3.56849e-05 2 5 3
0.0941882 3.56044e-05 3.56044e-05 2 5 3
0.094189 3.55243e-05 3.55243e-05 2 5 3
0.0941898 3.54443e-05 3.54443e-05 2 5 3
0.0941906 3.53647e-05 3.53647e-05 2 5 3
0.0941913 3.52854e-05 3.52854e-05 2 5 3
0.0941921 3.52063e-05 3.52063e-05 2 5 3
0.0941929 3.51276e-05 3.51276e-05 2 5 3
0.0941936 3.50491e-05 3.50491e-05 2 5 3
0.0941944 3.49708e-05 3.49708e-05 2 5 3
0.0941951 3.48929e-05 3.48929e-05 2 5 3
0.0941959 3.48152e-05 3.48152e-05 2 5 3
0.0941966 3.47379e-05 3.47379e-05 2 5 3
0.0941974 3.46608e-05 3.46608e-05 2 5 3
0.0941981 3.45839e-05 3.45839e-05 2 5 3
0.0941989 3.45073e-05 3.45073e-05 2 5 3
0.0941996 3.4431e-05 3.4431e-05 2 5 3
0.0942004 3.4355e-05 3.4355e-05 2 5 3
0.0942011 3.42793e-05 3.42793e-05 2 5 3
0.0942018 3.42038e-05 3.42038e-05 2 5 3
0.0942026 3.41285e-05 3.41285e-05 2 5 3
0.0942033 3.40536e-05 3.40536e-05 2 5 3
0.094204 3.39789e-05 3.39789e-05 2 5 3
0.0942048 3.39044e-05 3.39044e-05 2 5 3
0.0942055 3.38303e-05 3.38303e-05 2 5 3
0.0942062 3.37563e-05 3.37563e-05 2 5 3
0.094207 3.36827e-05 3.36827e-05 2 5 3
0.0942077 3.36093e-05 3.36093e-05 2 5 3
0.0942084 3.35361e-05 3.35361e-05 2 5 3
0.0942091 3.34632e-05 3.34632e-05 2 5 3
0.0942098 3.33906e-05 3.33906e-05 2 5 3
0.0942105 3.33182e-05 3.33182e-05 2 5 3
0.0942112 3.32461e-05 3.32461e-05 2 5 3
0.094212 3.31742e-05 3.31742e-05 2 5 3
0.0942127 3.31026e-05 3.31026e-05 2 5 3
0.0942134 3.30312e-05 3.30312e-05 2 5 3
0.0942141 3.296e-05 3.296e-05 2 5 3
0.0942148 3.28891e-05 3.28891e-05 2 5 3
0.0942155 3.28185e-05 3.28185e-05 2 5 3
0.0942162 3.27481e-05 3.27481e-05 2 5 3
0.0942169 3.26779e-05 3.26779e-05 2 5 3
0.0942175 3.2608e-05 3.2608e-05 2 5 3
0.0942182 3.25383e-05 3.25383e-05 2 5 3
0.0942189 3.24689e-05 3.24689e-05 2 5 3
0.0942196 3.23997e-05 3.23997e-05 2 5 3
0.0942203 3.23307e-05 3.23307e-05 2 5 3
0.094221 3.2262e-05 3.2262e-05 2 5 3
0.0942217 3.21935e-05 3.21935e-05 2 5 3
0.0942223 3.21252e-05 3.21252e-05 2 5 3
0.094223 3.20572e-05 3.20572e-05 2 5 3
0.0942237 3.19894e-05 3.19894e-05 2 5 3
0.0942244 3.19218e-05 3.19218e-05 2 5 3
0.094225 3.18545e-05 3.18545e-05 2 5 3
0.0942257 3.17874e-05 3.17874e-05 2 5 3
0.0942264 3.17205e-05 3.17205e-05 2 5 3
0.094227 3.16539e-05 3.16539e-05 2 5 3
0.0942277 3.15874e-05 3.15874e-05 2 5 3
0.0942284 3.15212e-05 3.15212e-05 2 5 3
0.094229 3.14553e-05 3.14553e-05 2 5 3
0.0942297 3.13895e-05 3.13895e-05 2 5 3
0.0942303 3.1324e-05 3.1324e-05 2 5 3
0.094231 3.12587e-05 3.12587e-05 2 5 3
0.0942316 3.11936e-05 3.11936e-05 2 5 3
0.0942323 3.11287e-05 3.11287e-05 2 5 3
0.0942329 3.10641e-05 3.10641e-05 2 5 3
0.0942336 3.09996e-05 3.09996e-05 2 5 3
0.0942342 3.09354e-05 3.09354e-05 2 5 3
0.0942349 3.08714e-05 3.08714e-05 2 5 3
0.0942355 3.08076e-05 3.08076e-05 2 5 3
0.0942362 3.07441e-05 3.07441e-05 2 5 3
0.0942368 3.06807e-05 3.06807e-05 2 5 3
0.0942374 3.06176e-05 3.06176e-05 2 5 3
0.0942381 3.05546e-05 3.05546e-05 2 5 3
0.0942387 3.04919e-05 3.04919e-05 2 5 3
0.0942393 3.04294e-05 3.04294e-05 2 5 3
0.09424 3.03671e-05 3.03671e-05 2 5 3
0.0942406 3.0305e-05 3.0305e-05 2 5 3
0.0942412 3.02431e-05 3.02431e-05 2 5 3
0.0942418 3.01814e-05 3.01814e-05 2 5 3
0.0942425 3.01199e-05 3.01199e-05 2 5 3
0.0942431 3.00586e-05 3.00586e-05 2 5 3
0.0942437 2.99975e-05 2.99975e-05 2 5 3
0.0942443 2.99367e-05 2.99367e-05 2 5 3
0.0942449 2.9876e-05 2.9876e-05 2 5 3
0.0942456 2.98155e-05 2.98155e-05 2 5 3
0.0942462 2.97552e-05 2.97552e-05 2 5 3
0.0942468 2.96952e-05 2.96952e-05 2 5 3
0.0942474 2.96353e-05 2.96353e-05 2 5 3
0.094248 2.95756e-05 2.95756e-05 2 5 3
0.0942486 2.95161e-05 2.95161e-05 2 5 3
0.0942492 2.94568e-05 2.94568e-05 2 5 3
0.0942498 2.93977e-05 2.93977e-05 2 5 3
0.0942504 2.93388e-05 2.93388e-05 2 5 3
0.094251 2.92801e-05 2.92801e-05 2 5 3
0.0942516 2.92216e-05 2.92216e-05 2 5 3
0.0942522 2.91633e-05 2.91633e-05 2 5 3
0.0942528 2.91051e-05 2.91051e-05 2 5 3
0.0942534 2.90472e-05 2.90472e-05 2 5 3
0.094254 2.89894e-05 2.89894e-05 2 5 3
0.0942546 2.89319e-05 2.89319e-05 2 5 3
0.0942551 2.88745e-05 2.88745e-05 2 5 3
0.0942557 2.88173e-05 2.88173e-05 2 5 3
0.0942563 2.87603e-05 2.87603e-05 2 5 3
0.0942569 2.87034e-05 2.87034e-05 2 5 3
0.0942575 2.86468e-05 2.86468e-05 2 5 3
0.0942581 2.85903e-05 2.85903e-05 2 5 3
0.0942586 2.85341e-05 2.85341e-05 2 5 3
0.0942592 2.8478e-05 2.8478e-05 2 5 3
0.0942598 2.84221e-05 2.84221e-05 2 5 3
0.0942604 2.83663e-05 2.83663e-05 2 5 3
0.0942609 2.83108e-05 2.83108e-05 2 5 3
0.0942615 2.82554e-05 2.82554e-05 2 5 3
0.0942621 2.82002e-05 2.82002e-05 2 5 3
0.0942626 2.81452e-05 2.81452e-05 2 5 3
0.0942632 2.80903e-05 2.80903e-05 2 5 3
0.0942638 2.80357e-05 2.80357e-05 2 5 3
0.0942643 2.79812e-05 2.79812e-05 2 5 3
0.0942649 2.79269e-05 2.79269e-05 2 5 3
0.0942655 2.78727e-05 2.78727e-05 2 5 3
0.094266 2.78187e-05 2.78187e-05 2 5 3
0.0942666 2.77649e-05 2.77649e-05 2 5 3
0.0942671 2.77113e-05 2.77113e-05 2 5 3
0.0942677 2.76579e-05 2.76579e-05 2 5 3
0.0942682 2.76046e-05 2.76046e-05 2 5 3
0.0942688 2.75515e-05 2.75515e-05 2 5 3
0.0942693 2.74985e-05 2.74985e-05 2 5 3
0.0942699 2.74457e-05 2.74457e-05 2 5 3
0.0942704 2.73931e-05 2.73931e-05 2 5 3
0.094271 2.73407e-05 2.73407e-05 2 5 3
0.0942715 2.72884e-05 2.72884e-05 2 5 3
0.0942721 2.72363e-05 2.72363e-05 2 5 3
0.0942726 2.71843e-05 2.71843e-05 2 5 3
0.0942732 2.71325e-05 2.71325e-05 2 5 3
0.0942737 2.70809e-05 2.70809e-05 2 5 3
0.0942742 2.70294e-05 2.70294e-05 2 5 3
0.0942748 2.69782e-05 2.69782e-05 2 5 3
0.0942753 2.6927e-05 2.6927e-05 2 5 3
0.0942758 2.6876e-05 2.6876e-05 2 5 3
0.0942764 2.68252e-05 2.68252e-05 2 5 3
0.0942769 2.67746e-05 2.67746e-05 2 5 3
0.0942774 2.67241e-05 2.67241e-05 2 5 3
0.0942779 2.66737e-05 2.66737e-05 2 5 3
0.0942785 2.66235e-05 2.66235e-05 2 5 3
0.094279 2.65735e-05 2.65735e-05 2 5 3
0.0942795 2.65236e-05 2.65236e-05 2 5 3
0.09428 2.64739e-05 2.64739e-05 2 5 3
0.0942806 2.64244e-05 2.64244e-05 2 5 3
0.0942811 2.6375e-05 2.6375e-05 2 5 3
0.0942816 2.63257e-05 2.63257e-05 2 5 3
0.0942821 2.62766e-05 2.62766e-05 2 5 3
0.0942826 2.62277e-05 2.62277e-05 2 5 3
0.0942831 2.61789e-05 2.61789e-05 2 5 3
0.0942837 2.61302e-05 2.61302e-05 2 5 3
0.0942842 2.60817e-05 2.60817e-05 2 5 3
0.0942847 2.60334e-05 2.60334e-05 2 5 3
0.0942852 2.59852e-05 2.59852e-05 2 5 3
0.0942857 2.59371e-05 2.59371e-05 2 5 3
0.0942862 2.58892e-05 2.58892e-05 2 5 3
0.0942867 2.58415e-05 2.58415e-05 2 5 3
0.0942872 2.57939e-05 2.57939e-05 2 5 3
0.0942877 2.57464e-05 2.57464e-05 2 5 3
0.0942882 2.56991e-05 2.56991e-05 2 5 3
0.0942887 2.56519e-05 2.56519e-05 2 5 3
0.0942892 2.56049e-05 2.56049e-05 2 5 3
0.0942897 2.55581e-05 2.55581e-05 2 5 3
0.0942902 2.55113e-05 2.55113e-05 2 5 3
0.0942907 2.54647e-05 2.54647e-05 2 5 3
0.0942912 2.54183e-05 2.54183e-05 2 5 3
0.0942917 2.5372e-05 2.5372e-05 2 5 3
0.0942922 2.53258e-05 2.53258e-05 2 5 3
0.0942927 2.52798e-05 2.52798e-05 2 5 3
0.0942931 2.52339e-05 2.52339e-05 2 5 3
0.0942936 2.51882e-05 2.51882e-05 2 5 3
0.0942941 2.51425e-05 2.51425e-05 2 5 3
0.0942946 2.50971e-05 2.50971e-05 2 5 3
0.0942951 2.50517e-05 2.50517e-05 2 5 3
0.0942956 2.50066e-05 2.50066e-05 2 5 3
0.094296 2.49615e-05 2.49615e-05 2 5 3
0.0942965 2.49166e-05 2.49166e-05 2 5 3
0.094297 2.48718e-05 2.48718e-05 2 5 3
0.0942975 2.48271e-05 2.48271e-05 2 5 3
0.094298 2.47826e-05 2.47826e-05 2 5 3
0.0942984 2.47383e-05 2.47383e-05 2 5 3
0.0942989 2.4694e-05 2.4694e-05 2 5 3
0.0942994 2.46499e-05 2.46499e-05 2 5 3
0.0942998 2.46059e-05 2.46059e-05 2 5 3
0.0943003 2.45621e-05 2.45621e-05 2 5 3
0.0943008 2.45184e-05 2.45184e-05 2 5 3
0.0943012 2.44748e-05 2.44748e-05 2 5 3
0.0943017 2.44313e-05 2.44313e-05 2 5 3
0.0943022 2.4388e-05 2.4388e-05 2 5 3
0.0943026 2.43448e-05 2.43448e-05 2 5 3
0.0943031 2.43017e-05 2.43017e-05 2 5 3
0.0943036 2.42588e-05 2.42588e-05 2 5 3
0.094304 2.4216e-05 2.4216e-05 2 5 3
0.0943045 2.41733e-05 2.41733e-05 2 5 3
0.0943049 2.41307e-05 2.41307e-05 2 5 3
0.0943054 2.40883e-05 2.40883e-05 2 5 3
0.0943059 2.4046e-05 2.4046e-05 2 5 3
0.0943063 2.40038e-05 2.40038e-05 2 5 3
0.0943068 2.39618e-05 2.39618e-05 2 5 3
0.0943072 2.39199e-05 2.39199e-05 2 5 3
0.0943077 2.3878e-05 2.3878e-05 2 5 3
0.0943081 2.38364e-05 2.38364e-05 2 5 3
0.0943086 2.37948e-05 2.37948e-05 2 5 3
0.094309 2.37534e-05 2.37534e-05 2 5 3
0.0943095 2.37121e-05 2.37121e-05 2 5 3
0.0943099 2.36709e-05 2.36709e-05 2 5 3
0.0943104 2.36298e-05 2.36298e-05 2 5 3
0.0943108 2.35889e-05 2.35889e-05 2 5 3
0.0943112 2.3548e-05 2.3548e-05 2 5 3
0.0943117 2.35073e-05 2.35073e-05 2 5 3
0.0943121 2.34667e-05 2.34667e-05 2 5 3
0.0943126 2.34263e-05 2.34263e-05 2 5 3
0.094313 2.33859e-05 2.33859e-05 2 5 3
0.0943134 2.33457e-05 2.33457e-05 2 5 3
0.0943139 2.33056e-05 2.33056e-05 2 5 3
0.0943143 2.32656e-05 2.32656e-05 2 5 3
0.0943147 2.32257e-05 2.32257e-05 2 5 3
0.0943152 2.31859e-05 2.31859e-05 2 5 3
0.0943156 2.31463e-05 2.31463e-05 2 5 3
0.094316 2.31068e-05 2.31068e-05 2 5 3
0.0943165 2.30673e-05 2.30673e-05 2 5 3
0.0943169 2.3028e-05 2.3028e-05 2 5 3
0.0943173 2.29888e-05 2.29888e-05 2 5 3
0.0943177 2.29498e-05 2.29498e-05 2 5 3
0.0943182 2.29108e-05 2.29108e-05 2 5 3
0.0943186 2.2872e-05 2.2872e-05 2 5 3
0.094319 2.28332e-05 2.28332e-05 2 5 3
0.0943194 2.27946e-05 2.27946e-05 2 5 3
0.0943199 2.27561e-05 2.27561e-05 2 5 3
0.0943203 2.27177e-05 2.27177e-05 2 5 3
0.0943207 2.26794e-05 2.26794e-05 2 5 3
0.0943211 2.26412e-05 2.26412e-05 2 5 3
0.0943215 2.26031e-05 2.26031e-05 2 5 3
0.094322 2.25652e-05 2.25652e-05 2 5 3
0.0943224 2.25273e-05 2.25273e-05 2 5 3
0.0943228 2.24896e-05 2.24896e-05 2 5 3
0.0943232 2.24519e-05 2.24519e-05 2 5 3
0.0943236 2.24144e-05 2.24144e-05 2 5 3
0.094324 2.2377e-05 2.2377e-05 2 5 3
0.0943244 2.23397e-05 2.23397e-05 2 5 3
0.0943248 2.23025e-05 2.23025e-05 2 5 3
0.0943252 2.22654e-05 2.22654e-05 2 5 3
0.0943257 2.22284e-05 2.22284e-05 2 5 3
0.0943261 2.21915e-05 2.21915e-05 2 5 3
0.0943265 2.21547e-05 2.21547e-05 2 5 3
0.0943269 2.2118e-05 2.2118e-05 2 5 3
0.0943273 2.20814e-05 2.20814e-05 2 5 3
0.0943277 2.2045e-05 2.2045e-05 2 5 3
0.0943281 2.20086e-05 2.20086e-05 2 5 3
0.0943285 2.19723e-05 2.19723e-05 2 5 3
0.0943289 2.19362e-05 2.19362e-05 2 5 3
0.0943293 2.19001e-05 2.19001e-05 2 5 3
0.0943297 2.18642e-05 2.18642e-05 2 5 3
0.0943301 2.18283e-05 2.18283e-05 2 5 3
0.0943305 2.17926e-05 2.17926e-05 2 5 3
0.0943309 2.17569e-05 2.17569e-05 2 5 3
0.0943313 2.17213e-05 2.17213e-05 2 5 3
0.0943316 2.16859e-05 2.16859e-05 2 5 3
0.094332 2.16505e-05 2.16505e-05 2 5 3
0.0943324 2.16153e-05 2.16153e-05 2 5 3
0.0943328 2.15801e-05 2.15801e-05 2 5 3
0.0943332 2.15451e-05 2.15451e-05 2 5 3
0.0943336 2.15101e-05 2.15101e-05 2 5 3
0.094334 2.14753e-05 2.14753e-05 2 5 3
0.0943344 2.14405e-05 2.14405e-05 2 5 3
0.0943348 2.14058e-05 2.14058e-05 2 5 3
0.0943351 2.13713e-05 2.13713e-05 2 5 3
0.0943355 2.13368e-05 2.13368e-05 2 5 3
0.0943359 2.13024e-05 2.13024e-05 2 5 3
0.0943363 2.12681e-05 2.12681e-05 2 5 3
0.0943367 2.12339e-05 2.12339e-05 2 5 3
0.094337 2.11999e-05 2.11999e-05 2 5 3
0.0943374 2.11659e-05 2.11659e-05 2 5 3
0.0943378 2.1132e-05 2.1132e-05 2 5 3
0.0943382 2.10982e-05 2.10982e-05 2 5 3
0.0943386 2.10645e-05 2.10645e-05 2 5 3
0.0943389 2.10308e-05 2.10308e-05 2 5 3
0.0943393 2.09973e-05 2.09973e-05 2 5 3
0.0943397 2.09639e-05 2.09639e-05 2 5 3
0.0943401 2.09305e-05 2.09305e-05 2 5 3
0.0943404 2.08973e-05 2.08973e-05 2 5 3
0.0943408 2.08641e-05 2.08641e-05 2 5 3
0.0943412 2.08311e-05 2.08311e-05 2 5 3
0.0943415 2.07981e-05 2.07981e-05 2 5 3
0.0943419 2.07652e-05 2.07652e-05 2 5 3
0.0943423 2.07324e-05 2.07324e-05 2 5 3
0.0943426 2.06997e-05 2.06997e-05 2 5 3
0.094343 2.06671e-05 2.06671e-05 2 5 3
0.0943434 2.06346e-05 2.06346e-05 2 5 3
0.0943437 2.06021e-05 2.06021e-05 2 5 3
0.0943441 2.05698e-05 2.05698e-05 2 5 3
0.0943445 2.05375e-05 2.05375e-05 2 5 3
0.0943448 2.05054e-05 2.05054e-05 2 5 3
0.0943452 2.04733e-05 2.04733e-05 2 5 3
0.0943456 2.04413e-05 2.04413e-05 2 5 3
0.0943459 2.04094e-05 2.04094e-05 2 5 3
0.0943463 2.03776e-05 2.03776e-05 2 5 3
0.0943466 2.03458e-05 2.03458e-05 2 5 3
0.094347 2.03142e-05 2.03142e-05 2 5 3
0.0943473 2.02826e-05 2.02826e-05 2 5 3
0.0943477 2.02512e-05 2.02512e-05 2 5 3
0.094348 2.02198e-05 2.02198e-05 2 5 3
0.0943484 2.01885e-05 2.01885e-05 2 5 3
0.0943488 2.01573e-05 2.01573e-05 2 5 3
0.0943491 2.01261e-05 2.01261e-05 2 5 3
0.0943495 2.00951e-05 2.00951e-05 2 5 3
0.0943498 2.00641e-05 2.00641e-05 2 5 3
0.0943502 2.00332e-05 2.00332e-05 2 5 3
0.0943505 2.00024e-05 2.00024e-05 2 5 3
0.0943509 1.99717e-05 1.99717e-05 2 5 3
0.0943512 1.99411e-05 1.99411e-05 2 5 3
0.0943515 1.99105e-05 1.99105e-05 2 5 3
0.0943519 1.98801e-05 1.98801e-05 2 5 3
0.0943522 1.98497e-05 1.98497e-05 2 5 3
0.0943526 1.98194e-05 1.98194e-05 2 5 3
0.0943529 1.97891e-05 1.97891e-05 2 5 3
0.0943533 1.9759e-05 1.9759e-05 2 5 3
0.0943536 1.97289e-05 1.97289e-05 2 5 3
0.094354 1.96989e-05 1.96989e-05 2 5 3
0.0943543 1.9669e-05 1.9669e-05 2 5 3
0.0943546 1.96392e-05 1.96392e-05 2 5 3
0.094355 1.96095e-05 1.96095e-05 2 5 3
0.0943553 1.95798e-05 1.95798e-05 2 5 3
0.0943556 1.95502e-05 1.95502e-05 2 5 3
0.094356 1.95207e-05 1.95207e-05 2 5 3
0.0943563 1.94913e-05 1.94913e-05 2 5 3
0.0943567 1.9462e-05 1.9462e-05 2 5 3
0.094357 1.94327e-05 1.94327e-05 2 5 3
0.0943573 1.94035e-05 1.94035e-05 2 5 3
0.0943577 1.93744e-05 1.93744e-05 2 5 3
0.094358 1.93453e-05 1.93453e-05 2 5 3
0.0943583 1.93164e-05 1.93164e-05 2 5 3
0.0943586 1.92875e-05 1.92875e-05 2 5 3
0.094359 1.92587e-05 1.92587e-05 2 5 3
0.0943593 1.923e-05 1.923e-05 2 5 3
0.0943596 1.92013e-05 1.92013e-05 2 5 3
0.09436 1.91727e-05 1.91727e-05 2 5 3
0.0943603 1.91442e-05 1.91442e-05 2 5 3
0.0943606 1.91158e-05 1.91158e-05 2 5 3
0.0943609 1.90874e-05 1.90874e-05 2 5 3
0.0943613 1.90591e-05 1.90591e-05 2 5 3
0.0943616 1.90309e-05 1.90309e-05 2 5 3
0.0943619 1.90028e-05 1.90028e-05 2 5 3
0.0943622 1.89747e-05 1.89747e-05 2 5 3
0.0943626 1.89468e-05 1.89468e-05 2 5 3
0.0943629 1.89188e-05 1.89188e-05 2 5 3
0.0943632 1.8891e-05 1.8891e-05 2 5 3
0.0943635 1.88632e-05 1.88632e-05 2 5 3
0.0943638 1.88355e-05 1.88355e-05 2 5 3
0.0943641 1.88079e-05 1.88079e-05 2 5 3
0.0943645 1.87804e-05 1.87804e-05 2 5 3
0.0943648 1.87529e-05 1.87529e-05 2 5 3
0.0943651 1.87255e-05 1.87255e-05 2 5 3
0.0943654 1.86981e-05 1.86981e-05 2 5 3
0.0943657 1.86709e-05 1.86709e-05 2 5 3
0.094366 1.86437e-05 1.86437e-05 2 5 3
0.0943664 1.86166e-05 1.86166e-05 2 5 3
0.0943667 1.85895e-05 1.85895e-05 2 5 3
0.094367 1.85625e-05 1.85625e-05 2 5 3
0.0943673 1.85356e-05 1.85356e-05 2 5 3
0.0943676 1.85088e-05 1.85088e-05 2 5 3
0.0943679 1.8482e-05 1.8482e-05 2 5 3
0.0943682 1.84553e-05 1.84553e-05 2 5 3
0.0943685 1.84287e-05 1.84287e-05 2 5 3
0.0943688 1.84021e-05 1.84021e-05 2 5 3
0.0943691 1.83756e-05 1.83756e-05 2 5 3
0.0943695 1.83492e-05 1.83492e-05 2 5 3
0.0943698 1.83228e-05 1.83228e-05 2 5 3
0.0943701 1.82965e-05 1.82965e-05 2 5 3
0.0943704 1.82703e-05 1.82703e-05 2 5 3
0.0943707 1.82441e-05 1.82441e-05 2 5 3
0.094371 1.8218e-05 1.8218e-05 2 5 3
0.0943713 1.8192e-05 1.8192e-05 2 5 3
0.0943716 1.8166e-05 1.8166e-05 2 5 3
0.0943719 1.81401e-05 1.81401e-05 2 5 3
0.0943722 1.81143e-05 1.81143e-05 2 5 3
0.0943725 1.80885e-05 1.80885e-05 2 5 3
0.0943728 1.80629e-05 1.80629e-05 2 5 3
0.0943731 1.80372e-05 1.80372e-05 2 5 3
0.0943734 1.80117e-05 1.80117e-05 2 5 3
0.0943737 1.79862e-05 1.79862e-05 2 5 3
0.094374 1.79607e-05 1.79607e-05 2 5 3
0.0943743 1.79353e-05 1.79353e-05 2 5 3
0.0943746 1.791e-05 1.791e-05 2 5 3
0.0943749 1.78848e-05 1.78848e-05 2 5 3
0.0943751 1.78596e-05 1.78596e-05 2 5 3
0.0943754 1.78345e-05 1.78345e-05 2 5 3
0.0943757 1.78095e-05 1.78095e-05 2 5 3
0.094376 1.77845e-05 1.77845e-05 2 5 3
0.0943763 1.77595e-05 1.77595e-05 2 5 3
0.0943766 1.77347e-05 1.77347e-05 2 5 3
0.0943769 1.77099e-05 1.77099e-05 2 5 3
0.0943772 1.76851e-05 1.76851e-05 2 5 3
0.0943775 1.76605e-05 1.76605e-05 2 5 3
0.0943778 1.76359e-05 1.76359e-05 2 5 3
0.0943781 1.76113e-05 1.76113e-05 2 5 3
0.0943783 1.75868e-05 1.75868e-05 2 5 3
0.0943786 1.75624e-05 1.75624e-05 2 5 3
0.0943789 1.7538e-05 1.7538e-05 2 5 3
0.0943792 1.75137e-05 1.75137e-05 2 5 3
0.0943795 1.74895e-05 1.74895e-05 2 5 3
0.0943798 1.74653e-05 1.74653e-05 2 5 3
0.09438 1.74412e-05 1.74412e-05 2 5 3
0.0943803 1.74171e-05 1.74171e-05 2 5 3
0.0943806 1.73931e-05 1.73931e-05 2 5 3
0.0943809 1.73692e-05 1.73692e-05 2 5 3
0.0943812 1.73453e-05 1.73453e-05 2 5 3
0.0943815 1.73215e-05 1.73215e-05 2 5 3
0.0943817 1.72977e-05 1.72977e-05 2 5 3
0.094382 1.7274e-05 1.7274e-05 2 5 3
0.0943823 1.72503e-05 1.72503e-05 2 5 3
0.0943826 1.72268e-05 1.72268e-05 2 5 3
0.0943828 1.72032e-05 1.72032e-05 2 5 3
0.0943831 1.71798e-05 1.71798e-05 2 5 3
0.0943834 1.71563e-05 1.71563e-05 2 5 3
0.0943837 1.7133e-05 1.7133e-05 2 5 3
0.094384 1.71097e-05 1.71097e-05 2 5 3
0.0943842 1.70865e-05 1.70865e-05 2 5 3
0.0943845 1.70633e-05 1.70633e-05 2 5 3
0.0943848 1.70401e-05 1.70401e-05 2 5 3
0.094385 1.70171e-05 1.70171e-05 2 5 3
0.0943853 1.69941e-05 1.69941e-05 2 5 3
0.0943856 1.69711e-05 1.69711e-05 2 5 3
0.0943859 1.69482e-05 1.69482e-05 2 5 3
0.0943861 1.69254e-05 1.69254e-05 2 5 3
0.0943864 1.69026e-05 1.69026e-05 2 5 3
0.0943867 1.68799e-05 1.68799e-05 2 5 3
0.0943869 1.68572e-05 1.68572e-05 2 5 3
0.0943872 1.68346e-05 1.68346e-05 2 5 3
0.0943875 1.6812e-05 1.6812e-05 2 5 3
0.0943877 1.67895e-05 1.67895e-05 2 5 3
0.094388 1.6767e-05 1.6767e-05 2 5 3
0.0943883 1.67447e-05 1.67447e-05 2 5 3
0.0943885 1.67223e-05 1.67223e-05 2 5 3
0.0943888 1.67e-05 1.67e-05 2 5 3
0.0943891 1.66778e-05 1.66778e-05 2 5 3
0.0943893 1.66556e-05 1.66556e-05 2 5 3
0.0943896 1.66335e-05 1.66335e-05 2 5 3
0.0943899 1.66114e-05 1.66114e-05 2 5 3
0.0943901 1.65894e-05 1.65894e-05 2 5 3
0.0943904 1.65674e-05 1.65674e-05 2 5 3
0.0943906 1.65455e-05 1.65455e-05 2 5 3
0.0943909 1.65237e-05 1.65237e-05 2 5 3
0.0943912 1.65018e-05 1.65018e-05 2 5 3
0.0943914 1.64801e-05 1.64801e-05 2 5 3
0.0943917 1.64584e-05 1.64584e-05 2 5 3
0.0943919 1.64367e-05 1.64367e-05 2 5 3
0.0943922 1.64151e-05 1.64151e-05 2 5 3
0.0943925 1.63936e-05 1.63936e-05 2 5 3
0.0943927 1.63721e-05 1.63721e-05 2 5 3
0.094393 1.63507e-05 1.63507e-05 2 5 3
0.0943932 1.63293e-05 1.63293e-05 2 5 3
0.0943935 1.63079e-05 1.63079e-05 2 5 3
0.0943937 1.62867e-05 1.62867e-05 2 5 3
0.094394 1.62654e-05 1.62654e-05 2 5 3
0.0943942 1.62442e-05 1.62442e-05 2 5 3
0.0943945 1.62231e-05 1.62231e-05 2 5 3
0.0943947 1.6202e-05 1.6202e-05 2 5 3
0.094395 1.6181e-05 1.6181e-05 2 5 3
0.0943953 1.616e-05 1.616e-05 2 5 3
0.0943955 1.61391e-05 1.61391e-05 2 5 3
0.0943958 1.61182e-05 1.61182e-05 2 5 3
0.094396 1.60974e-05 1.60974e-05 2 5 3
0.0943963 1.60766e-05 1.60766e-05 2 5 3
0.0943965 1.60559e-05 1.60559e-05 2 5 3
0.0943967 1.60352e-05 1.60352e-05 2 5 3
0.094397 1.60145e-05 1.60145e-05 2 5 3
0.0943972 1.5994e-05 1.5994e-05 2 5 3
0.0943975 1.59734e-05 1.59734e-05 2 5 3
0.0943977 1.59529e-05 1.59529e-05 2 5 3
0.094398 1.59325e-05 1.59325e-05 2 5 3
0.0943982 1.59121e-05 1.59121e-05 2 5 3
0.0943985 1.58918e-05 1.58918e-05 2 5 3
0.0943987 1.58715e-05 1.58715e-05 2 5 3
0.094399 1.58512e-05 1.58512e-05 2 5 3
0.0943992 1.5831e-05 1.5831e-05 2 5 3
0.0943994 1.58109e-05 1.58109e-05 2 5 3
0.0943997 1.57908e-05 1.57908e-05 2 5 3
0.0943999 1.57707e-05 1.57707e-05 2 5 3
0.0944002 1.57507e-05 1.57507e-05 2 5 3
0.0944004 1.57308e-05 1.57308e-05 2 5 3
0.0944007 1.57108e-05 1.57108e-05 2 5 3
0.0944009 1.5691e-05 1.5691e-05 2 5 3
0.0944011 1.56712e-05 1.56712e-05 2 5 3
0.0944014 1.56514e-05 1.56514e-05 2 5 3
0.0944016 1.56317e-05 1.56317e-05 2 5 3
0.0944019 1.5612e-05 1.5612e-05 2 5 3
0.0944021 1.55923e-05 1.55923e-05 2 5 3
0.0944023 1.55727e-05 1.55727e-05 2 5 3
0.0944026 1.55532e-05 1.55532e-05 2 5 3
0.0944028 1.55337e-05 1.55337e-05 2 5 3
0.094403 1.55143e-05 1.55143e-05 2 5 3
0.0944033 1.54948e-05 1.54948e-05 2 5 3
0.0944035 1.54755e-05 1.54755e-05 2 5 3
0.0944037 1.54562e-05 1.54562e-05 2 5 3
0.094404 1.54369e-05 1.54369e-05 2 5 3
0.0944042 1.54177e-05 1.54177e-05 2 5 3
0.0944044 1.53985e-05 1.53985e-05 2 5 3
0.0944047 1.53794e-05 1.53794e-05 2 5 3
0.0944049 1.53603e-05 1.53603e-05 2 5 3
0.0944051 1.53412e-05 1.53412e-05 2 5 3
0.0944054 1.53222e-05 1.53222e-05 2 5 3
0.0944056 1.53033e-05 1.53033e-05 2 5 3
0.0944058 1.52843e-05 1.52843e-05 2 5 3
0.0944061 1.52655e-05 1.52655e-05 2 5 3
0.0944063 1.52466e-05 1.52466e-05 2 5 3
0.0944065 1.52278e-05 1.52278e-05 2 5 3
0.0944067 1.52091e-05 1.52091e-05 2 5 3
0.094407 1.51904e-05 1.51904e-05 2 5 3
0.0944072 1.51718e-05 1.51718e-05 2 5 3
0.0944074 1.51531e-05 1.51531e-05 2 5 3
0.0944077 1.51346e-05 1.51346e-05 2 5 3
0.0944079 1.5116e-05 1.5116e-05 2 5 3
0.0944081 1.50976e-05 1.50976e-05 2 5 3
0.0944083 1.50791e-05 1.50791e-05 2 5 3
0.0944086 1.50607e-05 1.50607e-05 2 5 3
0.0944088 1.50424e-05 1.50424e-05 2 5 3
0.094409 1.5024e-05 1.5024e-05 2 5 3
0.0944092 1.50058e-05 1.50058e-05 2 5 3
0.0944094 1.49875e-05 1.49875e-05 2 5 3
0.0944097 1.49693e-05 1.49693e-05 2 5 3
0.0944099 1.49512e-05 1.49512e-05 2 5 3
0.0944101 1.49331e-05 1.49331e-05 2 5 3
0.0944103 1.4915e-05 1.4915e-05 2 5 3
0.0944106 1.4897e-05 1.4897e-05 2 5 3
0.0944108 1.4879e-05 1.4879e-05 2 5 3
0.094411 1.48611e-05 1.48611e-05 2 5 3
0.0944112 1.48432e-05 1.48432e-05 2 5 3
0.0944114 1.48253e-05 1.48253e-05 2 5 3
0.0944117 1.48075e-05 1.48075e-05 2 5 3
0.0944119 1.47897e-05 1.47897e-05 2 5 3
0.0944121 1.4772e-05 1.4772e-05 2 5 3
0.0944123 1.47543e-05 1.47543e-05 2 5 3
0.0944125 1.47366e-05 1.47366e-05 2 5 3
0.0944127 1.4719e-05 1.4719e-05 2 5 3
0.094413 1.47014e-05 1.47014e-05 2 5 3
0.0944132 1.46839e-05 1.46839e-05 2 5 3
0.0944134 1.46664e-05 1.46664e-05 2 5 3
0.0944136 1.46489e-05 1.46489e-05 2 5 3
0.0944138 1.46315e-05 1.46315e-05 2 5 3
0.094414 1.46141e-05 1.46141e-05 2 5 3
0.0944142 1.45968e-05 1.45968e-05 2 5 3
0.0944145 1.45795e-05 1.45795e-05 2 5 3
0.0944147 1.45622e-05 1.45622e-05 2 5 3
0.0944149 1.4545e-05 1.4545e-05 2 5 3
0.0944151 1.45278e-05 1.45278e-05 2 5 3
0.0944153 1.45106e-05 1.45106e-05 2 5 3
0.0944155 1.44935e-05 1.44935e-05 2 5 3
0.0944157 1.44764e-05 1.44764e-05 2 5 3
0.0944159 1.44594e-05 1.44594e-05 2 5 3
0.0944161 1.44424e-05 1.44424e-05 2 5 3
0.0944164 1.44254e-05 1.44254e-05 2 5 3
0.0944166 1.44085e-05 1.44085e-05 2 5 3
0.0944168 1.43916e-05 1.43916e-05 2 5 3
0.094417 1.43748e-05 1.43748e-05 2 5 3
0.0944172 1.4358e-05 1.4358e-05 2 5 3
0.0944174 1.43412e-05 1.43412e-05 2 5 3
0.0944176 1.43245e-05 1.43245e-05 2 5 3
0.0944178 1.43078e-05 1.43078e-05 2 5 3
0.094418 1.42911e-05 1.42911e-05 2 5 3
0.0944182 1.42745e-05 1.42745e-05 2 5 3
0.0944184 1.42579e-05 1.42579e-05 2 5 3
0.0944186 1.42414e-05 1.42414e-05 2 5 3
0.0944188 1.42249e-05 1.42249e-05 2 5 3
0.094419 1.42084e-05 1.42084e-05 2 5 3
0.0944192 1.4192e-05 1.4192e-05 2 5 3
0.0944194 1.41755e-05 1.41755e-05 2 5 3
0.0944197 1.41592e-05 1.41592e-05 2 5 3
0.0944199 1.41429e-05 1.41429e-05 2 5 3
0.0944201 1.41266e-05 1.41266e-05 2 5 3
0.0944203 1.41103e-05 1.41103e-05 2 5 3
0.0944205 1.40941e-05 1.40941e-05 2 5 3
0.0944207 1.40779e-05 1.40779e-05 2 5 3
0.0944209 1.40617e-05 1.40617e-05 2 5 3
0.0944211 1.40456e-05 1.40456e-05 2 5 3
0.0944213 1.40295e-05 1.40295e-05 2 5 3
0.0944215 1.40135e-05 1.40135e-05 2 5 3
0.0944217 1.39975e-05 1.39975e-05 2 5 3
0.0944219 1.39815e-05 1.39815e-05 2 5 3
0.0944221 1.39656e-05 1.39656e-05 2 5 3
0.0944223 1.39497e-05 1.39497e-05 2 5 3
0.0944225 1.39338e-05 1.39338e-05 2 5 3
0.0944227 1.3918e-05 1.3918e-05 2 5 3
0.0944228 1.39022e-05 1.39022e-05 2 5 3
0.094423 1.38864e-05 1.38864e-05 2 5 3
0.0944232 1.38707e-05 1.38707e-05 2 5 3
0.0944234 1.3855e-05 1.3855e-05 2 5 3
0.0944236 1.38393e-05 1.38393e-05 2 5 3
0.0944238 1.38237e-05 1.38237e-05 2 5 3
0.094424 1.38081e-05 1.38081e-05 2 5 3
0.0944242 1.37925e-05 1.37925e-05 2 5 3
0.0944244 1.3777e-05 1.3777e-05 2 5 3
0.0944246 1.37615e-05 1.37615e-05 2 5 3
0.0944248 1.3746e-05 1.3746e-05 2 5 3
0.094425 1.37306e-05 1.37306e-05 2 5 3
0.0944252 1.37152e-05 1.37152e-05 2 5 3
0.0944254 1.36999e-05 1.36999e-05 2 5 3
0.0944256 1.36845e-05 1.36845e-05 2 5 3
0.0944258 1.36692e-05 1.36692e-05 2 5 3
0.0944259 1.3654e-05 1.3654e-05 2 5 3
0.0944261 1.36388e-05 1.36388e-05 2 5 3
0.0944263 1.36236e-05 1.36236e-05 2 5 3
0.0944265 1.36084e-05 1.36084e-05 2 5 3
0.0944267 1.35933e-05 1.35933e-05 2 5 3
0.0944269 1.35782e-05 1.35782e-05 2 5 3
0.0944271 1.35631e-05 1.35631e-05 2 5 3
0.0944273 1.35481e-05 1.35481e-05 2 5 3
0.0944275 1.35331e-05 1.35331e-05 2 5 3
0.0944277 1.35181e-05 1.35181e-05 2 5 3
0.0944278 1.35032e-05 1.35032e-05 2 5 3
0.094428 1.34883e-05 1.34883e-05 2 5 3
0.0944282 1.34734e-05 1.34734e-05 2 5 3
0.0944284 1.34586e-05 1.34586e-05 2 5 3
0.0944286 1.34438e-05 1.34438e-05 2 5 3
0.0944288 1.3429e-05 1.3429e-05 2 5 3
0.094429 1.34142e-05 1.34142e-05 2 5 3
0.0944291 1.33995e-05 1.33995e-05 2 5 3
0.0944293 1.33848e-05 1.33848e-05 2 5 3
0.0944295 1.33702e-05 1.33702e-05 2 5 3
0.0944297 1.33556e-05 1.33556e-05 2 5 3
0.0944299 1.3341e-05 1.3341e-05 2 5 3
0.0944301 1.33264e-05 1.33264e-05 2 5 3
0.0944302 1.33119e-05 1.33119e-05 2 5 3
0.0944304 1.32974e-05 1.32974e-05 2 5 3
0.0944306 1.32829e-05 1.32829e-05 2 5 3
0.0944308 1.32685e-05 1.32685e-05 2 5 3
0.094431 1.32541e-05 1.32541e-05 2 5 3
0.0944312 1.32397e-05 1.32397e-05 2 5 3
0.0944313 1.32254e-05 1.32254e-05 2 5 3
0.0944315 1.32111e-05 1.32111e-05 2 5 3
0.0944317 1.31968e-05 1.31968e-05 2 5 3
0.0944319 1.31825e-05 1.31825e-05 2 5 3
0.0944321 1.31683e-05 1.31683e-05 2 5 3
0.0944322 1.31541e-05 1.31541e-05 2 5 3
0.0944324 1.314e-05 1.314e-05 2 5 3
0.0944326 1.31258e-05 1.31258e-05 2 5 3
0.0944328 1.31117e-05 1.31117e-05 2 5 3
0.094433 1.30976e-05 1.30976e-05 2 5 3
0.0944331 1.30836e-05 1.30836e-05 2 5 3
0.0944333 1.30696e-05 1.30696e-05 2 5 3
0.0944335 1.30556e-05 1.30556e-05 2 5 3
0.0944337 1.30417e-05 1.30417e-05 2 5 3
0.0944338 1.30277e-05 1.30277e-05 2 5 3
0.094434 1.30138e-05 1.30138e-05 2 5 3
0.0944342 1.3e-05 1.3e-05 2 5 3
0.0944344 1.29861e-05 1.29861e-05 2 5 3
0.0944345 1.29723e-05 1.29723e-05 2 5 3
0.0944347 1.29585e-05 1.29585e-05 2 5 3
0.0944349 1.29448e-05 1.29448e-05 2 5 3
0.0944351 1.29311e-05 1.29311e-05 2 5 3
0.0944352 1.29174e-05 1.29174e-05 2 5 3
0.0944354 1.29037e-05 1.29037e-05 2 5 3
0.0944356 1.28901e-05 1.28901e-05 2 5 3
0.0944358 1.28765e-05 1.28765e-05 2 5 3
0.0944359 1.28629e-05 1.28629e-05 2 5 3
0.0944361 1.28493e-05 1.28493e-05 2 5 3
0.0944363 1.28358e-05 1.28358e-05 2 5 3
0.0944365 1.28223e-05 1.28223e-05 2 5 3
0.0944366 1.28088e-05 1.28088e-05 2 5 3
0.0944368 1.27954e-05 1.27954e-05 2 5 3
0.094437 1.2782e-05 1.2782e-05 2 5 3
0.0944371 1.27686e-05 1.27686e-05 2 5 3
0.0944373 1.27552e-05 1.27552e-05 2 5 3
0.0944375 1.27419e-05 1.27419e-05 2 5 3
0.0944376 1.27286e-05 1.27286e-05 2 5 3
0.0944378 1.27153e-05 1.27153e-05 2 5 3
0.094438 1.27021e-05 1.27021e-05 2 5 3
0.0944382 1.26889e-05 1.26889e-05 2 5 3
0.0944383 1.26757e-05 1.26757e-05 2 5 3
0.0944385 1.26625e-05 1.26625e-05 2 5 3
0.0944387 1.26494e-05 1.26494e-05 2 5 3
0.0944388 1.26362e-05 1.26362e-05 2 5 3
0.094439 1.26232e-05 1.26232e-05 2 5 3
0.0944392 1.26101e-05 1.26101e-05 2 5 3
0.0944393 1.25971e-05 1.25971e-05 2 5 3
0.0944395 1.25841e-05 1.25841e-05 2 5 3
0.0944397 1.25711e-05 1.25711e-05 2 5 3
0.0944398 1.25581e-05 1.25581e-05 2 5 3
0.09444 1.25452e-05 1.25452e-05 2 5 3
0.0944402 1.25323e-05 1.25323e-05 2 5 3
0.0944403 1.25194e-05 1.25194e-05 2 5 3
0.0944405 1.25066e-05 1.25066e-05 2 5 3
0.0944406 1.24938e-05 1.24938e-05 2 5 3
0.0944408 1.2481e-05 1.2481e-05 2 5 3
0.094441 1.24682e-05 1.24682e-05 2 5 3
0.0944411 1.24555e-05 1.24555e-05 2 5 3
0.0944413 1.24428e-05 1.24428e-05 2 5 3
0.0944415 1.24301e-05 1.24301e-05 2 5 3
0.0944416 1.24174e-05 1.24174e-05 2 5 3
0.0944418 1.24048e-05 1.24048e-05 2 5 3
0.094442 1.23921e-05 1.23921e-05 2 5 3
0.0944421 1.23796e-05 1.23796e-05 2 5 3
0.0944423 1.2367e-05 1.2367e-05 2 5 3
0.0944424 1.23545e-05 1.23545e-05 2 5 3
0.0944426 1.2342e-05 1.2342e-05 2 5 3
0.0944428 1.23295e-05 1.23295e-05 2 5 3
0.0944429 1.2317e-05 1.2317e-05 2 5 3
0.0944431 1.23046e-05 1.23046e-05 2 5 3
0.0944432 1.22922e-05 1.22922e-05 2 5 3
0.0944434 1.22798e-05 1.22798e-05 2 5 3
0.0944436 1.22674e-05 1.22674e-05 2 5 3
0.0944437 1.22551e-05 1.22551e-05 2 5 3
0.0944439 1.22428e-05 1.22428e-05 2 5 3
0.094444 1.22305e-05 1.22305e-05 2 5 3
0.0944442 1.22182e-05 1.22182e-05 2 5 3
0.0944443 1.2206e-05 1.2206e-05 2 5 3
0.0944445 1.21938e-05 1.21938e-05 2 5 3
0.0944447 1.21816e-05 1.21816e-05 2 5 3
0.0944448 1.21694e-05 1.21694e-05 2 5 3
0.094445 1.21573e-05 1.21573e-05 2 5 3
0.0944451 1.21452e-05 1.21452e-05 2 5 3
0.0944453 1.21331e-05 1.21331e-05 2 5 3
0.0944454 1.2121e-05 1.2121e-05 2 5 3
0.0944456 1.2109e-05 1.2109e-05 2 5 3
0.0944458 1.2097e-05 1.2097e-05 2 5 3
0.0944459 1.2085e-05 1.2085e-05 2 5 3
0.0944461 1.2073e-05 1.2073e-05 2 5 3
0.0944462 1.2061e-05 1.2061e-05 2 5 3
0.0944464 1.20491e-05 1.20491e-05 2 5 3
0.0944465 1.20372e-05 1.20372e-05 2 5 3
0.0944467 1.20254e-05 1.20254e-05 2 5 3
0.0944468 1.20135e-05 1.20135e-05 2 5 3
0.094447 1.20017e-05 1.20017e-05 2 5 3
0.0944471 1.19899e-05 1.19899e-05 2 5 3
0.0944473 1.19781e-05 1.19781e-05 2 5 3
0.0944474 1.19663e-05 1.19663e-05 2 5 3
0.0944476 1.19546e-05 1.19546e-05 2 5 3
0.0944477 1.19429e-05 1.19429e-05 2 5 3
0.0944479 1.19312e-05 1.19312e-05 2 5 3
0.0944481 1.19195e-05 1.19195e-05 2 5 3
0.0944482 1.19079e-05 1.19079e-05 2 5 3
0.0944484 1.18963e-05 1.18963e-05 2 5 3
0.0944485 1.18847e-05 1.18847e-05 2 5 3
0.0944487 1.18731e-05 1.18731e-05 2 5 3
0.0944488 1.18616e-05 1.18616e-05 2 5 3
0.094449 1.185e-05 1.185e-05 2 5 3
0.0944491 1.18385e-05 1.18385e-05 2 5 3
0.0944493 1.1827e-05 1.1827e-05 2 5 3
0.0944494 1.18156e-05 1.18156e-05 2 5 3
0.0944496 1.18041e-05 1.18041e-05 2 5 3
0.0944497 1.17927e-05 1.17927e-05 2 5 3
0.0944498 1.17813e-05 1.17813e-05 2 5 3
0.09445 1.177e-05 1.177e-05 2 5 3
0.0944501 1.17586e-05 1.17586e-05 2 5 3
0.0944503 1.17473e-05 1.17473e-05 2 5 3
0.0944504 1.1736e-05 1.1736e-05 2 5 3
0.0944506 1.17247e-05 1.17247e-05 2 5 3
0.0944507 1.17134e-05 1.17134e-05 2 5 3
0.0944509 1.17022e-05 1.17022e-05 2 5 3
0.094451 1.1691e-05 1.1691e-05 2 5 3
0.0944512 1.16798e-05 1.16798e-05 2 5 3
0.0944513 1.16686e-05 1.16686e-05 2 5 3
0.0944515 1.16575e-05 1.16575e-05 2 5 3
0.0944516 1.16464e-05 1.16464e-05 2 5 3
0.0944518 1.16352e-05 1.16352e-05 2 5 3
0.0944519 1.16242e-05 1.16242e-05 2 5 3
0.094452 1.16131e-05 1.16131e-05 2 5 3
0.0944522 1.16021e-05 1.16021e-05 2 5 3
0.0944523 1.1591e-05 1.1591e-05 2 5 3
0.0944525 1.158e-05 1.158e-05 2 5 3
0.0944526 1.15691e-05 1.15691e-05 2 5 3
0.0944528 1.15581e-05 1.15581e-05 2 5 3
0.0944529 1.15472e-05 1.15472e-05 2 5 3
0.094453 1.15363e-05 1.15363e-05 2 5 3
0.0944532 1.15254e-05 1.15254e-05 2 5 3
0.0944533 1.15145e-05 1.15145e-05 2 5 3
0.0944535 1.15036e-05 1.15036e-05 2 5 3
0.0944536 1.14928e-05 1.14928e-05 2 5 3
0.0944538 1.1482e-05 1.1482e-05 2 5 3
0.0944539 1.14712e-05 1.14712e-05 2 5 3
0.094454 1.14604e-05 1.14604e-05 2 5 3
0.0944542 1.14497e-05 1.14497e-05 2 5 3
0.0944543 1.1439e-05 1.1439e-05 2 5 3
0.0944545 1.14283e-05 1.14283e-05 2 5 3
0.0944546 1.14176e-05 1.14176e-05 2 5 3
0.0944547 1.14069e-05 1.14069e-05 2 5 3
0.0944549 1.13963e-05 1.13963e-05 2 5 3
0.094455 1.13856e-05 1.13856e-05 2 5 3
0.0944552 1.1375e-05 1.1375e-05 2 5 3
0.0944553 1.13645e-05 1.13645e-05 2 5 3
0.0944554 1.13539e-05 1.13539e-05 2 5 3
0.0944556 1.13433e-05 1.13433e-05 2 5 3
0.0944557 1.13328e-05 1.13328e-05 2 5 3
0.0944558 1.13223e-05 1.13223e-05 2 5 3
0.094456 1.13118e-05 1.13118e-05 2 5 3
0.0944561 1.13014e-05 1.13014e-05 2 5 3
0.0944563 1.12909e-05 1.12909e-05 2 5 3
0.0944564 1.12805e-05 1.12805e-05 2 5 3
0.0944565 1.12701e-05 1.12701e-05 2 5 3
0.0944567 1.12597e-05 1.12597e-05 2 5 3
0.0944568 1.12494e-05 1.12494e-05 2 5 3
0.0944569 1.1239e-05 1.1239e-05 2 5 3
0.0944571 1.12287e-05 1.12287e-05 2 5 3
0.0944572 1.12184e-05 1.12184e-05 2 5 3
0.0944574 1.12081e-05 1.12081e-05 2 5 3
0.0944575 1.11978e-05 1.11978e-05 2 5 3
0.0944576 1.11876e-05 1.11876e-05 2 5 3
0.0944578 1.11774e-05 1.11774e-05 2 5 3
0.0944579 1.11672e-05 1.11672e-05 2 5 3
0.094458 1.1157e-05 1.1157e-05 2 5 3
0.0944582 1.11468e-05 1.11468e-05 2 5 3
0.0944583 1.11367e-05 1.11367e-05 2 5 3
0.0944584 1.11265e-05 1.11265e-05 2 5 3
0.0944586 1.11164e-05 1.11164e-05 2 5 3
0.0944587 1.11063e-05 1.11063e-05 2 5 3
0.0944588 1.10962e-05 1.10962e-05 2 5 3
0.094459 1.10862e-05 1.10862e-05 2 5 3
0.0944591 1.10762e-05 1.10762e-05 2 5 3
0.0944592 1.10661e-05 1.10661e-05 2 5 3
0.0944594 1.10561e-05 1.10561e-05 2 5 3
0.0944595 1.10462e-05 1.10462e-05 2 5 3
0.0944596 1.10362e-05 1.10362e-05 2 5 3
0.0944598 1.10263e-05 1.10263e-05 2 5 3
0.0944599 1.10163e-05 1.10163e-05 2 5 3
0.09446 1.10064e-05 1.10064e-05 2 5 3
0.0944601 1.09965e-05 1.09965e-05 2 5 3
0.0944603 1.09867e-05 1.09867e-05 2 5 3
0.0944604 1.09768e-05 1.09768e-05 2 5 3
0.0944605 1.0967e-05 1.0967e-05 2 5 3
0.0944607 1.09572e-05 1.09572e-05 2 5 3
0.0944608 1.09474e-05 1.09474e-05 2 5 3
0.0944609 1.09376e-05 1.09376e-05 2 5 3
0.0944611 1.09279e-05 1.09279e-05 2 5 3
0.0944612 1.09181e-05 1.09181e-05 2 5 3
0.0944613 1.09084e-05 1.09084e-05 2 5 3
0.0944614 1.08987e-05 1.08987e-05 2 5 3
0.0944616 1.0889e-05 1.0889e-05 2 5 3
0.0944617 1.08793e-05 1.08793e-05 2 5 3
0.0944618 1.08697e-05 1.08697e-05 2 5 3
0.094462 1.08601e-05 1.08601e-05 2 5 3
0.0944621 1.08504e-05 1.08504e-05 2 5 3
0.0944622 1.08408e-05 1.08408e-05 2 5 3
0.0944623 1.08313e-05 1.08313e-05 2 5 3
0.0944625 1.08217e-05 1.08217e-05 2 5 3
0.0944626 1.08122e-05 1.08122e-05 2 5 3
0.0944627 1.08026e-05 1.08026e-05 2 5 3
0.0944628 1.07931e-05 1.07931e-05 2 5 3
0.094463 1.07836e-05 1.07836e-05 2 5 3
0.0944631 1.07742e-05 1.07742e-05 2 5 3
0.0944632 1.07647e-05 1.07647e-05 2 5 3
0.0944633 1.07553e-05 1.07553e-05 2 5 3
0.0944635 1.07459e-05 1.07459e-05 2 5 3
0.0944636 1.07365e-05 1.07365e-05 2 5 3
0.0944637 1.07271e-05 1.07271e-05 2 5 3
0.0944638 1.07177e-05 1.07177e-05 2 5 3
0.094464 1.07084e-05 1.07084e-05 2 5 3
0.0944641 1.0699e-05 1.0699e-05 2 5 3
0.0944642 1.06897e-05 1.06897e-05 2 5 3
0.0944643 1.06804e-05 1.06804e-05 2 5 3
0.0944645 1.06711e-05 1.06711e-05 2 5 3
0.0944646 1.06619e-05 1.06619e-05 2 5 3
0.0944647 1.06526e-05 1.06526e-05 2 5 3
0.0944648 1.06434e-05 1.06434e-05 2 5 3
0.094465 1.06342e-05 1.06342e-05 2 5 3
0.0944651 1.0625e-05 1.0625e-05 2 5 3
0.0944652 1.06158e-05 1.06158e-05 2 5 3
0.0944653 1.06066e-05 1.06066e-05 2 5 3
0.0944655 1.05975e-05 1.05975e-05 2 5 3
0.0944656 1.05883e-05 1.05883e-05 2 5 3
0.0944657 1.05792e-05 1.05792e-05 2 5 3
0.0944658 1.05701e-05 1.05701e-05 2 5 3
0.0944659 1.0561e-05 1.0561e-05 2 5 3
0.0944661 1.0552e-05 1.0552e-05 2 5 3
0.0944662 1.05429e-05 1.05429e-05 2 5 3
0.0944663 1.05339e-05 1.05339e-05 2 5 3
0.0944664 1.05249e-05 1.05249e-05 2 5 3
0.0944665 1.05159e-05 1.05159e-05 2 5 3
0.0944667 1.05069e-05 1.05069e-05 2 5 3
0.0944668 1.04979e-05 1.04979e-05 2 5 3
0.0944669 1.0489e-05 1.0489e-05 2 5 3
0.094467 1.048e-05 1.048e-05 2 5 3
0.0944671 1.04711e-05 1.04711e-05 2 5 3
0.0944673 1.04622e-05 1.04622e-05 2 5 3
0.0944674 1.04533e-05 1.04533e-05 2 5 3
0.0944675 1.04445e-05 1.04445e-05 2 5 3
0.0944676 1.04356e-05 1.04356e-05 2 5 3
0.0944677 1.04268e-05 1.04268e-05 2 5 3
0.0944679 1.04179e-05 1.04179e-05 2 5 3
0.094468 1.04091e-05 1.04091e-05 2 5 3
0.0944681 1.04003e-05 1.04003e-05 2 5 3
0.0944682 1.03916e-05 1.03916e-05 2 5 3
0.0944683 1.03828e-05 1.03828e-05 2 5 3
0.0944684 1.03741e-05 1.03741e-05 2 5 3
0.0944686 1.03653e-05 1.03653e-05 2 5 3
0.0944687 1.03566e-05 1.03566e-05 2 5 3
0.0944688 1.03479e-05 1.03479e-05 2 5 3
0.0944689 1.03393e-05 1.03393e-05 2 5 3
0.094469 1.03306e-05 1.03306e-05 2 5 3
0.0944691 1.03219e-05 1.03219e-05 2 5 3
0.0944693 1.03133e-05 1.03133e-05 2 5 3
0.0944694 1.03047e-05 1.03047e-05 2 5 3
0.0944695 1.02961e-05 1.02961e-05 2 5 3
0.0944696 1.02875e-05 1.02875e-05 2 5 3
0.0944697 1.02789e-05 1.02789e-05 2 5 3
0.0944698 1.02704e-05 1.02704e-05 2 5 3
0.09447 1.02618e-05 1.02618e-05 2 5 3
0.0944701 1.02533e-05 1.02533e-05 2 5 3
0.0944702 1.02448e-05 1.02448e-05 2 5 3
0.0944703 1.02363e-05 1.02363e-05 2 5 3
0.0944704 1.02278e-05 1.02278e-05 2 5 3
0.0944705 1.02193e-05 1.02193e-05 2 5 3
0.0944706 1.02109e-05 1.02109e-05 2 5 3
0.0944708 1.02024e-05 1.02024e-05 2 5 3
0.0944709 1.0194e-05 1.0194e-05 2 5 3
0.094471 1.01856e-05 1.01856e-05 2 5 3
0.0944711 1.01772e-05 1.01772e-05 2 5 3
0.0944712 1.01688e-05 1.01688e-05 2 5 3
0.0944713 1.01605e-05 1.01605e-05 2 5 3
0.0944714 1.01521e-05 1.01521e-05 2 5 3
0.0944715 1.01438e-05 1.01438e-05 2 5 3
0.0944717 1.01355e-05 1.01355e-05 2 5 3
0.0944718 1.01272e-05 1.01272e-05 2 5 3
0.0944719 1.01189e-05 1.01189e-05 2 5 3
0.094472 1.01106e-05 1.01106e-05 2 5 3
0.0944721 1.01024e-05 1.01024e-05 2 5 3
0.0944722 1.00941e-05 1.00941e-05 2 5 3
0.0944723 1.00859e-05 1.00859e-05 2 5 3
0.0944724 1.00777e-05 1.00777e-05 2 5 3
0.0944726 1.00695e-05 1.00695e-05 2 5 3
0.0944727 1.00613e-05 1.00613e-05 2 5 3
0.0944728 1.00531e-05 1.00531e-05 2 5 3
0.0944729 1.00449e-05 1.00449e-05 2 5 3
0.094473 1.00368e-05 1.00368e-05 2 5 3
0.0944731 1.00287e-05 1.00287e-05 2 5 3
0.0944732 1.00205e-05 1.00205e-05 2 5 3
0.0944733 1.00124e-05 1.00124e-05 2 5 3
0.0944734 1.00044e-05 1.00044e-05 2 5 3
0.0944735 9.99628e-06 9.99628e-06 2 5 3
0.0944737 9.98822e-06 9.98822e-06 2 5 3
0.0944738 9.98018e-06 9.98018e-06 2 5 3
0.0944739 9.97215e-06 9.97215e-06 2 5 3
0.094474 9.96413e-06 9.96413e-06 2 5 3
0.0944741 9.95612e-06 9.95612e-06 2 5 3
0.0944742 9.94814e-06 9.94814e-06 2 5 3
0.0944743 9.94016e-06 9.94016e-06 2 5 3
0.0944744 9.9322e-06 9.9322e-06 2 5 3
0.0944745 9.92425e-06 9.92425e-06 2 5 3
0.0944746 9.91632e-06 9.91632e-06 2 5 3
0.0944747 9.90839e-06 9.90839e-06 2 5 3
0.0944748 9.90049e-06 9.90049e-06 2 5 3
0.094475 9.8926e-06 9.8926e-06 2 5 3
0.0944751 9.88472e-06 9.88472e-06 2 5 3
0.0944752 9.87685e-06 9.87685e-06 2 5 3
0.0944753 9.869e-06 9.869e-06 2 5 3
0.0944754 9.86116e-06 9.86116e-06 2 5 3
0.0944755 9.85333e-06 9.85333e-06 2 5 3
0.0944756 9.84552e-06 9.84552e-06 2 5 3
0.0944757 9.83773e-06 9.83773e-06 2 5 3
0.0944758 9.82994e-06 9.82994e-06 2 5 3
0.0944759 9.82217e-06 9.82217e-06 2 5 3
0.094476 9.81441e-06 9.81441e-06 2 5 3
0.0944761 9.80667e-06 9.80667e-06 2 5 3
0.0944762 9.79894e-06 9.79894e-06 2 5 3
0.0944763 9.79122e-06 9.79122e-06 2 5 3
0.0944764 9.78351e-06 9.78351e-06 2 5 3
0.0944765 9.77582e-06 9.77582e-06 2 5 3
0.0944766 9.76814e-06 9.76814e-06 2 5 3
0.0944768 9.76048e-06 9.76048e-06 2 5 3
0.0944769 9.75283e-06 9.75283e-06 2 5 3
0.094477 9.74519e-06 9.74519e-06 2 5 3
0.0944771 9.73756e-06 9.73756e-06 2 5 3
0.0944772 9.72995e-06 9.72995e-06 2 5 3
0.0944773 9.72235e-06 9.72235e-06 2 5 3
0.0944774 9.71477e-06 9.71477e-06 2 5 3
0.0944775 9.70719e-06 9.70719e-06 2 5 3
0.0944776 9.69963e-06 9.69963e-06 2 5 3
0.0944777 9.69208e-06 9.69208e-06 2 5 3
0.0944778 9.68455e-06 9.68455e-06 2 5 3
0.0944779 9.67703e-06 9.67703e-06 2 5 3
0.094478 9.66952e-06 9.66952e-06 2 5 3
0.0944781 9.66202e-06 9.66202e-06 2 5 3
