0.3 0.322207 0.322207 2 1 0
0.299883 0.322122 0.322122 1 1 0
0.299765 0.322037 0.322037 1 1 0
0.299531 0.321868 0.321868 1 1 0
0.299062 0.321529 0.321529 1 1 0
0.298477 0.321106 0.321106 1 1 0
0.297892 0.320682 0.320682 1 1 0
0.297308 0.320258 0.320258 1 1 0
0.296724 0.319834 0.319834 1 1 0
0.296141 0.319409 0.319409 1 1 0
0.295559 0.318985 0.318985 1 1 0
0.294977 0.31856 0.31856 1 1 0
0.294396 0.318135 0.318135 1 1 0
0.293815 0.31771 0.31771 1 1 0
0.293235 0.317284 0.317284 1 1 0
0.292655 0.316859 0.316859 1 1 0
0.292076 0.316433 0.316433 1 1 0
0.291497 0.316007 0.316007 1 1 0
0.290919 0.315581 0.315581 1 1 0
0.290342 0.315154 0.315154 1 1 0
0.289765 0.314728 0.314728 1 1 0
0.289189 0.314301 0.314301 1 1 0
0.288613 0.313874 0.313874 1 1 0
0.288038 0.313447 0.313447 1 1 0
0.287464 0.31302 0.31302 1 1 0
0.28689 0.312592 0.312592 1 1 0
0.286316 0.312165 0.312165 1 1 0
0.285744 0.311737 0.311737 1 1 0
0.285172 0.311309 0.311309 1 1 0
0.2846 0.310881 0.310881 1 1 0
0.284029 0.310452 0.310452 1 1 0
0.283459 0.310024 0.310024 1 1 0
0.282889 0.309595 0.309595 1 1 0
0.28232 0.309166 0.309166 1 1 0
0.281751 0.308737 0.308737 1 1 0
0.281183 0.308307 0.308307 1 1 0
0.280615 0.307878 0.307878 1 1 0
0.280049 0.307448 0.307448 1 1 0
0.279482 0.307018 0.307018 1 1 0
0.278917 0.306588 0.306588 1 1 0
0.278352 0.306158 0.306158 1 1 0
0.277787 0.305727 0.305727 1 1 0
0.277223 0.305296 0.305296 1 1 0
0.27666 0.304866 0.304866 1 1 0
0.276097 0.304434 0.304434 1 1 0
0.275535 0.304003 0.304003 1 1 0
0.274974 0.303572 0.303572 1 1 0
0.274413 0.30314 0.30314 1 1 0
0.273853 0.302708 0.302708 1 1 0
0.273293 0.302276 0.302276 1 1 0
0.272734 0.301844 0.301844 1 1 0
0.272176 0.301412 0.301412 1 1 0
0.271618 0.300979 0.300979 1 1 0
0.271061 0.300546 0.300546 1 1 0
0.270504 0.300113 0.300113 1 1 0
0.269948 0.29968 0.29968 1 1 0
0.269393 0.299247 0.299247 1 1 0
0.268838 0.298813 0.298813 1 1 0
0.268284 0.29838 0.29838 1 1 0
0.26773 0.297946 0.297946 1 1 0
0.267177 0.297512 0.297512 1 1 0
0.266625 0.297077 0.297077 1 1 0
0.266074 0.296643 0.296643 1 1 0
0.265523 0.296208 0.296208 1 1 0
0.264972 0.295773 0.295773 1 1 0
0.264422 0.295338 0.295338 1 1 0
0.263873 0.294903 0.294903 1 1 0
0.263325 0.294468 0.294468 1 1 0
0.262777 0.294032 0.294032 1 1 0
0.26223 0.293596 0.293596 1 1 0
0.261683 0.29316 0.29316 1 1 0
0.261137 0.292724 0.292724 1 1 0
0.260592 0.292288 0.292288 1 1 0
0.260047 0.291851 0.291851 1 1 0
0.259503 0.291415 0.291415 1 1 0
0.25896 0.290978 0.290978 1 1 0
0.258417 0.290541 0.290541 1 1 0
0.257875 0.290103 0.290103 1 1 0
0.257333 0.289666 0.289666 1 1 0
0.256792 0.289228 0.289228 1 1 0
0.256252 0.288791 0.288791 1 1 0
0.255713 0.288353 0.288353 1 1 0
0.255174 0.287914 0.287914 1 1 0
0.254635 0.287476 0.287476 1 1 0
0.254098 0.287037 0.287037 1 1 0
0.253561 0.286599 0.286599 1 1 0
0.253025 0.28616 0.28616 1 1 0
0.252489 0.285721 0.285721 1 1 0
0.251954 0.285281 0.285281 1 1 0
0.25142 0.284842 0.284842 1 1 0
0.250886 0.284402 0.284402 1 1 0
0.250353 0.283962 0.283962 1 1 0
0.249821 0.283522 0.283522 1 1 0
0.249289 0.283082 0.283082 1 1 0
0.248758 0.282642 0.282642 1 1 0
0.248227 0.282201 0.282201 1 1 0
0.247698 0.28176 0.28176 1 1 0
0.247169 0.281319 0.281319 1 1 0
0.24664 0.280878 0.280878 1 1 0
0.246113 0.280437 0.280437 1 1 0
0.245585 0.279995 0.279995 1 1 0
0.245059 0.279554 0.279554 1 1 0
0.244533 0.279112 0.279112 1 1 0
0.244008 0.27867 0.27867 1 1 0
0.243484 0.278227 0.278227 1 1 0
0.24296 0.277785 0.277785 1 1 0
0.242437 0.277342 0.277342 1 1 0
0.241915 0.2769 0.2769 1 1 0
0.241393 0.276457 0.276457 1 1 0
0.240872 0.276014 0.276014 1 1 0
0.240352 0.27557 0.27557 1 1 0
0.239833 0.275127 0.275127 1 1 0
0.239314 0.274683 0.274683 1 1 0
0.238795 0.274239 0.274239 1 1 0
0.238278 0.273795 0.273795 1 1 0
0.237761 0.273351 0.273351 1 1 0
0.237245 0.272907 0.272907 1 1 0
0.23673 0.272462 0.272462 1 1 0
0.236215 0.272017 0.272017 1 1 0
0.235701 0.271572 0.271572 1 1 0
0.235187 0.271127 0.271127 1 1 0
0.234675 0.270682 0.270682 1 1 0
0.234163 0.270236 0.270236 1 1 0
0.233651 0.269791 0.269791 1 1 0
0.233141 0.269345 0.269345 1 1 0
0.232631 0.268899 0.268899 1 1 0
0.232122 0.268453 0.268453 1 1 0
0.231613 0.268006 0.268006 1 1 0
0.231105 0.26756 0.26756 1 1 0
0.230598 0.267113 0.267113 1 1 0
0.230092 0.266666 0.266666 1 1 0
0.229586 0.266219 0.266219 1 1 0
0.229081 0.265772 0.265772 1 1 0
0.228577 0.265325 0.265325 1 1 0
0.228074 0.264877 0.264877 1 1 0
0.227571 0.264429 0.264429 1 1 0
0.227069 0.263981 0.263981 1 1 0
0.226568 0.263533 0.263533 1 1 0
0.226067 0.263085 0.263085 1 1 0
0.225567 0.262636 0.262636 1 1 0
0.225068 0.262188 0.262188 1 1 0
0.224569 0.261739 0.261739 1 1 0
0.224072 0.26129 0.26129 1 1 0
0.223574 0.260841 0.260841 1 1 0
0.223078 0.260392 0.260392 1 1 0
0.222583 0.259942 0.259942 1 1 0
0.222088 0.259492 0.259492 1 1 0
0.221594 0.259043 0.259043 1 1 0
0.2211 0.258593 0.258593 1 1 0
0.220608 0.258142 0.258142 1 1 0
0.220116 0.257692 0.257692 1 1 0
0.219624 0.257242 0.257242 1 1 0
0.219134 0.256791 0.256791 1 1 0
0.218644 0.25634 0.25634 1 1 0
0.218155 0.255889 0.255889 1 1 0
0.217667 0.255438 0.255438 1 1 0
0.21718 0.254987 0.254987 1 1 0
0.216693 0.254535 0.254535 1 1 0
0.216207 0.254083 0.254083 1 1 0
0.215722 0.253632 0.253632 1 1 0
0.215237 0.25318 0.25318 1 1 0
0.214753 0.252727 0.252727 1 1 0
0.21427 0.252275 0.252275 1 1 0
0.213788 0.251823 0.251823 1 1 0
0.213307 0.25137 0.25137 1 1 0
0.212826 0.250917 0.250917 1 1 0
0.212346 0.250464 0.250464 1 1 0
0.211867 0.250011 0.250011 1 1 0
0.211388 0.249558 0.249558 1 1 0
0.21091 0.249104 0.249104 1 1 0
0.210433 0.24865 0.24865 1 1 0
0.209957 0.248197 0.248197 1 1 0
0.209482 0.247743 0.247743 1 1 0
0.209007 0.247288 0.247288 1 1 0
0.208533 0.246834 0.246834 1 1 0
0.20806 0.24638 0.24638 1 1 0
0.207588 0.245925 0.245925 1 1 0
0.207116 0.24547 0.24547 1 1 0
0.206645 0.245015 0.245015 1 1 0
0.206175 0.24456 0.24456 1 1 0
0.205706 0.244105 0.244105 1 1 0
0.205237 0.24365 0.24365 1 1 0
0.20477 0.243194 0.243194 1 1 0
0.204303 0.242738 0.242738 1 1 0
0.203837 0.242283 0.242283 1 1 0
0.203371 0.241827 0.241827 1 1 0
0.202907 0.24137 0.24137 1 1 0
0.202443 0.240914 0.240914 1 1 0
0.20198 0.240458 0.240458 1 1 0
0.201517 0.240001 0.240001 1 1 0
0.201056 0.239544 0.239544 1 1 0
0.200595 0.239087 0.239087 1 1 0
0.200135 0.23863 0.23863 1 1 0
0.199676 0.238173 0.238173 1 1 0
0.199218 0.237715 0.237715 1 1 0
0.19876 0.237258 0.237258 1 1 0
0.198304 0.2368 0.2368 1 1 0
0.197848 0.236342 0.236342 1 1 0
0.197393 0.235884 0.235884 1 1 0
0.196938 0.235426 0.235426 1 1 0
0.196485 0.234968 0.234968 1 1 0
0.196032 0.234509 0.234509 1 1 0
0.19558 0.234051 0.234051 1 1 0
0.195129 0.233592 0.233592 1 1 0
0.194679 0.233133 0.233133 1 1 0
0.194229 0.232674 0.232674 1 1 0
0.19378 0.232215 0.232215 1 1 0
0.193332 0.231756 0.231756 1 1 0
0.192885 0.231296 0.231296 1 1 0
0.192439 0.230837 0.230837 1 1 0
0.191994 0.230377 0.230377 1 1 0
0.191549 0.229917 0.229917 1 1 0
0.191105 0.229457 0.229457 1 1 0
0.19094 0.229285 0.229285 1 1 0
0.190497 0.228825 0.228825 2 1 0
0.190055 0.228365 0.228365 2 1 0
0.189614 0.227904 0.227904 2 1 0
0.189174 0.227444 0.227444 2 1 0
0.188734 0.226983 0.226983 2 1 0
0.188296 0.226522 0.226522 2 1 0
0.187858 0.226061 0.226061 2 1 0
0.187421 0.2256 0.2256 2 1 0
0.186985 0.225139 0.225139 2 1 0
0.186549 0.224677 0.224677 2 1 0
0.186115 0.224216 0.224216 2 1 0
0.185681 0.223754 0.223754 2 1 0
0.185248 0.223292 0.223292 2 1 0
0.184816 0.22283 0.22283 2 1 0
0.184385 0.222368 0.222368 2 1 0
0.183955 0.221906 0.221906 2 1 0
0.183526 0.221444 0.221444 2 1 0
0.183097 0.220981 0.220981 2 1 0
0.182669 0.220519 0.220519 2 1 0
0.182242 0.220056 0.220056 2 1 0
0.181816 0.219593 0.219593 2 1 0
0.181391 0.21913 0.21913 2 1 0
0.180966 0.218667 0.218667 2 1 0
0.180543 0.218204 0.218204 2 1 0
0.18012 0.217741 0.217741 2 1 0
0.179698 0.217277 0.217277 2 1 0
0.179277 0.216814 0.216814 2 1 0
0.178857 0.21635 0.21635 2 1 0
0.178438 0.215886 0.215886 2 1 0
0.178019 0.215422 0.215422 2 1 0
0.177601 0.214958 0.214958 2 1 0
0.177185 0.214494 0.214494 2 1 0
0.176769 0.21403 0.21403 2 1 0
0.176354 0.213565 0.213565 2 1 0
0.17594 0.213101 0.213101 2 1 0
0.175526 0.212636 0.212636 2 1 0
0.175114 0.212172 0.212172 2 1 0
0.174702 0.211707 0.211707 2 1 0
0.174291 0.211242 0.211242 2 1 0
0.173881 0.210777 0.210777 2 1 0
0.173472 0.210312 0.210312 2 1 0
0.173064 0.209846 0.209846 2 1 0
0.172657 0.209381 0.209381 2 1 0
0.172251 0.208916 0.208916 2 1 0
0.171845 0.20845 0.20845 2 1 0
0.17144 0.207984 0.207984 2 1 0
0.171037 0.207519 0.207519 2 1 0
0.170634 0.207053 0.207053 2 1 0
0.170232 0.206587 0.206587 2 1 0
0.169831 0.206121 0.206121 2 1 0
0.16943 0.205655 0.205655 2 1 0
0.169031 0.205188 0.205188 2 1 0
0.168632 0.204722 0.204722 2 1 0
0.168235 0.204256 0.204256 2 1 0
0.167838 0.203789 0.203789 2 1 0
0.167442 0.203322 0.203322 2 1 0
0.167047 0.202856 0.202856 2 1 0
0.166653 0.202389 0.202389 2 1 0
0.16626 0.201922 0.201922 2 1 0
0.165867 0.201455 0.201455 2 1 0
0.165476 0.200988 0.200988 2 1 0
0.165085 0.200521 0.200521 2 1 0
0.164696 0.200054 0.200054 2 1 0
0.164307 0.199586 0.199586 2 1 0
0.163919 0.199119 0.199119 2 1 0
0.163532 0.198651 0.198651 2 1 0
0.163146 0.198184 0.198184 2 1 0
0.162761 0.197716 0.197716 2 1 0
0.162377 0.197248 0.197248 2 1 0
0.161993 0.196781 0.196781 2 1 0
0.161611 0.196313 0.196313 2 1 0
0.161229 0.195845 0.195845 2 1 0
0.160848 0.195377 0.195377 2 1 0
0.160469 0.194909 0.194909 2 1 0
0.16009 0.19444 0.19444 2 1 0
0.159712 0.193972 0.193972 2 1 0
0.159335 0.193504 0.193504 2 1 0
0.158959 0.193036 0.193036 2 1 0
0.158583 0.192567 0.192567 2 1 0
0.158209 0.192099 0.192099 2 1 0
0.157836 0.19163 0.19163 2 1 0
0.157463 0.191162 0.191162 2 1 0
0.157091 0.190693 0.190693 2 1 0
0.156721 0.190224 0.190224 2 1 0
0.156351 0.189755 0.189755 2 1 0
0.155982 0.189287 0.189287 2 1 0
0.155614 0.188818 0.188818 2 1 0
0.155247 0.188349 0.188349 2 1 0
0.154881 0.18788 0.18788 2 1 0
0.154516 0.187411 0.187411 2 1 0
0.154151 0.186942 0.186942 2 1 0
0.153788 0.186473 0.186473 2 1 0
0.153426 0.186003 0.186003 2 1 0
0.153064 0.185534 0.185534 2 1 0
0.152703 0.185065 0.185065 2 1 0
0.152344 0.184596 0.184596 2 1 0
0.151985 0.184126 0.184126 2 1 0
0.151627 0.183657 0.183657 2 1 0
0.15127 0.183187 0.183187 2 1 0
0.150914 0.182718 0.182718 2 1 0
0.150559 0.182249 0.182249 2 1 0
0.150205 0.181779 0.181779 2 1 0
0.149852 0.18131 0.18131 2 1 0
0.149499 0.18084 0.18084 2 1 0
0.149148 0.18037 0.18037 2 1 0
0.148798 0.179901 0.179901 2 1 0
0.148448 0.179431 0.179431 2 1 0
0.1481 0.178962 0.178962 2 1 0
0.147752 0.178492 0.178492 2 1 0
0.147405 0.178022 0.178022 2 1 0
0.14706 0.177553 0.177553 2 1 0
0.146715 0.177083 0.177083 2 1 0
0.146371 0.176613 0.176613 2 1 0
0.146028 0.176144 0.176144 2 1 0
0.145686 0.175674 0.175674 2 1 0
0.145345 0.175204 0.175204 2 1 0
0.145005 0.174734 0.174734 2 1 0
0.144665 0.174265 0.174265 2 1 0
0.144327 0.173795 0.173795 2 1 0
0.14399 0.173325 0.173325 2 1 0
0.143653 0.172855 0.172855 2 1 0
0.143318 0.172386 0.172386 2 1 0
0.142984 0.171916 0.171916 2 1 0
0.14265 0.171446 0.171446 2 1 0
0.142317 0.170977 0.170977 2 1 0
0.141986 0.170507 0.170507 2 1 0
0.141655 0.170037 0.170037 2 1 0
0.141325 0.169568 0.169568 2 1 0
0.140996 0.169098 0.169098 2 1 0
0.140668 0.168629 0.168629 2 1 0
0.140341 0.168159 0.168159 2 1 0
0.140015 0.167689 0.167689 2 1 0
0.13969 0.16722 0.16722 2 1 0
0.139366 0.166751 0.166751 2 1 0
0.139043 0.166281 0.166281 2 1 0
0.138721 0.165812 0.165812 2 1 0
0.138399 0.165342 0.165342 2 1 0
0.138079 0.164873 0.164873 2 1 0
0.13776 0.164404 0.164404 2 1 0
0.137441 0.163935 0.163935 2 1 0
0.137124 0.163465 0.163465 2 1 0
0.136807 0.162996 0.162996 2 1 0
0.136491 0.162527 0.162527 2 1 0
0.136177 0.162058 0.162058 2 1 0
0.135863 0.161589 0.161589 2 1 0
0.13555 0.16112 0.16112 2 1 0
0.135238 0.160652 0.160652 2 1 0
0.134928 0.160183 0.160183 2 1 0
0.134618 0.159714 0.159714 2 1 0
0.134309 0.159245 0.159245 2 1 0
0.134001 0.158777 0.158777 2 1 0
0.133693 0.158308 0.158308 2 1 0
0.133387 0.15784 0.15784 2 1 0
0.133082 0.157372 0.157372 2 1 0
0.132778 0.156904 0.156904 2 1 0
0.132475 0.156435 0.156435 2 1 0
0.132172 0.155967 0.155967 2 1 0
0.131871 0.155499 0.155499 2 1 0
0.13157 0.155032 0.155032 2 1 0
0.131271 0.154564 0.154564 2 1 0
0.130972 0.154096 0.154096 2 1 0
0.130675 0.153629 0.153629 2 1 0
0.130378 0.153161 0.153161 2 1 0
0.130082 0.152694 0.152694 2 1 0
0.129787 0.152227 0.152227 2 1 0
0.129493 0.151759 0.151759 2 1 0
0.1292 0.151293 0.151293 2 1 0
0.128909 0.150826 0.150826 2 1 0
0.128617 0.150359 0.150359 2 1 0
0.128327 0.149892 0.149892 2 1 0
0.128038 0.149426 0.149426 2 1 0
0.12775 0.148959 0.148959 2 1 0
0.127463 0.148493 0.148493 2 1 0
0.127176 0.148027 0.148027 2 1 0
0.126891 0.147561 0.147561 2 1 0
0.126607 0.147096 0.147096 2 1 0
0.126323 0.14663 0.14663 2 1 0
0.126041 0.146165 0.146165 2 1 0
0.125759 0.145699 0.145699 2 1 0
0.125478 0.145234 0.145234 2 1 0
0.125198 0.144769 0.144769 2 1 0
0.12492 0.144304 0.144304 2 1 0
0.124642 0.14384 0.14384 2 1 0
0.124365 0.143375 0.143375 2 1 0
0.124089 0.142911 0.142911 2 1 0
0.123814 0.142447 0.142447 2 1 0
0.123539 0.141983 0.141983 2 1 0
0.123266 0.141519 0.141519 2 1 0
0.122994 0.141056 0.141056 2 1 0
0.122722 0.140592 0.140592 2 1 0
0.122452 0.140129 0.140129 2 1 0
0.122182 0.139666 0.139666 2 1 0
0.121914 0.139204 0.139204 2 1 0
0.121646 0.138741 0.138741 2 1 0
0.121379 0.138279 0.138279 2 1 0
0.121113 0.137817 0.137817 2 1 0
0.120848 0.137355 0.137355 2 1 0
0.120584 0.136894 0.136894 2 1 0
0.120321 0.136432 0.136432 2 1 0
0.120059 0.135971 0.135971 2 1 0
0.119798 0.13551 0.13551 2 1 0
0.119537 0.13505 0.13505 2 1 0
0.119278 0.134589 0.134589 2 1 0
0.119019 0.134129 0.134129 2 1 0
0.118761 0.133669 0.133669 2 1 0
0.118505 0.13321 0.13321 2 1 0
0.118249 0.13275 0.13275 2 1 0
0.117994 0.132291 0.132291 2 1 0
0.11774 0.131833 0.131833 2 1 0
0.117486 0.131374 0.131374 2 1 0
0.117234 0.130916 0.130916 2 1 0
0.116983 0.130458 0.130458 2 1 0
0.116732 0.130001 0.130001 2 1 0
0.116483 0.129543 0.129543 2 1 0
0.116234 0.129086 0.129086 2 1 0
0.115986 0.12863 0.12863 2 1 0
0.115739 0.128173 0.128173 2 1 0
0.115493 0.127717 0.127717 2 1 0
0.115247 0.127262 0.127262 2 1 0
0.115003 0.126806 0.126806 2 1 0
0.11476 0.126351 0.126351 2 1 0
0.114517 0.125896 0.125896 2 1 0
0.114275 0.125442 0.125442 2 1 0
0.114034 0.124988 0.124988 2 1 0
0.113794 0.124534 0.124534 2 1 0
0.113555 0.124081 0.124081 2 1 0
0.113316 0.123628 0.123628 2 1 0
0.113079 0.123176 0.123176 2 1 0
0.112842 0.122724 0.122724 2 1 0
0.112606 0.122272 0.122272 2 1 0
0.112371 0.121821 0.121821 2 1 0
0.112137 0.12137 0.12137 2 1 0
0.111904 0.120919 0.120919 2 1 0
0.111671 0.120469 0.120469 2 1 0
0.11144 0.120019 0.120019 2 1 0
0.111209 0.11957 0.11957 2 1 0
0.110979 0.119121 0.119121 2 1 0
0.11075 0.118672 0.118672 2 1 0
0.110521 0.118224 0.118224 2 1 0
0.110294 0.117777 0.117777 2 1 0
0.110067 0.11733 0.11733 2 1 0
0.109841 0.116883 0.116883 2 1 0
0.109615 0.116437 0.116437 2 1 0
0.109391 0.115991 0.115991 2 1 0
0.109167 0.115546 0.115546 2 1 0
0.108945 0.115101 0.115101 2 1 0
0.108722 0.114657 0.114657 2 1 0
0.108501 0.114213 0.114213 2 1 0
0.108281 0.11377 0.11377 2 1 0
0.108061 0.113327 0.113327 2 1 0
0.107842 0.112885 0.112885 2 1 0
0.107624 0.112443 0.112443 2 1 0
0.107406 0.112002 0.112002 2 1 0
0.107189 0.111561 0.111561 2 1 0
0.106973 0.111121 0.111121 2 1 0
0.106758 0.110682 0.110682 2 1 0
0.106543 0.110243 0.110243 2 1 0
0.10633 0.109804 0.109804 2 1 0
0.106117 0.109366 0.109366 2 1 0
0.105904 0.108929 0.108929 2 1 0
0.105692 0.108492 0.108492 2 1 0
0.105482 0.108056 0.108056 2 1 0
0.105271 0.107621 0.107621 2 1 0
0.105062 0.107186 0.107186 2 1 0
0.104853 0.106751 0.106751 2 1 0
0.104645 0.106318 0.106318 2 1 0
0.104437 0.105885 0.105885 2 1 0
0.10423 0.105452 0.105452 2 1 0
0.104024 0.105021 0.105021 2 1 0
0.103818 0.10459 0.10459 2 1 0
0.103613 0.104159 0.104159 2 1 0
0.103409 0.103729 0.103729 2 1 0
0.103206 0.1033 0.1033 2 1 0
0.103003 0.102872 0.102872 2 1 0
0.1028 0.102444 0.102444 2 1 0
0.102598 0.102017 0.102017 2 1 0
0.102397 0.101591 0.101591 2 1 0
0.102197 0.101165 0.101165 2 1 0
0.101997 0.10074 0.10074 2 1 0
0.101797 0.100316 0.100316 2 1 0
0.101599 0.099893 0.099893 2 1 0
0.1014 0.0994704 0.0994704 2 1 0
0.101203 0.0990486 0.0990486 2 1 0
0.101006 0.0986275 0.0986275 2 1 0
0.100809 0.0982072 0.0982072 2 1 0
0.100613 0.0977877 0.0977877 2 1 0
0.100418 0.097369 0.097369 2 1 0
0.100223 0.0969511 0.0969511 2 1 0
0.100028 0.096534 0.096534 2 1 0
0.0998346 0.0961177 0.0961177 2 1 0
0.0996412 0.0957023 0.0957023 2 1 0
0.0994483 0.0952877 0.0952877 2 1 0
0.0992559 0.0948739 0.0948739 2 1 0
0.0990639 0.094461 0.094461 2 1 0
0.0988725 0.094049 0.094049 2 1 0
0.0986815 0.0936378 0.0936378 2 1 0
0.0984909 0.0932276 0.0932276 2 1 0
0.0983008 0.0928182 0.0928182 2 1 0
0.0981111 0.0924097 0.0924097 2 1 0
0.0979218 0.0920022 0.0920022 2 1 0
0.097733 0.0915955 0.0915955 2 1 0
0.0975445 0.0911898 0.0911898 2 1 0
0.0973565 0.0907851 0.0907851 2 1 0
0.0971688 0.0903812 0.0903812 2 1 0
0.0969815 0.0899784 0.0899784 2 1 0
0.0967946 0.0895765 0.0895765 2 1 0
0.096608 0.0891756 0.0891756 2 1 0
0.0964218 0.0887756 0.0887756 2 1 0
0.0962359 0.0883767 0.0883767 2 1 0
0.0960503 0.0879788 0.0879788 2 1 0
0.095865 0.0875818 0.0875818 2 1 0
0.0956801 0.0871859 0.0871859 2 1 0
0.0954954 0.0867911 0.0867911 2 1 0
0.095311 0.0863973 0.0863973 2 1 0
0.0951269 0.0860045 0.0860045 2 1 0
0.094943 0.0856128 0.0856128 2 1 0
0.0947594 0.0852222 0.0852222 2 1 0
0.094576 0.0848326 0.0848326 2 1 0
0.0943929 0.0844441 0.0844441 2 1 0
0.0942099 0.0840568 0.0840568 2 1 0
0.0940272 0.0836705 0.0836705 2 1 0
0.0938446 0.0832854 0.0832854 2 1 0
0.0936623 0.0829014 0.0829014 2 1 0
0.0934801 0.0825185 0.0825185 2 1 0
0.093298 0.0821368 0.0821368 2 1 0
0.0931161 0.0817562 0.0817562 2 1 0
0.0929344 0.0813768 0.0813768 2 1 0
0.0927527 0.0809985 0.0809985 2 1 0
0.0925712 0.0806215 0.0806215 2 1 0
0.0923897 0.0802456 0.0802456 2 1 0
0.0922084 0.0798709 0.0798709 2 1 0
0.0920271 0.0794975 0.0794975 2 1 0
0.0918458 0.0791253 0.0791253 2 1 0
0.0916646 0.0787542 0.0787542 2 1 0
0.0914835 0.0783845 0.0783845 2 1 0
0.0913023 0.078016 0.078016 2 1 0
0.0911212 0.0776487 0.0776487 2 1 0
0.0909401 0.0772827 0.0772827 2 1 0
0.0907589 0.0769179 0.0769179 2 1 0
0.0905777 0.0765545 0.0765545 2 1 0
0.0903965 0.0761923 0.0761923 2 1 0
0.0902152 0.0758315 0.0758315 2 1 0
0.0900338 0.0754719 0.0754719 2 1 0
0.0898523 0.0751136 0.0751136 2 1 0
0.0896708 0.0747567 0.0747567 2 1 0
0.0894891 0.0744011 0.0744011 2 1 0
0.0893073 0.0740469 0.0740469 2 1 0
0.0891254 0.073694 0.073694 2 1 0
0.0889433 0.0733424 0.0733424 2 1 0
0.0887611 0.0729922 0.0729922 2 1 0
0.0885786 0.0726434 0.0726434 2 1 0
0.088396 0.072296 0.072296 2 1 0
0.0882132 0.0719499 0.0719499 2 1 0
0.0880301 0.0716052 0.0716052 2 1 0
0.0878468 0.071262 0.071262 2 1 0
0.0876633 0.0709201 0.0709201 2 1 0
0.0874795 0.0705797 0.0705797 2 1 0
0.0872954 0.0702406 0.0702406 2 1 0
0.0871111 0.069903 0.069903 2 1 0
0.0869264 0.0695669 0.0695669 2 1 0
0.0867414 0.0692321 0.0692321 2 1 0
0.0865561 0.0688989 0.0688989 2 1 0
0.0863704 0.068567 0.068567 2 1 0
0.0861844 0.0682367 0.0682367 2 1 0
0.085998 0.0679078 0.0679078 2 1 0
0.0858112 0.0675803 0.0675803 2 1 0
0.0856241 0.0672544 0.0672544 2 1 0
0.0854365 0.0669299 0.0669299 2 1 0
0.0852484 0.0666069 0.0666069 2 1 0
0.08506 0.0662855 0.0662855 2 1 0
0.084871 0.0659655 0.0659655 2 1 0
0.0846816 0.065647 0.065647 2 1 0
0.0844917 0.06533 0.06533 2 1 0
0.0843014 0.0650145 0.0650145 2 1 0
0.0841105 0.0647006 0.0647006 2 1 0
0.083919 0.0643881 0.0643881 2 1 0
0.0837271 0.0640772 0.0640772 2 1 0
0.0835346 0.0637678 0.0637678 2 1 0
0.0833415 0.06346 0.06346 2 1 0
0.0831478 0.0631537 0.0631537 2 1 0
0.0829536 0.0628489 0.0628489 2 1 0
0.0827587 0.0625456 0.0625456 2 1 0
0.0825632 0.062244 0.062244 2 1 0
0.0823671 0.0619438 0.0619438 2 1 0
0.0821703 0.0616452 0.0616452 2 1 0
0.0819729 0.0613482 0.0613482 2 1 0
0.0817748 0.0610527 0.0610527 2 1 0
0.081576 0.0607588 0.0607588 2 1 0
0.0813766 0.0604664 0.0604664 2 1 0
0.0811764 0.0601756 0.0601756 2 1 0
0.0809754 0.0598863 0.0598863 2 1 0
0.0807738 0.0595987 0.0595987 2 1 0
0.0805714 0.0593125 0.0593125 2 1 0
0.0803682 0.059028 0.059028 2 1 0
0.0801643 0.058745 0.058745 2 1 0
0.0799595 0.0584636 0.0584636 2 1 0
0.079754 0.0581837 0.0581837 2 1 0
0.0795477 0.0579054 0.0579054 2 1 0
0.0793405 0.0576287 0.0576287 2 1 0
0.0791325 0.0573536 0.0573536 2 1 0
0.0789236 0.05708 0.05708 2 1 0
0.0787139 0.056808 0.056808 2 1 0
0.0785033 0.0565376 0.0565376 2 1 0
0.0782919 0.0562687 0.0562687 2 1 0
0.0780795 0.0560014 0.0560014 2 1 0
0.0778662 0.0557356 0.0557356 2 1 0
0.077652 0.0554714 0.0554714 2 1 0
0.0774369 0.0552088 0.0552088 2 1 0
0.0772209 0.0549477 0.0549477 2 1 0
0.0770039 0.0546882 0.0546882 2 1 0
0.0767859 0.0544303 0.0544303 2 1 0
0.076567 0.0541739 0.0541739 2 1 0
0.0763471 0.053919 0.053919 2 1 0
0.0761262 0.0536657 0.0536657 2 1 0
0.0759042 0.053414 0.053414 2 1 0
0.0756813 0.0531638 0.0531638 2 1 0
0.0754574 0.0529151 0.0529151 2 1 0
0.0752324 0.052668 0.052668 2 1 0
0.0750064 0.0524224 0.0524224 2 1 0
0.0748928 0.0523001 0.0523001 2 1 0
0.0746653 0.0520568 0.0520568 1 1 0
0.0744367 0.051815 0.051815 1 1 0
0.0742069 0.0515747 0.0515747 1 1 0
0.0739761 0.051336 0.051336 1 1 0
0.0737442 0.0510987 0.0510987 1 1 0
0.0735112 0.050863 0.050863 1 1 0
0.073277 0.0506288 0.0506288 1 1 0
0.0730418 0.0503961 0.0503961 1 1 0
0.0728054 0.0501649 0.0501649 1 1 0
0.0725679 0.0499351 0.0499351 1 1 0
0.0723292 0.0497069 0.0497069 1 1 0
0.0720894 0.0494801 0.0494801 1 1 0
0.0718485 0.0492548 0.0492548 1 1 0
0.0716063 0.049031 0.049031 1 1 0
0.071363 0.0488087 0.0488087 1 1 0
0.0711185 0.0485878 0.0485878 1 1 0
0.0708729 0.0483683 0.0483683 1 1 0
0.070626 0.0481503 0.0481503 1 1 0
0.0703779 0.0479338 0.0479338 1 1 0
0.0701286 0.0477187 0.0477187 1 1 0
0.0698781 0.047505 0.047505 1 1 0
0.0696264 0.0472927 0.0472927 1 1 0
0.0693734 0.0470819 0.0470819 1 1 0
0.0691193 0.0468725 0.0468725 1 1 0
0.0688638 0.0466645 0.0466645 1 1 0
0.0686071 0.0464579 0.0464579 1 1 0
0.0683492 0.0462526 0.0462526 1 1 0
0.06809 0.0460488 0.0460488 1 1 0
0.0678295 0.0458463 0.0458463 1 1 0
0.0675678 0.0456453 0.0456453 1 1 0
0.0673048 0.0454456 0.0454456 1 1 0
0.0670405 0.0452472 0.0452472 1 1 0
0.0667749 0.0450502 0.0450502 1 1 0
0.066508 0.0448546 0.0448546 1 1 0
0.0662399 0.0446602 0.0446602 1 1 0
0.0659704 0.0444673 0.0444673 1 1 0
0.0656996 0.0442756 0.0442756 1 1 0
0.0654275 0.0440853 0.0440853 1 1 0
0.0651541 0.0438962 0.0438962 1 1 0
0.0648794 0.0437085 0.0437085 1 1 0
0.0646034 0.0435221 0.0435221 1 1 0
0.064326 0.043337 0.043337 1 1 0
0.0640473 0.0431531 0.0431531 1 1 0
0.0637672 0.0429705 0.0429705 1 1 0
0.0634859 0.0427892 0.0427892 1 1 0
0.0632031 0.0426092 0.0426092 1 1 0
0.0629191 0.0424304 0.0424304 1 1 0
0.0626336 0.0422528 0.0422528 1 1 0
0.0623469 0.0420765 0.0420765 1 1 0
0.0620588 0.0419014 0.0419014 1 1 0
0.0617693 0.0417276 0.0417276 1 1 0
0.0614784 0.0415549 0.0415549 1 1 0
0.0611862 0.0413835 0.0413835 1 1 0
0.0608927 0.0412133 0.0412133 1 1 0
0.0605977 0.0410442 0.0410442 1 1 0
0.0603014 0.0408763 0.0408763 1 1 0
0.0600037 0.0407097 0.0407097 1 1 0
0.0597047 0.0405441 0.0405441 1 1 0
0.0594042 0.0403798 0.0403798 1 1 0
0.0591024 0.0402166 0.0402166 1 1 0
0.0587992 0.0400545 0.0400545 1 1 0
0.0584946 0.0398936 0.0398936 1 1 0
0.0581887 0.0397338 0.0397338 1 1 0
0.0578813 0.0395752 0.0395752 1 1 0
0.0575726 0.0394176 0.0394176 1 1 0
0.0572624 0.0392612 0.0392612 1 1 0
0.0569509 0.0391059 0.0391059 1 1 0
0.056638 0.0389516 0.0389516 1 1 0
0.0563237 0.0387985 0.0387985 1 1 0
0.056008 0.0386464 0.0386464 1 1 0
0.0556909 0.0384954 0.0384954 1 1 0
0.0553724 0.0383454 0.0383454 1 1 0
0.0550525 0.0381965 0.0381965 1 1 0
0.0547312 0.0380487 0.0380487 1 1 0
0.0544086 0.0379019 0.0379019 1 1 0
0.0540845 0.0377561 0.0377561 1 1 0
0.053759 0.0376114 0.0376114 1 1 0
0.0534321 0.0374677 0.0374677 1 1 0
0.0531038 0.0373249 0.0373249 1 1 0
0.0527741 0.0371832 0.0371832 1 1 0
0.0524431 0.0370425 0.0370425 1 1 0
0.0521106 0.0369028 0.0369028 1 1 0
0.0517767 0.036764 0.036764 1 1 0
0.0514414 0.0366263 0.0366263 1 1 0
0.0511047 0.0364895 0.0364895 1 1 0
0.0507666 0.0363536 0.0363536 1 1 0
0.0504271 0.0362187 0.0362187 1 1 0
0.0500863 0.0360848 0.0360848 1 1 0
0.049744 0.0359518 0.0359518 1 1 0
0.0494003 0.0358197 0.0358197 1 1 0
0.0490552 0.0356886 0.0356886 1 1 0
0.0487087 0.0355583 0.0355583 1 1 0
0.0483608 0.035429 0.035429 1 1 0
0.0480116 0.0353006 0.0353006 1 1 0
0.0476609 0.0351731 0.0351731 1 1 0
0.0473088 0.0350464 0.0350464 1 1 0
0.0469554 0.0349207 0.0349207 1 1 0
0.0466005 0.0347958 0.0347958 1 1 0
0.0462443 0.0346718 0.0346718 1 1 0
0.0458866 0.0345487 0.0345487 1 1 0
0.0455276 0.0344264 0.0344264 1 1 0
0.0451672 0.0343049 0.0343049 1 1 0
0.0448054 0.0341843 0.0341843 1 1 0
0.0444422 0.0340646 0.0340646 1 1 0
0.0440776 0.0339457 0.0339457 1 1 0
0.0437116 0.0338276 0.0338276 1 1 0
0.0433443 0.0337103 0.0337103 1 1 0
0.0429755 0.0335938 0.0335938 1 1 0
0.0426054 0.0334781 0.0334781 1 1 0
0.0422339 0.0333632 0.0333632 1 1 0
0.0418611 0.0332492 0.0332492 1 1 0
0.0414868 0.0331359 0.0331359 1 1 0
0.0411112 0.0330233 0.0330233 1 1 0
0.0407342 0.0329116 0.0329116 1 1 0
0.0403559 0.0328006 0.0328006 1 1 0
0.0399761 0.0326904 0.0326904 1 1 0
0.0395951 0.0325809 0.0325809 1 1 0
0.0392126 0.0324722 0.0324722 1 1 0
0.0388288 0.0323642 0.0323642 1 1 0
0.0384436 0.032257 0.032257 1 1 0
0.038057 0.0321505 0.0321505 1 1 0
0.0376691 0.0320447 0.0320447 1 1 0
0.0372799 0.0319397 0.0319397 1 1 0
0.0368892 0.0318353 0.0318353 1 1 0
0.0364973 0.0317317 0.0317317 1 1 0
0.036104 0.0316287 0.0316287 1 1 0
0.0357093 0.0315265 0.0315265 1 1 0
0.0353133 0.031425 0.031425 1 1 0
0.0349159 0.0313241 0.0313241 1 1 0
0.0345172 0.0312239 0.0312239 1 1 0
0.0341172 0.0311244 0.0311244 1 1 0
0.0337158 0.0310256 0.0310256 1 1 0
0.0333131 0.0309274 0.0309274 1 1 0
0.0329091 0.0308299 0.0308299 1 1 0
0.0325037 0.030733 0.030733 1 1 0
0.032097 0.0306368 0.0306368 1 1 0
0.031689 0.0305412 0.0305412 1 1 0
0.0312797 0.0304463 0.0304463 1 1 0
0.030869 0.030352 0.030352 1 1 0
0.030457 0.0302583 0.0302583 1 1 0
0.0300437 0.0301653 0.0301653 1 1 0
0.0296291 0.0300728 0.0300728 1 1 0
0.0292132 0.029981 0.029981 1 1 0
0.028796 0.0298898 0.0298898 1 1 0
0.0283774 0.0297992 0.0297992 1 1 0
0.0279576 0.0297092 0.0297092 1 1 0
0.0275365 0.0296198 0.0296198 1 1 0
0.027114 0.029531 0.029531 1 1 0
0.0266903 0.0294427 0.0294427 1 1 0
0.0262653 0.029355 0.029355 1 1 0
0.025839 0.029268 0.029268 1 1 0
0.0254114 0.0291814 0.0291814 1 1 0
0.0249825 0.0290955 0.0290955 1 1 0
0.0245523 0.0290101 0.0290101 1 1 0
0.0241209 0.0289253 0.0289253 1 1 0
0.0236881 0.028841 0.028841 1 1 0
0.0232542 0.0287572 0.0287572 1 1 0
0.0228189 0.028674 0.028674 1 1 0
0.0223824 0.0285914 0.0285914 1 1 0
0.0219446 0.0285093 0.0285093 1 1 0
0.0215055 0.0284277 0.0284277 1 1 0
0.0210652 0.0283466 0.0283466 1 1 0
0.0206236 0.0282661 0.0282661 1 1 0
0.0201808 0.028186 0.028186 1 1 0
0.0197367 0.0281065 0.0281065 1 1 0
0.0192913 0.0280275 0.0280275 1 1 0
0.0188448 0.027949 0.027949 1 1 0
0.0183969 0.027871 0.027871 1 1 0
0.0179479 0.0277935 0.0277935 1 1 0
0.0174976 0.0277165 0.0277165 1 1 0
0.0170461 0.02764 0.02764 1 1 0
0.0165933 0.027564 0.027564 1 1 0
0.0161393 0.0274884 0.0274884 1 1 0
0.0156841 0.0274134 0.0274134 1 1 0
0.0152276 0.0273388 0.0273388 1 1 0
0.01477 0.0272647 0.0272647 1 1 0
0.0143111 0.027191 0.027191 1 1 0
0.013851 0.0271178 0.0271178 1 1 0
0.0133897 0.0270451 0.0270451 1 1 0
0.0129272 0.0269728 0.0269728 1 1 0
0.0124635 0.026901 0.026901 1 1 0
0.0119986 0.0268296 0.0268296 1 1 0
0.0115325 0.0267587 0.0267587 1 1 0
0.0110652 0.0266882 0.0266882 1 1 0
0.0105967 0.0266181 0.0266181 1 1 0
0.010127 0.0265485 0.0265485 1 1 0
0.00965613 0.0264793 0.0264793 1 1 0
0.00918407 0.0264106 0.0264106 1 1 0
0.00871083 0.0263422 0.0263422 1 1 0
0.00823641 0.0262743 0.0262743 1 1 0
0.00776082 0.0262068 0.0262068 1 1 0
0.00728406 0.0261398 0.0261398 1 1 0
0.00680612 0.0260731 0.0260731 1 1 0
0.00632703 0.0260068 0.0260068 1 1 0
0.00584677 0.025941 0.025941 1 1 0
0.00536534 0.0258755 0.0258755 1 1 0
0.00488277 0.0258105 0.0258105 1 1 0
0.00439904 0.0257458 0.0257458 1 1 0
0.00391416 0.0256816 0.0256816 1 1 0
0.00342813 0.0256177 0.0256177 1 1 0
0.00294095 0.0255542 0.0255542 1 1 0
0.00245264 0.0254911 0.0254911 1 1 0
0.00196319 0.0254284 0.0254284 1 1 0
0.0014726 0.0253661 0.0253661 1 1 0
0.000980877 0.0253041 0.0253041 1 1 0
0.000488027 0.0252425 0.0252425 1 1 0
-5.9491e-06 0.0251813 0.0251813 1 1 0
0.0748929 0.0523001 0.0523001 4 4 0
0.0748928 0.0523097 0.0522903 4 4 0
0.0748928 0.0523243 0.0522759 4 4 0
0.0748928 0.0523464 0.0522544 4 4 0
0.0748928 0.0523798 0.0522226 4 4 0
0.0748926 0.0524309 0.0521756 4 4 0
0.0748923 0.0525093 0.0521069 4 4 0
0.0748918 0.052616 0.0520195 4 4 0
0.074891 0.0527267 0.0519357 4 4 0
0.07489 0.0528414 0.0518553 4 4 0
0.0748887 0.0529603 0.0517782 4 4 0
0.0748873 0.0530834 0.0517045 4 4 0
0.0748857 0.0532107 0.0516341 4 4 0
0.0748838 0.0533425 0.0515668 4 4 0
0.0748818 0.0534786 0.0515026 4 4 0
0.0748797 0.0536193 0.0514414 4 4 0
0.0748773 0.0537645 0.0513831 4 4 0
0.0748748 0.0539145 0.0513278 4 4 0
0.0748722 0.0540692 0.0512752 4 4 0
0.0748694 0.0542287 0.0512253 4 4 0
0.0748665 0.0543931 0.0511781 4 4 0
0.0748635 0.0545625 0.0511335 4 4 0
0.0748605 0.054737 0.0510913 4 4 0
0.0748573 0.0549166 0.0510516 4 4 0
0.0748541 0.0551014 0.0510142 4 4 0
0.0748509 0.0552916 0.0509791 4 4 0
0.0748476 0.0554871 0.0509462 4 4 0
0.0748443 0.055688 0.0509154 4 4 0
0.074841 0.0558945 0.0508865 4 4 0
0.0748377 0.0561065 0.0508597 4 4 0
0.0748344 0.0563242 0.0508347 4 4 0
0.0748312 0.0565477 0.0508115 4 4 0
0.0748281 0.0567769 0.05079 4 4 0
0.074825 0.057012 0.0507701 4 4 0
0.074822 0.057253 0.0507518 4 4 0
0.0748191 0.0575 0.0507349 4 4 0
0.0748163 0.0577531 0.0507195 4 4 0
0.0748136 0.0580122 0.0507053 4 4 0
0.074811 0.0582774 0.0506923 4 4 0
0.0748085 0.0585489 0.0506806 4 4 0
0.0748062 0.0588265 0.0506699 4 4 0
0.074804 0.0591104 0.0506602 4 4 0
0.0748019 0.0594006 0.0506515 4 4 0
0.0748 0.0596972 0.0506436 4 4 0
0.0747981 0.0600001 0.0506366 4 4 0
0.0747965 0.0603094 0.0506302 4 4 0
0.0747949 0.060625 0.0506246 4 4 0
0.0747935 0.0609471 0.0506196 4 4 0
0.0747922 0.0612756 0.0506153 4 4 0
0.074791 0.0616105 0.0506113 4 4 0
0.0747899 0.0619519 0.0506078 4 4 0
0.074789 0.0622997 0.0506049 4 4 0
0.0747881 0.062654 0.0506022 4 4 0
0.0747873 0.0630147 0.0505999 4 4 0
0.0747866 0.0633818 0.050598 4 4 0
0.074786 0.0637553 0.0505964 4 4 0
0.0747855 0.0641352 0.0505949 4 4 0
0.074785 0.0645215 0.0505937 4 4 0
0.0747846 0.0649141 0.0505925 4 4 0
0.0747843 0.0653131 0.0505915 4 4 0
0.074784 0.0657184 0.0505909 4 4 0
0.0747837 0.0661299 0.0505903 4 4 0
0.0747835 0.0665477 0.0505898 4 4 0
0.0747833 0.0669718 0.0505888 4 4 0
0.0747831 0.067402 0.0505884 4 4 0
0.074783 0.0678385 0.050588 4 4 0
0.0747829 0.068281 0.0505878 4 4 0
0.0747828 0.0687296 0.0505876 4 4 0
0.0747827 0.0691843 0.0505874 4 4 0
0.0747826 0.069645 0.0505876 4 4 0
0.0747826 0.0701117 0.0505873 4 4 0
0.0747825 0.0705843 0.0505872 4 4 0
0.0747825 0.0710628 0.0505872 4 4 0
0.0747824 0.0715472 0.0505871 4 4 0
0.0747824 0.0720374 0.050587 4 4 0
0.0747824 0.0725333 0.0505869 4 4 0
0.0747824 0.073035 0.0505869 4 4 0
0.0747824 0.0735423 0.0505869 4 4 0
0.0747824 0.0740553 0.0505866 4 4 0
0.0747823 0.0745739 0.0505866 4 4 0
0.0747823 0.0750979 0.0505865 4 4 0
0.0747823 0.0756275 0.0505866 4 4 0
0.0747823 0.0761625 0.0505866 4 4 0
0.0747823 0.0767029 0.0505866 4 4 0
0.0747823 0.0772486 0.0505866 4 4 0
0.0747823 0.0777996 0.0505866 4 4 0
0.0747823 0.0783558 0.0505866 4 4 0
0.0747823 0.0789171 0.0505867 4 4 0
0.0747823 0.0794836 0.0505866 4 4 0
0.0747823 0.0800551 0.0505866 4 4 0
0.0747823 0.0806316 0.0505865 4 4 0
0.0747823 0.081213 0.0505866 4 4 0
0.0747823 0.0817993 0.0505866 4 4 0
0.0747823 0.0823903 0.0505865 4 4 0
0.0747823 0.0829862 0.0505866 4 4 0
0.0747823 0.0835867 0.0505866 4 4 0
0.0747823 0.0838621 0.0505868 3 4 0
0.0747823 0.0844692 0.0505868 3 4 0
0.0747823 0.0850809 0.0505868 3 4 0
0.0747823 0.085697 0.0505869 3 4 0
0.0747823 0.0863175 0.0505869 3 4 0
0.0747823 0.0869421 0.0505869 3 4 0
0.0747823 0.0875711 0.050587 3 4 0
0.0747823 0.0882041 0.050587 3 4 0
0.0747823 0.0888412 0.0505869 3 4 0
0.0747823 0.0894822 0.0505866 3 4 0
0.0747823 0.0901271 0.0505865 3 4 0
0.0747823 0.0907757 0.0505865 3 4 0
0.0747823 0.0914279 0.0505872 3 4 0
0.0747823 0.0920838 0.0505871 3 4 0
0.0747823 0.0927432 0.050587 3 4 0
0.0747823 0.0934058 0.0505869 3 4 0
0.0747823 0.0940717 0.0505869 3 4 0
0.0747823 0.0947408 0.0505868 3 4 0
0.0747823 0.0954128 0.0505866 3 4 0
0.0747823 0.0960878 0.0505867 3 4 0
0.0747823 0.0967656 0.0505867 3 4 0
0.0747823 0.0974459 0.0505866 3 4 0
0.0747823 0.0981287 0.0505866 3 4 0
0.0747823 0.0988139 0.0505865 3 4 0
0.0747823 0.0995012 0.0505875 3 4 0
0.0747823 0.100191 0.0505874 3 4 0
0.0747823 0.100882 0.0505872 3 4 0
0.0747823 0.101575 0.0505868 3 4 0
0.0747823 0.102269 0.0505867 3 4 0
0.0747823 0.102964 0.0505866 3 4 0
0.0747823 0.103661 0.0505869 3 4 0
0.0747823 0.104359 0.0505867 3 4 0
0.0747823 0.105057 0.0505866 3 4 0
0.0747823 0.105755 0.0505865 3 4 0
0.0747823 0.106454 0.0505865 3 4 0
0.0747823 0.107152 0.0505865 3 4 0
0.0747823 0.10785 0.0505865 3 4 0
0.0747823 0.108547 0.0505865 3 4 0
0.0747823 0.109244 0.0505865 3 4 0
0.0747823 0.109938 0.0505865 3 4 0
0.0747823 0.110631 0.0505865 3 4 0
0.0747823 0.111322 0.0505867 3 4 0
0.0747823 0.11201 0.0505865 3 4 0
0.0747823 0.112696 0.0505866 3 4 0
0.0747823 0.113377 0.0505868 3 4 0
0.0747823 0.114055 0.0505867 3 4 0
0.0747823 0.114729 0.0505865 3 4 0
0.0747823 0.115398 0.0505865 3 4 0
0.0747823 0.116061 0.0505876 3 4 0
0.0747823 0.116718 0.0505871 3 4 0
0.0747823 0.117368 0.0505868 3 4 0
0.0747823 0.118012 0.0505866 3 4 0
0.0747823 0.118647 0.0505869 3 4 0
0.0747823 0.119274 0.0505873 3 4 0
0.0747823 0.119892 0.0505865 3 4 0
0.0747823 0.1205 0.0505865 3 4 0
0.0747823 0.121097 0.0505866 3 4 0
0.0747823 0.121683 0.0505865 3 4 0
0.0747823 0.122258 0.0505868 3 4 0
0.0747823 0.12282 0.0505873 3 4 0
0.0747823 0.123368 0.0505874 3 4 0
0.0747823 0.123903 0.0505881 3 4 0
0.0747823 0.124424 0.0505874 3 4 0
0.0747823 0.124931 0.0505876 3 4 0
0.0747823 0.125422 0.0505869 3 4 0
0.0747823 0.125897 0.0505866 3 4 0
0.0747823 0.126357 0.0505867 3 4 0
0.0747823 0.1268 0.0505865 3 4 0
0.0747823 0.127228 0.0505866 3 4 0
0.0747823 0.127639 0.0505867 3 4 0
0.0747823 0.128034 0.0505872 3 4 0
0.0747823 0.128412 0.0505882 3 4 0
0.0747823 0.128774 0.0505876 3 4 0
0.0747823 0.129121 0.0505879 3 4 0
0.0747823 0.129452 0.050587 3 4 0
0.0747823 0.129768 0.050587 3 4 0
0.0747823 0.130068 0.0505865 3 4 0
0.0747823 0.130354 0.0505865 3 4 0
0.0747823 0.130627 0.0505865 3 4 0
0.0747823 0.130885 0.0505868 3 4 0
0.0747823 0.131131 0.0505877 3 4 0
0.0747823 0.131364 0.0505875 3 4 0
0.0747823 0.131585 0.0505884 3 4 0
0.0747823 0.131795 0.0505872 3 4 0
0.0747823 0.131993 0.0505873 3 4 0
0.0747823 0.132182 0.0505866 3 4 0
0.0747823 0.13236 0.0505865 3 4 0
0.0747823 0.132529 0.0505868 3 4 0
0.0747823 0.132689 0.0505865 3 4 0
0.0747823 0.132841 0.0505869 3 4 0
0.0747823 0.132985 0.0505877 3 4 0
0.0747823 0.133121 0.0505882 3 4 0
0.0747823 0.13325 0.0505869 3 4 0
0.0747823 0.133372 0.050588 3 4 0
0.0747823 0.133488 0.0505868 3 4 0
0.0747823 0.133598 0.0505865 3 4 0
0.0747824 0.133702 0.0505869 3 4 0
0.0747824 0.133801 0.0505883 3 4 0
0.0747824 0.133896 0.0505877 3 4 0
0.0747824 0.133985 0.0505884 3 4 0
0.0747824 0.13407 0.050587 3 4 0
0.0747824 0.13415 0.0505865 3 4 0
0.0747824 0.134227 0.0505866 3 4 0
0.0747824 0.1343 0.0505875 3 4 0
0.0747825 0.13437 0.0505886 3 4 0
0.0747825 0.134436 0.0505868 3 4 0
0.0747825 0.134499 0.0505867 3 4 0
0.0747826 0.134559 0.0505876 3 4 0
0.0747826 0.134617 0.0505887 3 4 0
0.0747827 0.134671 0.0505872 3 4 0
0.0747828 0.134723 0.0505868 3 4 0
0.0747829 0.134774 0.0505887 3 4 0
0.074783 0.134821 0.0505886 3 4 0
0.0747831 0.134867 0.0505873 3 4 0
0.0747832 0.13491 0.0505896 3 4 0
0.0747834 0.134952 0.0505879 3 4 0
0.0747836 0.134992 0.0505874 3 4 0
0.0747839 0.13503 0.0505902 3 4 0
0.0747842 0.135067 0.0505885 3 4 0
0.0747845 0.135102 0.0505881 3 4 0
0.0747849 0.135136 0.0505887 3 4 0
0.0747854 0.135169 0.0505887 3 4 0
0.0747859 0.1352 0.0505901 3 4 0
0.0747865 0.13523 0.0505899 3 4 0
0.0747872 0.135259 0.0505919 3 4 0
0.0747881 0.135287 0.0505911 3 4 0
0.0747891 0.135314 0.050593 3 4 0
0.0747902 0.13534 0.0505924 3 4 0
0.0747915 0.135365 0.0505933 3 4 0
0.074793 0.13539 0.0505947 3 4 0
0.0747947 0.135413 0.0505968 3 4 0
0.0747966 0.135436 0.050597 3 4 0
0.0747989 0.135459 0.0506 3 4 0
0.0748014 0.135481 0.0506007 3 4 0
0.0748042 0.135502 0.0506025 3 4 0
0.0748074 0.135524 0.0506052 3 4 0
0.0748111 0.135544 0.0506074 3 4 0
0.0748151 0.135565 0.0506112 3 4 0
0.0748197 0.135585 0.0506137 3 4 0
0.0748248 0.135605 0.0506179 3 4 0
0.0748305 0.135625 0.050622 3 4 0
0.0748367 0.135646 0.0506271 3 4 0
0.0748437 0.135666 0.0506313 3 4 0
0.0748514 0.135686 0.050637 3 4 0
0.0748598 0.135707 0.0506429 3 4 0
0.0748691 0.135727 0.0506503 3 4 0
0.0748792 0.135748 0.0506574 3 4 0
0.0748903 0.13577 0.0506655 3 4 0
0.0749023 0.135792 0.0506739 3 4 0
0.0749153 0.135814 0.0506843 3 4 0
0.0749294 0.135837 0.0506945 3 4 0
0.0749446 0.13586 0.0507047 3 4 0
0.0749609 0.135885 0.050717 3 4 0
0.0749784 0.135909 0.0507302 3 4 0
0.0749972 0.135935 0.0507431 3 4 0
0.0750172 0.135961 0.0507579 3 4 0
0.0750385 0.135989 0.0507734 3 4 0
0.0750611 0.136017 0.0507898 3 4 0
0.0750851 0.136046 0.0508073 3 4 0
0.0751104 0.136076 0.050826 3 4 0
0.0751372 0.136107 0.0508453 3 4 0
0.0751654 0.136139 0.0508659 3 4 0
0.075195 0.136172 0.0508881 3 4 0
0.0752261 0.136206 0.0509101 3 4 0
0.0752586 0.136242 0.0509342 3 4 0
0.0752927 0.136278 0.0509593 3 4 0
0.0753282 0.136315 0.0509847 3 4 0
0.0753652 0.136354 0.0510122 3 4 0
0.0754038 0.136394 0.0510404 3 4 0
0.0754438 0.136435 0.0510692 3 4 0
0.0754854 0.136477 0.0511 3 4 0
0.0755285 0.13652 0.0511315 3 4 0
0.075573 0.136564 0.0511637 3 4 0
0.0756191 0.13661 0.0511979 3 4 0
0.0756667 0.136657 0.0512328 3 4 0
0.0757158 0.136705 0.0512682 3 4 0
0.0757664 0.136754 0.0513055 3 4 0
0.0758184 0.136804 0.0513438 3 4 0
0.075872 0.136856 0.0513827 3 4 0
0.075927 0.136908 0.0514234 3 4 0
0.0759835 0.136962 0.0514646 3 4 0
0.0760414 0.137017 0.0515069 3 4 0
0.0761008 0.137073 0.0515509 3 4 0
0.0761616 0.137131 0.0515954 3 4 0
0.0762238 0.137189 0.0516408 3 4 0
0.0762874 0.137249 0.0516879 3 4 0
0.0763525 0.137309 0.0517355 3 4 0
0.0764189 0.137371 0.0517842 3 4 0
0.0764867 0.137434 0.0518344 3 4 0
0.0765558 0.137498 0.0518851 3 4 0
0.0766263 0.137563 0.0519368 3 4 0
0.0766982 0.137629 0.05199 3 4 0
0.0767714 0.137697 0.0520438 3 4 0
0.0768458 0.137765 0.0520985 3 4 0
0.0769216 0.137834 0.0521546 3 4 0
0.0769987 0.137905 0.0522113 3 4 0
0.077077 0.137977 0.052269 3 4 0
0.0771566 0.138049 0.052328 3 4 0
0.0772375 0.138123 0.0523874 3 4 0
0.0773196 0.138197 0.0524482 3 4 0
0.0774029 0.138273 0.0525099 3 4 0
0.0774875 0.138349 0.0525722 3 4 0
0.0775732 0.138427 0.0526356 3 4 0
0.0776601 0.138506 0.0527001 3 4 0
0.0777482 0.138585 0.0527652 3 4 0
0.0778375 0.138666 0.0528312 3 4 0
0.0779279 0.138747 0.0528985 3 4 0
0.0780195 0.138829 0.0529662 3 4 0
0.0781122 0.138913 0.0530348 3 4 0
0.078206 0.138997 0.0531047 3 4 0
0.0783009 0.139082 0.0531749 3 4 0
0.0783969 0.139168 0.0532463 3 4 0
0.078494 0.139255 0.0533186 3 4 0
0.0785922 0.139343 0.0533914 3 4 0
0.0786914 0.139431 0.0534654 3 4 0
0.0787917 0.139521 0.0535398 3 4 0
0.078893 0.139612 0.0536153 3 4 0
0.0789953 0.139703 0.0536915 3 4 0
0.0790987 0.139795 0.0537684 3 4 0
0.0792031 0.139888 0.0538463 3 4 0
0.0793085 0.139982 0.0539251 3 4 0
0.0794149 0.140077 0.0540043 3 4 0
0.0795222 0.140172 0.0540845 3 4 0
0.0796305 0.140268 0.0541655 3 4 0
0.0797398 0.140365 0.054247 3 4 0
0.0798501 0.140463 0.0543296 3 4 0
0.0799612 0.140561 0.0544127 3 4 0
0.0800734 0.140661 0.0544965 3 4 0
0.0801864 0.140761 0.0545813 3 4 0
0.0803003 0.140862 0.0546665 3 4 0
0.0804152 0.140964 0.0547526 3 4 0
0.0805309 0.141066 0.0548395 3 4 0
0.0806476 0.141169 0.054927 3 4 0
0.0807651 0.141273 0.0550151 3 4 0
0.0808835 0.141378 0.0551041 3 4 0
0.0810027 0.141483 0.0551938 3 4 0
0.0811228 0.141589 0.0552839 3 4 0
0.0812438 0.141696 0.0553749 3 4 0
0.0813656 0.141803 0.0554668 3 4 0
0.0814882 0.141911 0.0555589 3 4 0
0.0816117 0.14202 0.0556519 3 4 0
0.0817359 0.14213 0.0557457 3 4 0
0.081861 0.14224 0.0558398 3 4 0
0.0819868 0.142351 0.0559347 3 4 0
0.0821135 0.142462 0.0560303 3 4 0
0.082241 0.142574 0.0561266 3 4 0
0.0823692 0.142687 0.0562235 3 4 0
0.0824982 0.1428 0.0563209 3 4 0
0.0826279 0.142914 0.0564191 3 4 0
0.0827584 0.143029 0.0565178 3 4 0
0.0828897 0.143144 0.0566171 3 4 0
0.0830217 0.14326 0.0567171 3 4 0
0.0831545 0.143376 0.0568178 3 4 0
0.0832879 0.143494 0.0569189 3 4 0
0.0834221 0.143611 0.0570207 3 4 0
0.0835571 0.143729 0.0571231 3 4 0
0.0836927 0.143848 0.0572262 3 4 0
0.083829 0.143967 0.0573297 3 4 0
0.083966 0.144088 0.0574338 3 4 0
0.0841038 0.144209 0.0575386 3 4 0
0.0842422 0.14433 0.0576437 3 4 0
0.0843813 0.144451 0.0577495 3 4 0
0.084521 0.144574 0.057856 3 4 0
0.0846615 0.144696 0.0579631 3 4 0
0.0848026 0.14482 0.0580705 3 4 0
0.0849443 0.144944 0.0581786 3 4 0
0.0850867 0.145068 0.0582874 3 4 0
0.0852298 0.145194 0.0583964 3 4 0
0.0853735 0.145319 0.0585061 3 4 0
0.0855178 0.145445 0.0586163 3 4 0
0.0856627 0.145572 0.0587272 3 4 0
0.0858083 0.145699 0.0588386 3 4 0
0.0859545 0.145826 0.0589504 3 4 0
0.0861013 0.145955 0.0590626 3 4 0
0.0862488 0.146083 0.0591756 3 4 0
0.0863968 0.146212 0.059289 3 4 0
0.0865454 0.146342 0.0594028 3 4 0
0.0866946 0.146472 0.0595173 3 4 0
0.0868445 0.146603 0.0596323 3 4 0
0.0869949 0.146734 0.0597477 3 4 0
0.0871458 0.146866 0.0598637 3 4 0
0.0872974 0.146998 0.0599802 3 4 0
0.0874495 0.14713 0.0600969 3 4 0
0.0876022 0.147263 0.0602143 3 4 0
0.0877554 0.147397 0.0603322 3 4 0
0.0879092 0.147531 0.0604506 3 4 0
0.0880636 0.147665 0.0605694 3 4 0
0.0882185 0.1478 0.0606887 3 4 0
0.088374 0.147935 0.0608086 3 4 0
0.08853 0.148071 0.060929 3 4 0
0.0886865 0.148207 0.0610498 3 4 0
0.0888435 0.148344 0.0611707 3 4 0
0.0890011 0.148481 0.0612924 3 4 0
0.0891592 0.148619 0.0614145 3 4 0
0.0893179 0.148756 0.0615372 3 4 0
0.089477 0.148895 0.0616602 3 4 0
0.0896367 0.149034 0.0617837 3 4 0
0.0897968 0.149173 0.0619077 3 4 0
0.0899575 0.149313 0.062032 3 4 0
0.0901186 0.149453 0.0621568 3 4 0
0.0902803 0.149593 0.0622819 3 4 0
0.0904424 0.149734 0.0624076 3 4 0
0.0906051 0.149875 0.0625338 3 4 0
0.0907682 0.150017 0.0626602 3 4 0
0.0909318 0.150159 0.0627872 3 4 0
0.0910959 0.150301 0.0629146 3 4 0
0.0912604 0.150444 0.0630423 3 4 0
0.0914254 0.150588 0.0631705 3 4 0
0.0915909 0.150731 0.0632992 3 4 0
0.0917569 0.150875 0.0634282 3 4 0
0.0919233 0.151019 0.0635577 3 4 0
0.0920901 0.151164 0.0636876 3 4 0
0.0922575 0.15131 0.0638179 3 4 0
0.0924252 0.151455 0.0639485 3 4 0
0.0925934 0.1516 0.0640796 3 4 0
0.0927621 0.151747 0.0642111 3 4 0
0.0929312 0.151893 0.064343 3 4 0
0.0931007 0.152041 0.0644753 3 4 0
0.0932707 0.152188 0.0646079 3 4 0
0.0934411 0.152335 0.064741 3 4 0
0.0936119 0.152484 0.0648744 3 4 0
0.0937831 0.152632 0.0650083 3 4 0
0.0939548 0.152781 0.0651425 3 4 0
0.0941269 0.15293 0.0652771 3 4 0
0.0942994 0.153079 0.0654119 3 4 0
0.0944723 0.153229 0.0655473 3 4 0
0.0946456 0.153379 0.065683 3 4 0
0.0948193 0.15353 0.0658191 3 4 0
0.0949934 0.15368 0.0659555 3 4 0
0.0951679 0.153831 0.0660923 3 4 0
0.0953429 0.153983 0.0662295 3 4 0
0.0955182 0.154135 0.066367 3 4 0
0.0956939 0.154286 0.0665049 3 4 0
0.09587 0.154439 0.0666433 3 4 0
0.0960465 0.154592 0.0667819 3 4 0
0.0962233 0.154745 0.0669208 3 4 0
0.0964006 0.154898 0.0670602 3 4 0
0.0965782 0.155051 0.0671999 3 4 0
0.0967562 0.155206 0.0673399 3 4 0
0.0969345 0.15536 0.0674801 3 4 0
0.0971133 0.155514 0.0676208 3 4 0
0.0972924 0.155669 0.0677618 3 4 0
0.0974719 0.155825 0.0679032 3 4 0
0.0976517 0.15598 0.0680449 3 4 0
0.0978319 0.156136 0.0681869 3 4 0
0.0980124 0.156292 0.0683293 3 4 0
0.0981933 0.156448 0.068472 3 4 0
0.0983746 0.156605 0.068615 3 4 0
0.0985562 0.156762 0.0687584 3 4 0
0.0987381 0.156919 0.0689021 3 4 0
0.0989204 0.157076 0.0690462 3 4 0
0.0991031 0.157234 0.0691904 3 4 0
0.0992861 0.157392 0.0693351 3 4 0
0.0994694 0.15755 0.06948 3 4 0
0.099653 0.157709 0.0696253 3 4 0
0.099837 0.157868 0.069771 3 4 0
0.100021 0.158027 0.0699169 3 4 0
0.100206 0.158186 0.0700631 3 4 0
0.100391 0.158346 0.0702096 3 4 0
0.100576 0.158506 0.0703565 3 4 0
0.100762 0.158666 0.0705036 3 4 0
0.100948 0.158827 0.0706511 3 4 0
0.101134 0.158987 0.0707988 3 4 0
0.101321 0.159149 0.070947 3 4 0
0.101507 0.15931 0.0710953 3 4 0
0.101695 0.159471 0.0712439 3 4 0
0.101882 0.159633 0.071393 3 4 0
0.10207 0.159795 0.0715422 3 4 0
0.102258 0.159957 0.0716917 3 4 0
0.102447 0.16012 0.0718414 3 4 0
0.102635 0.160282 0.0719915 3 4 0
0.102824 0.160445 0.0721419 3 4 0
0.103014 0.160609 0.0722925 3 4 0
0.103203 0.160772 0.0724435 3 4 0
0.103393 0.160936 0.0725948 3 4 0
0.103583 0.1611 0.0727463 3 4 0
0.103774 0.161264 0.0728981 3 4 0
0.103964 0.161428 0.0730501 3 4 0
0.104156 0.161593 0.0732027 3 4 0
0.104347 0.161758 0.0733552 3 4 0
0.104538 0.161923 0.0735081 3 4 0
0.10473 0.162088 0.0736612 3 4 0
0.104923 0.162254 0.0738146 3 4 0
0.105115 0.16242 0.0739683 3 4 0
0.105308 0.162586 0.0741223 3 4 0
0.105501 0.162752 0.0742766 3 4 0
0.105694 0.162918 0.0744311 3 4 0
0.105887 0.163085 0.0745858 3 4 0
0.106081 0.163252 0.0747408 3 4 0
0.106275 0.163419 0.074896 3 4 0
0.10647 0.163586 0.0750517 3 4 0
0.106664 0.163754 0.0752074 3 4 0
0.106859 0.163922 0.0753634 3 4 0
0.107054 0.16409 0.0755198 3 4 0
0.107249 0.164258 0.0756762 3 4 0
0.107445 0.164426 0.075833 3 4 0
0.107641 0.164595 0.07599 3 4 0
0.107837 0.164763 0.0761473 3 4 0
0.108033 0.164932 0.0763048 3 4 0
0.10823 0.165101 0.0764627 3 4 0
0.108427 0.165271 0.0766206 3 4 0
0.108624 0.16544 0.0767789 3 4 0
0.108821 0.16561 0.0769376 3 4 0
0.109019 0.16578 0.0770962 3 4 0
0.109216 0.16595 0.0772551 3 4 0
0.109414 0.16612 0.0774144 3 4 0
0.109613 0.166291 0.0775738 3 4 0
0.109811 0.166462 0.0777334 3 4 0
0.11001 0.166632 0.0778934 3 4 0
0.110209 0.166804 0.0780535 3 4 0
0.110408 0.166975 0.0782137 3 4 0
0.110607 0.167147 0.0783744 3 4 0
0.110807 0.167318 0.0785353 3 4 0
0.111007 0.16749 0.0786962 3 4 0
0.111207 0.167662 0.0788574 3 4 0
0.111407 0.167834 0.079019 3 4 0
0.111608 0.168006 0.0791808 3 4 0
0.111809 0.168179 0.0793425 3 4 0
0.112009 0.168352 0.0795046 3 4 0
0.112211 0.168524 0.0796669 3 4 0
0.112412 0.168697 0.0798296 3 4 0
0.112614 0.16887 0.0799923 3 4 0
0.112815 0.169044 0.0801552 3 4 0
0.113017 0.169217 0.0803185 3 4 0
0.11322 0.169391 0.080482 3 4 0
0.113422 0.169565 0.0806456 3 4 0
0.113625 0.169739 0.0808094 3 4 0
0.113827 0.169913 0.0809735 3 4 0
0.11403 0.170088 0.0811377 3 4 0
0.114234 0.170262 0.0813021 3 4 0
0.114437 0.170437 0.0814666 3 4 0
0.114641 0.170611 0.0816314 3 4 0
0.114844 0.170786 0.0817964 3 4 0
0.115048 0.170961 0.0819617 3 4 0
0.115253 0.171137 0.0821272 3 4 0
0.115457 0.171312 0.082293 3 4 0
0.115661 0.171488 0.0824587 3 4 0
0.115866 0.171663 0.0826246 3 4 0
0.116071 0.17184 0.0827909 3 4 0
0.116276 0.172015 0.0829572 3 4 0
0.116481 0.172191 0.0831237 3 4 0
0.116687 0.172368 0.0832907 3 4 0
0.116893 0.172544 0.0834576 3 4 0
0.117098 0.172721 0.0836246 3 4 0
0.117304 0.172897 0.083792 3 4 0
0.117511 0.173074 0.0839596 3 4 0
0.117717 0.173252 0.0841272 3 4 0
0.117923 0.173429 0.084295 3 4 0
0.11813 0.173606 0.084463 3 4 0
0.118337 0.173783 0.0846313 3 4 0
0.118544 0.173961 0.0847998 3 4 0
0.118751 0.174138 0.0849682 3 4 0
0.118959 0.174316 0.085137 3 4 0
0.119166 0.174494 0.0853059 3 4 0
0.119374 0.174672 0.085475 3 4 0
0.119582 0.17485 0.0856443 3 4 0
0.11979 0.175029 0.0858137 3 4 0
0.119998 0.175207 0.0859833 3 4 0
0.120206 0.175386 0.0861532 3 4 0
0.120415 0.175565 0.0863232 3 4 0
0.120623 0.175743 0.0864933 3 4 0
0.120832 0.175922 0.0866634 3 4 0
0.121041 0.176101 0.0868339 3 4 0
0.12125 0.176281 0.0870046 3 4 0
0.121459 0.17646 0.0871753 3 4 0
0.121669 0.176639 0.0873461 3 4 0
0.121878 0.176818 0.0875173 3 4 0
0.122088 0.176998 0.0876886 3 4 0
0.122298 0.177178 0.0878598 3 4 0
0.122508 0.177358 0.0880313 3 4 0
0.122718 0.177538 0.088203 3 4 0
0.122928 0.177717 0.0883749 3 4 0
0.123138 0.177898 0.0885468 3 4 0
0.123349 0.178078 0.088719 3 4 0
0.123559 0.178258 0.0888913 3 4 0
0.12377 0.178439 0.0890637 3 4 0
0.123981 0.17862 0.0892363 3 4 0
0.124192 0.1788 0.089409 3 4 0
0.124403 0.178981 0.0895819 3 4 0
0.124615 0.179162 0.0897551 3 4 0
0.124826 0.179343 0.089928 3 4 0
0.125038 0.179524 0.0901014 3 4 0
0.125249 0.179705 0.0902749 3 4 0
0.125461 0.179886 0.0904485 3 4 0
0.125673 0.180068 0.0906222 3 4 0
0.125885 0.180249 0.0907959 3 4 0
0.126097 0.180431 0.0909701 3 4 0
0.126309 0.180612 0.0911441 3 4 0
0.126522 0.180794 0.0913182 3 4 0
0.126734 0.180976 0.0914928 3 4 0
0.126947 0.181158 0.0916673 3 4 0
0.12716 0.18134 0.0918418 3 4 0
0.127373 0.181522 0.0920165 3 4 0
0.127586 0.181704 0.0921914 3 4 0
0.127799 0.181886 0.0923666 3 4 0
0.128012 0.182069 0.0925416 3 4 0
0.128225 0.182251 0.0927168 3 4 0
0.128439 0.182434 0.0928923 3 4 0
0.128652 0.182616 0.093068 3 4 0
0.128866 0.182799 0.0932434 3 4 0
0.129079 0.182981 0.0934191 3 4 0
0.129293 0.183164 0.093595 3 4 0
0.129507 0.183347 0.0937712 3 4 0
0.129721 0.18353 0.0939471 3 4 0
0.129935 0.183712 0.0941234 3 4 0
0.130149 0.183896 0.0942998 3 4 0
0.130364 0.184079 0.094476 3 4 0
0.130578 0.184263 0.0946525 3 4 0
0.130792 0.184446 0.0948293 3 4 0
0.131007 0.184629 0.0950061 3 4 0
0.131222 0.184812 0.095183 3 4 0
0.131436 0.184996 0.0953599 3 4 0
0.131651 0.18518 0.0955368 3 4 0
0.131866 0.185363 0.095714 3 4 0
0.132081 0.185547 0.0958913 3 4 0
0.132296 0.18573 0.0960687 3 4 0
0.132511 0.185914 0.0962463 3 4 0
0.132726 0.186098 0.0964239 3 4 0
0.132942 0.186282 0.0966014 3 4 0
0.133157 0.186466 0.0967791 3 4 0
0.133372 0.186649 0.0969571 3 4 0
0.133588 0.186834 0.0971352 3 4 0
0.133804 0.187018 0.097313 3 4 0
0.134019 0.187202 0.0974912 3 4 0
0.134235 0.187386 0.0976695 3 4 0
0.134451 0.18757 0.0978479 3 4 0
0.134667 0.187755 0.0980262 3 4 0
0.134883 0.187939 0.0982046 3 4 0
0.135098 0.188123 0.0983835 3 4 0
0.135315 0.188307 0.0985619 3 4 0
0.135531 0.188492 0.0987406 3 4 0
0.135747 0.188677 0.0989194 3 4 0
0.135963 0.188861 0.0990984 3 4 0
0.136179 0.189045 0.0992776 3 4 0
0.136396 0.189231 0.0994564 3 4 0
0.136612 0.189415 0.0996356 3 4 0
0.136829 0.1896 0.0998149 3 4 0
0.137045 0.189785 0.0999941 3 4 0
0.137262 0.189969 0.100173 3 4 0
0.137478 0.190154 0.100353 3 4 0
0.137695 0.190339 0.100533 3 4 0
0.137912 0.190524 0.100712 3 4 0
0.138128 0.190709 0.100892 3 4 0
0.138345 0.190892 0.101072 3 4 0
0.138562 0.191078 0.101251 3 4 0
0.138779 0.191263 0.101431 3 4 0
0.138996 0.191448 0.101611 3 4 0
0.139213 0.191633 0.101791 3 4 0
0.13943 0.191818 0.101971 3 4 0
0.139647 0.192003 0.102151 3 4 0
0.139864 0.192188 0.102331 3 4 0
0.140081 0.192373 0.102511 3 4 0
0.140298 0.192558 0.102692 3 4 0
0.140515 0.192743 0.102872 3 4 0
0.140732 0.192928 0.103052 3 4 0
0.140949 0.193113 0.103233 3 4 0
0.141167 0.193298 0.103413 3 4 0
0.141384 0.193483 0.103594 3 4 0
0.141601 0.193668 0.103775 3 4 0
0.141818 0.193853 0.103955 3 4 0
0.142036 0.194038 0.104136 3 4 0
0.142253 0.194224 0.104316 3 4 0
0.14247 0.194409 0.104497 3 4 0
0.142688 0.194594 0.104678 3 4 0
0.142905 0.194779 0.104859 3 4 0
0.143123 0.194964 0.105039 3 4 0
0.14334 0.195149 0.10522 3 4 0
0.143557 0.195335 0.105401 3 4 0
0.143775 0.19552 0.105582 3 4 0
0.143992 0.195705 0.105764 3 4 0
0.14421 0.19589 0.105944 3 4 0
0.144427 0.196075 0.106125 3 4 0
0.144644 0.19626 0.106306 3 4 0
0.144862 0.196445 0.106488 3 4 0
0.145079 0.19663 0.106669 3 4 0
0.145297 0.196815 0.10685 3 4 0
0.145514 0.197 0.107031 3 4 0
0.145731 0.197186 0.107212 3 4 0
0.145949 0.19737 0.107394 3 4 0
0.146166 0.197555 0.107575 3 4 0
0.146383 0.19774 0.107756 3 4 0
0.146601 0.197924 0.107937 3 4 0
0.146818 0.19811 0.108119 3 4 0
0.147035 0.198295 0.1083 3 4 0
0.147253 0.19848 0.108481 3 4 0
0.14747 0.198664 0.108663 3 4 0
0.147687 0.198849 0.108844 3 4 0
0.147904 0.199033 0.109025 3 4 0
0.148122 0.199219 0.109207 3 4 0
0.148339 0.199404 0.109388 3 4 0
0.148556 0.199588 0.109569 3 4 0
0.148773 0.199772 0.109751 3 4 0
0.14899 0.199957 0.109932 3 4 0
0.149207 0.200142 0.110114 3 4 0
0.149424 0.200326 0.110295 3 4 0
0.149641 0.200511 0.110476 3 4 0
0.149858 0.200695 0.110658 3 4 0
0.150075 0.200879 0.110839 3 4 0
0.150292 0.201064 0.11102 3 4 0
0.150509 0.201248 0.111202 3 4 0
0.150725 0.201431 0.111383 3 4 0
0.150942 0.201615 0.111565 3 4 0
0.151159 0.201799 0.111746 3 4 0
0.151375 0.201984 0.111927 3 4 0
0.151592 0.202168 0.112108 3 4 0
0.151808 0.202352 0.112289 3 4 0
0.152025 0.202536 0.11247 3 4 0
0.152241 0.20272 0.112651 3 4 0
0.152457 0.202904 0.112833 3 4 0
0.152674 0.203087 0.113014 3 4 0
0.15289 0.20327 0.113195 3 4 0
0.153106 0.203453 0.113376 3 4 0
0.153322 0.203637 0.113557 3 4 0
0.153538 0.203821 0.113738 3 4 0
0.153754 0.204004 0.113919 3 4 0
0.15397 0.204188 0.1141 3 4 0
0.154185 0.204371 0.114281 3 4 0
0.154401 0.204554 0.114462 3 4 0
0.154616 0.204736 0.114642 3 4 0
0.154832 0.204918 0.114823 3 4 0
0.155047 0.205101 0.115004 3 4 0
0.155263 0.205285 0.115184 3 4 0
0.155478 0.205468 0.115365 3 4 0
0.155693 0.20565 0.115545 3 4 0
0.155908 0.205833 0.115726 3 4 0
0.156123 0.206015 0.115906 3 4 0
0.156338 0.206197 0.116086 3 4 0
0.156552 0.206379 0.116267 3 4 0
0.156767 0.206561 0.116447 3 4 0
0.156982 0.206743 0.116627 3 4 0
0.157196 0.206924 0.116807 3 4 0
0.15741 0.207106 0.116987 3 4 0
0.157624 0.207288 0.117167 3 4 0
0.157838 0.20747 0.117347 3 4 0
0.158052 0.207651 0.117527 3 4 0
0.158266 0.207833 0.117706 3 4 0
0.15848 0.208014 0.117886 3 4 0
0.158693 0.208195 0.118065 3 4 0
0.158907 0.208376 0.118245 3 4 0
0.15912 0.208556 0.118424 3 4 0
0.159333 0.208737 0.118604 3 4 0
0.159546 0.208917 0.118783 3 4 0
0.159759 0.209097 0.118962 3 4 0
0.159972 0.209277 0.119141 3 4 0
0.160185 0.209457 0.11932 3 4 0
0.160397 0.209637 0.119498 3 4 0
0.160609 0.209817 0.119677 3 4 0
0.160822 0.209997 0.119856 3 4 0
0.161034 0.210177 0.120034 3 4 0
0.161245 0.210357 0.120212 3 4 0
0.161457 0.210536 0.120391 3 4 0
0.161669 0.210716 0.120569 3 4 0
0.16188 0.210895 0.120747 3 4 0
0.162091 0.211074 0.120925 3 4 0
0.162302 0.211252 0.121102 3 4 0
0.162513 0.211431 0.12128 3 4 0
0.162724 0.211609 0.121458 3 4 0
0.162934 0.211787 0.121635 3 4 0
0.163145 0.211965 0.121813 3 4 0
0.163355 0.212143 0.121989 3 4 0
0.163565 0.21232 0.122166 3 4 0
0.163774 0.212498 0.122343 3 4 0
0.163984 0.212675 0.12252 3 4 0
0.164193 0.212852 0.122697 3 4 0
0.164402 0.213029 0.122873 3 4 0
0.164611 0.213205 0.123049 3 4 0
0.16482 0.213381 0.123225 3 4 0
0.165028 0.213558 0.123401 3 4 0
0.165237 0.213735 0.123577 3 4 0
0.165445 0.213911 0.123752 3 4 0
0.165653 0.214087 0.123928 3 4 0
0.16586 0.214262 0.124103 3 4 0
0.166068 0.214438 0.124278 3 4 0
0.166275 0.214613 0.124453 3 4 0
0.166482 0.214788 0.124628 3 4 0
0.166688 0.214963 0.124803 3 4 0
0.166895 0.215138 0.124977 3 4 0
0.167101 0.215312 0.125151 3 4 0
0.167307 0.215486 0.125325 3 4 0
0.167513 0.21566 0.125499 3 4 0
0.167718 0.215834 0.125672 3 4 0
0.167923 0.216007 0.125846 3 4 0
0.168128 0.21618 0.126019 3 4 0
0.168333 0.216353 0.126192 3 4 0
0.168537 0.216526 0.126365 3 4 0
0.168741 0.216698 0.126537 3 4 0
0.168945 0.21687 0.126709 3 4 0
0.169148 0.217042 0.126881 3 4 0
0.169352 0.217213 0.127054 3 4 0
0.169554 0.217385 0.127225 3 4 0
0.169757 0.217556 0.127396 3 4 0
0.169959 0.217727 0.127567 3 4 0
0.170161 0.217897 0.127739 3 4 0
0.170363 0.218067 0.127909 3 4 0
0.170564 0.218237 0.12808 3 4 0
0.170765 0.218407 0.12825 3 4 0
0.170966 0.218576 0.12842 3 4 0
0.171167 0.218745 0.128589 3 4 0
0.171367 0.218914 0.128759 3 4 0
0.171566 0.219082 0.128928 3 4 0
0.171766 0.219251 0.129097 3 4 0
0.171965 0.219419 0.129265 3 4 0
0.172163 0.219586 0.129433 3 4 0
0.172362 0.219754 0.129601 3 4 0
0.172559 0.219921 0.129769 3 4 0
0.172757 0.220088 0.129936 3 4 0
0.172954 0.220254 0.130104 3 4 0
0.173151 0.22042 0.13027 3 4 0
0.173347 0.220586 0.130437 3 4 0
0.173543 0.220751 0.130603 3 4 0
0.173739 0.220916 0.130769 3 4 0
0.173934 0.221081 0.130934 3 4 0
0.174129 0.221245 0.1311 3 4 0
0.174323 0.221409 0.131264 3 4 0
0.174517 0.221573 0.131429 3 4 0
0.174711 0.221736 0.131593 3 4 0
0.174904 0.221898 0.131757 3 4 0
0.175096 0.222061 0.13192 3 4 0
0.175289 0.222223 0.132083 3 4 0
0.17548 0.222384 0.132246 3 4 0
0.175672 0.222546 0.132408 3 4 0
0.175862 0.222706 0.13257 3 4 0
0.176053 0.222867 0.132732 3 4 0
0.176243 0.223027 0.132893 3 4 0
0.176432 0.223186 0.133054 3 4 0
0.176621 0.223345 0.133214 3 4 0
0.176809 0.223504 0.133374 3 4 0
0.176997 0.223662 0.133534 3 4 0
0.177184 0.22382 0.133693 3 4 0
0.177371 0.223977 0.133852 3 4 0
0.177558 0.224134 0.13401 3 4 0
0.177743 0.224291 0.134168 3 4 0
0.177929 0.224447 0.134325 3 4 0
0.178113 0.224602 0.134482 3 4 0
0.178297 0.224757 0.134639 3 4 0
0.178481 0.224911 0.134795 3 4 0
0.178664 0.225065 0.134951 3 4 0
0.178846 0.225219 0.135106 3 4 0
0.179028 0.225372 0.13526 3 4 0
0.179209 0.225524 0.135414 3 4 0
0.17939 0.225676 0.135568 3 4 0
0.17957 0.225827 0.135721 3 4 0
0.179749 0.225978 0.135874 3 4 0
0.179928 0.226129 0.136026 3 4 0
0.180106 0.226279 0.136177 3 4 0
0.180283 0.226428 0.136328 3 4 0
0.18046 0.226577 0.136479 3 4 0
0.180636 0.226725 0.136629 3 4 0
0.180811 0.226872 0.136778 3 4 0
0.180986 0.227019 0.136927 3 4 0
0.18116 0.227166 0.137075 3 4 0
0.181333 0.227312 0.137223 3 4 0
0.181506 0.227457 0.13737 3 4 0
0.181677 0.227601 0.137516 3 4 0
0.181848 0.227745 0.137662 3 4 0
0.182019 0.227888 0.137807 3 4 0
0.182188 0.228031 0.137952 3 4 0
0.182357 0.228173 0.138096 3 4 0
0.182525 0.228314 0.138239 3 4 0
0.182692 0.228455 0.138381 3 4 0
0.182859 0.228594 0.138523 3 4 0
0.183024 0.228734 0.138664 3 4 0
0.183189 0.228872 0.138805 3 4 0
0.183353 0.22901 0.138945 3 4 0
0.183516 0.229146 0.139084 3 4 0
0.183678 0.229283 0.139223 3 4 0
0.183839 0.229418 0.13936 3 4 0
0.183999 0.229552 0.139497 3 4 0
0.184159 0.229686 0.139633 3 4 0
0.184317 0.229819 0.139769 3 4 0
0.184475 0.229951 0.139903 3 4 0
0.184632 0.230083 0.140038 3 4 0
0.184787 0.230213 0.14017 3 4 0
0.184942 0.230343 0.140303 3 4 0
0.185096 0.230472 0.140434 3 4 0
0.185248 0.2306 0.140565 3 4 0
0.1854 0.230728 0.140695 3 4 0
0.185551 0.230855 0.140824 3 4 0
0.1857 0.230981 0.140952 3 4 0
0.185849 0.231105 0.141079 3 4 0
0.185996 0.231229 0.141205 3 4 0
0.186143 0.231352 0.141331 3 4 0
0.186288 0.231474 0.141455 3 4 0
0.186432 0.231595 0.141579 3 4 0
0.186575 0.231715 0.141701 3 4 0
0.186717 0.231834 0.141823 3 4 0
0.186858 0.231952 0.141944 3 4 0
0.186997 0.232069 0.142063 3 4 0
0.187136 0.232185 0.142182 3 4 0
0.187273 0.2323 0.1423 3 4 0
0.187409 0.232414 0.142417 3 4 0
0.187543 0.232526 0.142533 3 4 0
0.187677 0.232638 0.142647 3 4 0
0.187809 0.232748 0.142761 3 4 0
0.18794 0.232858 0.142873 3 4 0
0.188069 0.232967 0.142985 3 4 0
0.188197 0.233075 0.143095 3 4 0
0.188324 0.233182 0.143205 3 4 0
0.188449 0.233287 0.143313 3 4 0
0.188574 0.233391 0.14342 3 4 0
0.188696 0.233494 0.143526 3 4 0
0.188817 0.233596 0.14363 3 4 0
0.188937 0.233696 0.143734 3 4 0
0.189056 0.233795 0.143837 3 4 0
0.189173 0.233893 0.143938 3 4 0
0.189288 0.23399 0.144038 3 4 0
0.189402 0.234085 0.144137 3 4 0
0.189514 0.234179 0.144234 3 4 0
0.189625 0.234271 0.14433 3 4 0
0.189735 0.234362 0.144426 3 4 0
0.189842 0.234453 0.144519 3 4 0
0.189949 0.234542 0.144612 3 4 0
0.190053 0.234631 0.144703 3 4 0
0.190156 0.234717 0.144793 3 4 0
0.190258 0.234803 0.144882 3 4 0
0.190358 0.234886 0.144969 3 4 0
0.190456 0.234969 0.145056 3 4 0
0.190552 0.235049 0.14514 3 4 0
0.190647 0.235129 0.145224 3 4 0
0.19074 0.235207 0.145306 3 4 0
0.190832 0.235283 0.145387 3 4 0
0.190922 0.235357 0.145466 3 4 0
0.19101 0.235431 0.145544 3 4 0
0.191096 0.235502 0.145621 3 4 0
0.191181 0.235574 0.145697 3 4 0
0.191264 0.235643 0.145771 3 4 0
0.191345 0.235712 0.145844 3 4 0
0.191424 0.235779 0.145915 3 4 0
0.191502 0.235844 0.145985 3 4 0
0.191578 0.235908 0.146054 3 4 0
0.191652 0.235971 0.146122 3 4 0
0.191725 0.236031 0.146188 3 4 0
0.191795 0.23609 0.146253 3 4 0
0.191864 0.236147 0.146316 3 4 0
0.191932 0.236203 0.146379 3 4 0
0.191997 0.236257 0.14644 3 4 0
0.192061 0.23631 0.1465 3 4 0
0.192123 0.236361 0.146559 3 4 0
0.192183 0.236413 0.146616 3 4 0
0.192242 0.236463 0.146673 3 4 0
0.192299 0.236511 0.146728 3 4 0
0.192354 0.236558 0.146782 3 4 0
0.192408 0.236603 0.146835 3 4 0
0.19246 0.236646 0.146887 3 4 0
0.19251 0.236688 0.146938 3 4 0
0.192559 0.236729 0.146988 3 4 0
0.192606 0.236768 0.147037 3 4 0
0.192651 0.236806 0.147085 3 4 0
0.192695 0.236842 0.147132 3 4 0
0.192737 0.236877 0.147179 3 4 0
0.192778 0.23691 0.147225 3 4 0
0.192817 0.236941 0.14727 3 4 0
0.192855 0.236973 0.147314 3 4 0
0.192892 0.237004 0.147359 3 4 0
0.192927 0.237034 0.147402 3 4 0
0.19296 0.237063 0.147445 3 4 0
0.192993 0.237091 0.147488 3 4 0
0.193024 0.237117 0.14753 3 4 0
0.193053 0.237142 0.147572 3 4 0
0.193082 0.237167 0.147614 3 4 0
0.193109 0.237189 0.147656 3 4 0
0.193135 0.237211 0.147698 3 4 0
0.19316 0.237232 0.147741 3 4 0
0.193183 0.237251 0.147783 3 4 0
0.193206 0.23727 0.147827 3 4 0
0.193227 0.237288 0.14787 3 4 0
0.193248 0.237304 0.147914 3 4 0
0.193267 0.23732 0.147959 3 4 0
0.193286 0.237335 0.148005 3 4 0
0.193303 0.237348 0.148052 3 4 0
0.19332 0.237362 0.1481 3 4 0
0.193336 0.237374 0.14815 3 4 0
0.193351 0.237386 0.148201 3 4 0
0.193365 0.237397 0.148254 3 4 0
0.193378 0.237409 0.148309 3 4 0
0.193391 0.237421 0.148366 3 4 0
0.193403 0.23743 0.148425 3 4 0
0.193414 0.237441 0.148487 3 4 0
0.193425 0.237451 0.148552 3 4 0
0.193435 0.237459 0.14862 3 4 0
0.193444 0.237468 0.148691 3 4 0
0.193453 0.237476 0.148765 3 4 0
0.193462 0.237483 0.148844 3 4 0
0.193469 0.23749 0.148927 3 4 0
0.193477 0.237497 0.149014 3 4 0
0.193484 0.237502 0.149106 3 4 0
0.19349 0.237508 0.149203 3 4 0
0.193496 0.237513 0.149305 3 4 0
0.193502 0.237518 0.149414 3 4 0
0.193507 0.237522 0.149528 3 4 0
0.193512 0.237527 0.149649 3 4 0
0.193517 0.23753 0.149777 3 4 0
0.193521 0.237534 0.149912 3 4 0
0.193525 0.237537 0.150054 3 4 0
0.193529 0.23754 0.150204 3 4 0
0.193532 0.237543 0.150363 3 4 0
0.193535 0.237546 0.15053 3 4 0
0.193538 0.237548 0.150706 3 4 0
0.193541 0.23755 0.150892 3 4 0
0.193544 0.237552 0.151086 3 4 0
0.193546 0.237554 0.151291 3 4 0
0.193548 0.237556 0.151505 3 4 0
0.19355 0.237557 0.15173 3 4 0
0.193552 0.237559 0.151964 3 4 0
0.193554 0.23756 0.15221 3 4 0
0.193556 0.237561 0.152465 3 4 0
0.193557 0.237563 0.152731 3 4 0
0.193559 0.237563 0.153007 3 4 0
0.19356 0.237564 0.153294 3 4 0
0.193561 0.237565 0.153591 3 4 0
0.193562 0.237566 0.153898 3 4 0
0.193563 0.237567 0.154215 3 4 0
0.193564 0.237568 0.154542 3 4 0
0.193565 0.237568 0.154879 3 4 0
0.193566 0.237569 0.155225 3 4 0
0.193566 0.237569 0.15558 3 4 0
0.193567 0.237569 0.155944 3 4 0
0.193568 0.237569 0.156316 3 4 0
0.193568 0.237569 0.156697 3 4 0
0.193569 0.237569 0.157086 3 4 0
0.193569 0.23757 0.157482 3 4 0
0.193569 0.23757 0.157886 3 4 0
0.19357 0.23757 0.158297 3 4 0
0.19357 0.23757 0.158714 3 4 0
0.19357 0.23757 0.159138 3 4 0
0.19357 0.237571 0.159568 3 4 0
0.193571 0.237571 0.160003 3 4 0
0.193571 0.237571 0.160445 3 4 0
0.193571 0.237571 0.160891 3 4 0
0.193571 0.237571 0.161342 3 4 0
0.193571 0.237572 0.161485 4 4 0
0.193571 0.237572 0.161942 4 4 0
0.193571 0.237571 0.162404 4 4 0
0.193571 0.237571 0.16287 4 4 0
0.19357 0.237571 0.163339 4 4 0
0.19357 0.237571 0.163813 4 4 0
0.19357 0.23757 0.164289 4 4 0
0.19357 0.23757 0.164769 4 4 0
0.19357 0.237569 0.165251 4 4 0
0.193569 0.237569 0.165737 4 4 0
0.193569 0.237568 0.166225 4 4 0
0.193568 0.237567 0.166715 4 4 0
0.193568 0.237566 0.167207 4 4 0
0.193568 0.237566 0.167702 4 4 0
0.193567 0.237565 0.168198 4 4 0
0.193566 0.237564 0.168696 4 4 0
0.193566 0.237563 0.169196 4 4 0
0.193565 0.237562 0.169697 4 4 0
0.193564 0.237561 0.170199 4 4 0
0.193564 0.23756 0.170703 4 4 0
0.193563 0.237559 0.171207 4 4 0
0.193562 0.237557 0.171712 4 4 0
0.193561 0.237556 0.172218 4 4 0
0.19356 0.237554 0.172725 4 4 0
0.193559 0.237551 0.173232 4 4 0
0.193558 0.237549 0.17374 4 4 0
0.193557 0.237547 0.174248 4 4 0
0.193555 0.237546 0.174756 4 4 0
0.193554 0.237544 0.175264 4 4 0
0.193553 0.237542 0.175772 4 4 0
0.193551 0.237541 0.17628 4 4 0
0.193549 0.237538 0.176788 4 4 0
0.193548 0.237535 0.177296 4 4 0
0.193546 0.237534 0.177803 4 4 0
0.193544 0.237531 0.17831 4 4 0
0.193542 0.237528 0.178817 4 4 0
0.19354 0.237525 0.179323 4 4 0
0.193538 0.237522 0.179828 4 4 0
0.193536 0.237518 0.180332 4 4 0
0.193533 0.237517 0.180836 4 4 0
0.193531 0.237514 0.181339 4 4 0
0.193528 0.23751 0.181841 4 4 0
0.193526 0.237506 0.182342 4 4 0
0.193523 0.237502 0.182842 4 4 0
0.19352 0.237498 0.18334 4 4 0
0.193517 0.237494 0.183838 4 4 0
0.193514 0.23749 0.184334 4 4 0
0.19351 0.237485 0.184829 4 4 0
0.193507 0.23748 0.185323 4 4 0
0.193503 0.237475 0.185815 4 4 0
0.193499 0.237469 0.186305 4 4 0
0.193495 0.237464 0.186794 4 4 0
0.193491 0.237458 0.187282 4 4 0
0.193486 0.237452 0.187768 4 4 0
0.193482 0.237445 0.188252 4 4 0
0.193477 0.237439 0.188734 4 4 0
0.193472 0.237432 0.189215 4 4 0
0.193467 0.237423 0.189694 4 4 0
0.193461 0.237416 0.190171 4 4 0
0.193456 0.237409 0.190646 4 4 0
0.19345 0.2374 0.191119 4 4 0
0.193444 0.237391 0.19159 4 4 0
0.193437 0.237383 0.192059 4 4 0
0.193431 0.237374 0.192526 4 4 0
0.193424 0.237364 0.19299 4 4 0
0.193417 0.237354 0.193453 4 4 0
0.19341 0.237345 0.193913 4 4 0
0.193402 0.237334 0.194371 4 4 0
0.193394 0.237322 0.194826 4 4 0
0.193386 0.237311 0.19528 4 4 0
0.193377 0.237299 0.19573 4 4 0
0.193368 0.237286 0.196179 4 4 0
0.193359 0.237274 0.196625 4 4 0
0.19335 0.23726 0.197068 4 4 0
0.19334 0.237246 0.197509 4 4 0
0.19333 0.237232 0.197947 4 4 0
0.19332 0.237217 0.198383 4 4 0
0.193309 0.237201 0.198816 4 4 0
0.193298 0.237185 0.199247 4 4 0
0.193286 0.237169 0.199674 4 4 0
0.193274 0.237151 0.200099 4 4 0
0.193262 0.237133 0.200521 4 4 0
0.193249 0.237115 0.200941 4 4 0
0.193236 0.237096 0.201357 4 4 0
0.193223 0.237076 0.201771 4 4 0
0.193209 0.237056 0.202182 4 4 0
0.193195 0.237035 0.20259 4 4 0
0.193181 0.237013 0.202995 4 4 0
0.193166 0.23699 0.203397 4 4 0
0.19315 0.236967 0.203796 4 4 0
0.193134 0.236943 0.204192 4 4 0
0.193118 0.236919 0.204585 4 4 0
0.193101 0.236894 0.204975 4 4 0
0.193084 0.236868 0.205361 4 4 0
0.193067 0.236841 0.205745 4 4 0
0.193049 0.236813 0.206126 4 4 0
0.193031 0.236785 0.206504 4 4 0
0.193012 0.236755 0.206878 4 4 0
0.192993 0.236725 0.207249 4 4 0
0.192973 0.236694 0.207617 4 4 0
0.192953 0.236662 0.207982 4 4 0
0.192932 0.236629 0.208344 4 4 0
0.192911 0.236596 0.208703 4 4 0
0.19289 0.236561 0.209058 4 4 0
0.192868 0.236526 0.20941 4 4 0
0.192846 0.23649 0.209759 4 4 0
0.192824 0.236453 0.210105 4 4 0
0.192801 0.236414 0.210447 4 4 0
0.192777 0.236375 0.210786 4 4 0
0.192753 0.236335 0.211122 4 4 0
0.192729 0.236294 0.211455 4 4 0
0.192705 0.236252 0.211784 4 4 0
0.19268 0.236209 0.21211 4 4 0
0.192655 0.236165 0.212433 4 4 0
0.192629 0.23612 0.212753 4 4 0
0.192603 0.236074 0.213069 4 4 0
0.192577 0.236027 0.213383 4 4 0
0.19255 0.235979 0.213693 4 4 0
0.192523 0.23593 0.213999 4 4 0
0.192496 0.23588 0.214303 4 4 0
0.192468 0.235829 0.214603 4 4 0
0.192441 0.235776 0.2149 4 4 0
0.192413 0.235723 0.215194 4 4 0
0.192384 0.235669 0.215485 4 4 0
0.192356 0.235613 0.215773 4 4 0
0.192327 0.235557 0.216057 4 4 0
0.192298 0.2355 0.216338 4 4 0
0.192269 0.235441 0.216617 4 4 0
0.19224 0.235381 0.216892 4 4 0
0.192211 0.235321 0.217164 4 4 0
0.192181 0.235259 0.217433 4 4 0
0.192152 0.235196 0.217699 4 4 0
0.192122 0.235132 0.217962 4 4 0
0.192092 0.235067 0.218222 4 4 0
0.192063 0.235001 0.218479 4 4 0
0.192033 0.234934 0.218733 4 4 0
0.192003 0.234866 0.218984 4 4 0
0.191973 0.234797 0.219232 4 4 0
0.191944 0.234726 0.219478 4 4 0
0.191914 0.234655 0.21972 4 4 0
0.191884 0.234582 0.21996 4 4 0
0.191855 0.234509 0.220197 4 4 0
0.191825 0.234434 0.220431 4 4 0
0.191796 0.234358 0.220663 4 4 0
0.191767 0.234281 0.220891 4 4 0
0.191738 0.234204 0.221117 4 4 0
0.19171 0.234125 0.221341 4 4 0
0.191681 0.234044 0.221562 4 4 0
0.191653 0.233963 0.22178 4 4 0
0.191625 0.233881 0.221995 4 4 0
0.191597 0.233798 0.222209 4 4 0
0.19157 0.233713 0.222419 4 4 0
0.191543 0.233628 0.222627 4 4 0
0.191516 0.233541 0.222833 4 4 0
0.19149 0.233454 0.223036 4 4 0
0.191464 0.233365 0.223237 4 4 0
0.191439 0.233275 0.223436 4 4 0
0.191414 0.233184 0.223632 4 4 0
0.191389 0.233092 0.223826 4 4 0
0.191365 0.232999 0.224018 4 4 0
0.191342 0.232905 0.224207 4 4 0
0.191319 0.23281 0.224395 4 4 0
0.191296 0.232714 0.22458 4 4 0
0.191274 0.232617 0.224763 4 4 0
0.191253 0.232518 0.224944 4 4 0
0.191232 0.232419 0.225123 4 4 0
0.191212 0.232318 0.2253 4 4 0
0.191192 0.232216 0.225475 4 4 0
0.191173 0.232113 0.225648 4 4 0
0.191155 0.232009 0.225819 4 4 0
0.191137 0.231904 0.225988 4 4 0
0.19112 0.231798 0.226155 4 4 0
0.191104 0.231691 0.22632 4 4 0
0.191088 0.231582 0.226484 4 4 0
0.191074 0.231473 0.226646 4 4 0
0.191059 0.231362 0.226806 4 4 0
0.191046 0.23125 0.226964 4 4 0
0.191033 0.231137 0.22712 4 4 0
0.191021 0.231023 0.227275 4 4 0
0.19101 0.230907 0.227428 4 4 0
0.191 0.230791 0.22758 4 4 0
0.190991 0.230673 0.227729 4 4 0
0.190982 0.230554 0.227878 4 4 0
0.190974 0.230434 0.228024 4 4 0
0.190967 0.230312 0.228169 4 4 0
0.19096 0.230189 0.228313 4 4 0
0.190955 0.230065 0.228455 4 4 0
0.19095 0.22994 0.228596 4 4 0
0.190947 0.229814 0.228735 4 4 0
0.190944 0.229686 0.228872 4 4 0
0.190941 0.229556 0.229009 4 4 0
0.19094 0.229426 0.229143 4 4 0
0.19094 0.229294 0.229277 3 4 0
0.19094 0.229286 0.229285 4 4 0
0.19094 0.229286 0.229285 4 4 0
0.19094 0.229417 0.229152 4 4 0
0.19094 0.229417 0.229152 4 4 0
0.190941 0.229548 0.229017 4 4 0
0.190943 0.229677 0.228881 4 4 0
0.190946 0.229805 0.228744 4 4 0
0.19095 0.229932 0.228605 4 4 0
0.190955 0.230057 0.228464 4 4 0
0.19096 0.230181 0.228322 4 4 0
0.190966 0.230304 0.228179 4 4 0
0.190973 0.230426 0.228034 4 4 0
0.190981 0.230546 0.227887 4 4 0
0.19099 0.230665 0.227739 4 4 0
0.190999 0.230783 0.227589 4 4 0
0.19101 0.2309 0.227438 4 4 0
0.191021 0.231015 0.227285 4 4 0
0.191033 0.23113 0.22713 4 4 0
0.191045 0.231243 0.226974 4 4 0
0.191058 0.231355 0.226816 4 4 0
0.191073 0.231465 0.226656 4 4 0
0.191087 0.231575 0.226495 4 4 0
0.191103 0.231684 0.226331 4 4 0
0.191119 0.231791 0.226166 4 4 0
0.191136 0.231897 0.225999 4 4 0
0.191154 0.232003 0.22583 4 4 0
0.191172 0.232107 0.225659 4 4 0
0.191191 0.232209 0.225486 4 4 0
0.19121 0.232311 0.225312 4 4 0
0.191231 0.232412 0.225135 4 4 0
0.191251 0.232512 0.224956 4 4 0
0.191273 0.23261 0.224775 4 4 0
0.191295 0.232708 0.224592 4 4 0
0.191317 0.232804 0.224407 4 4 0
0.19134 0.232899 0.22422 4 4 0
0.191364 0.232993 0.22403 4 4 0
0.191388 0.233086 0.223839 4 4 0
0.191412 0.233178 0.223645 4 4 0
0.191437 0.233269 0.223449 4 4 0
0.191463 0.233359 0.22325 4 4 0
0.191488 0.233448 0.22305 4 4 0
0.191515 0.233536 0.222846 4 4 0
0.191541 0.233622 0.222641 4 4 0
0.191568 0.233708 0.222433 4 4 0
0.191596 0.233792 0.222222 4 4 0
0.191623 0.233876 0.22201 4 4 0
0.191651 0.233958 0.221794 4 4 0
0.191679 0.234039 0.221576 4 4 0
0.191708 0.234119 0.221355 4 4 0
0.191736 0.234198 0.221132 4 4 0
0.191765 0.234276 0.220906 4 4 0
0.191794 0.234353 0.220678 4 4 0
0.191824 0.234429 0.220446 4 4 0
0.191853 0.234504 0.220212 4 4 0
0.191882 0.234578 0.219976 4 4 0
0.191912 0.23465 0.219736 4 4 0
0.191942 0.234722 0.219494 4 4 0
0.191971 0.234792 0.219249 4 4 0
0.192001 0.234862 0.219001 4 4 0
0.192031 0.23493 0.21875 4 4 0
0.192061 0.234997 0.218496 4 4 0
0.19209 0.235063 0.218239 4 4 0
0.19212 0.235128 0.217979 4 4 0
0.19215 0.235192 0.217716 4 4 0
0.192179 0.235255 0.217451 4 4 0
0.192209 0.235317 0.217182 4 4 0
0.192238 0.235378 0.21691 4 4 0
0.192267 0.235437 0.216635 4 4 0
0.192297 0.235496 0.216357 4 4 0
0.192325 0.235553 0.216076 4 4 0
0.192354 0.23561 0.215791 4 4 0
0.192383 0.235665 0.215504 4 4 0
0.192411 0.23572 0.215213 4 4 0
0.192439 0.235773 0.21492 4 4 0
0.192467 0.235825 0.214623 4 4 0
0.192494 0.235876 0.214323 4 4 0
0.192521 0.235927 0.214019 4 4 0
0.192548 0.235976 0.213713 4 4 0
0.192575 0.236024 0.213403 4 4 0
0.192601 0.236071 0.21309 4 4 0
0.192627 0.236117 0.212774 4 4 0
0.192653 0.236162 0.212454 4 4 0
0.192678 0.236206 0.212132 4 4 0
0.192703 0.236249 0.211806 4 4 0
0.192728 0.236291 0.211476 4 4 0
0.192752 0.236333 0.211144 4 4 0
0.192776 0.236373 0.210808 4 4 0
0.192799 0.236412 0.210469 4 4 0
0.192822 0.23645 0.210127 4 4 0
0.192845 0.236487 0.209782 4 4 0
0.192867 0.236524 0.209433 4 4 0
0.192889 0.236559 0.209081 4 4 0
0.19291 0.236594 0.208726 4 4 0
0.192931 0.236628 0.208368 4 4 0
0.192952 0.23666 0.208006 4 4 0
0.192972 0.236692 0.207641 4 4 0
0.192991 0.236723 0.207274 4 4 0
0.193011 0.236753 0.206902 4 4 0
0.193029 0.236783 0.206528 4 4 0
0.193048 0.236811 0.206151 4 4 0
0.193066 0.236839 0.20577 4 4 0
0.193083 0.236866 0.205387 4 4 0
0.1931 0.236892 0.205 4 4 0
0.193117 0.236918 0.20461 4 4 0
0.193133 0.236942 0.204218 4 4 0
0.193149 0.236966 0.203822 4 4 0
0.193165 0.236989 0.203423 4 4 0
0.19318 0.237011 0.203021 4 4 0
0.193194 0.237033 0.202616 4 4 0
0.193208 0.237054 0.202209 4 4 0
0.193222 0.237075 0.201798 4 4 0
0.193236 0.237095 0.201385 4 4 0
0.193249 0.237114 0.200968 4 4 0
0.193261 0.237132 0.200549 4 4 0
0.193274 0.23715 0.200127 4 4 0
0.193285 0.237167 0.199702 4 4 0
0.193297 0.237184 0.199275 4 4 0
0.193308 0.2372 0.198845 4 4 0
0.193319 0.237215 0.198412 4 4 0
0.193329 0.23723 0.197976 4 4 0
0.19334 0.237245 0.197538 4 4 0
0.193349 0.237259 0.197097 4 4 0
0.193359 0.237273 0.196654 4 4 0
0.193368 0.237286 0.196208 4 4 0
0.193377 0.237298 0.19576 4 4 0
0.193385 0.237309 0.195309 4 4 0
0.193393 0.237321 0.194856 4 4 0
0.193401 0.237333 0.194401 4 4 0
0.193409 0.237344 0.193943 4 4 0
0.193416 0.237354 0.193483 4 4 0
0.193424 0.237364 0.193021 4 4 0
0.19343 0.237374 0.192556 4 4 0
0.193437 0.237383 0.19209 4 4 0
0.193443 0.237392 0.191621 4 4 0
0.193449 0.2374 0.19115 4 4 0
0.193455 0.237409 0.190677 4 4 0
0.193461 0.237417 0.190202 4 4 0
0.193466 0.237424 0.189725 4 4 0
0.193472 0.237431 0.189247 4 4 0
0.193477 0.237438 0.188766 4 4 0
0.193481 0.237445 0.188284 4 4 0
0.193486 0.237452 0.1878 4 4 0
0.19349 0.237458 0.187314 4 4 0
0.193495 0.237462 0.186826 4 4 0
0.193499 0.237468 0.186337 4 4 0
0.193503 0.237474 0.185847 4 4 0
0.193506 0.237479 0.185355 4 4 0
0.19351 0.237484 0.184861 4 4 0
0.193513 0.237489 0.184367 4 4 0
0.193517 0.237494 0.18387 4 4 0
0.19352 0.237498 0.183373 4 4 0
0.193523 0.237502 0.182874 4 4 0
0.193526 0.237506 0.182375 4 4 0
0.193528 0.23751 0.181874 4 4 0
0.193531 0.237513 0.181372 4 4 0
0.193533 0.237517 0.180869 4 4 0
0.193536 0.23752 0.180365 4 4 0
0.193538 0.237523 0.179861 4 4 0
0.19354 0.237526 0.179356 4 4 0
0.193542 0.237529 0.17885 4 4 0
0.193544 0.237532 0.178344 4 4 0
0.193546 0.237532 0.177837 4 4 0
0.193548 0.237534 0.177329 4 4 0
0.193549 0.237536 0.176822 4 4 0
0.193551 0.237541 0.176314 4 4 0
0.193552 0.237543 0.175805 4 4 0
0.193554 0.237544 0.175297 4 4 0
0.193555 0.237547 0.174789 4 4 0
0.193556 0.237549 0.174281 4 4 0
0.193558 0.237551 0.173773 4 4 0
0.193559 0.237553 0.173265 4 4 0
0.19356 0.237554 0.172758 4 4 0
0.193561 0.237556 0.172252 4 4 0
0.193562 0.237557 0.171745 4 4 0
0.193563 0.237558 0.17124 4 4 0
0.193564 0.237559 0.170736 4 4 0
0.193564 0.237559 0.170232 4 4 0
0.193565 0.23756 0.16973 4 4 0
0.193566 0.237561 0.169229 4 4 0
0.193566 0.237564 0.168729 4 4 0
0.193567 0.237565 0.168231 4 4 0
0.193568 0.237566 0.167735 4 4 0
0.193568 0.237565 0.16724 4 4 0
0.193568 0.237566 0.166747 4 4 0
0.193569 0.237566 0.166257 4 4 0
0.193569 0.237566 0.165769 4 4 0
0.19357 0.237567 0.165283 4 4 0
0.19357 0.237568 0.1648 4 4 0
0.19357 0.23757 0.16432 4 4 0
0.19357 0.237571 0.163844 4 4 0
0.19357 0.237571 0.16337 4 4 0
0.193571 0.237571 0.162901 4 4 0
0.193571 0.237572 0.162434 4 4 0
0.193571 0.237572 0.161972 4 4 0
0.193571 0.237572 0.161515 4 4 0
0.193571 0.237572 0.161485 4 4 0
0.193571 0.237572 0.161032 3 4 0
0.193571 0.237572 0.160584 3 4 0
0.193571 0.237573 0.160141 3 4 0
0.19357 0.237573 0.159704 3 4 0
0.19357 0.237573 0.159272 3 4 0
0.19357 0.237573 0.158846 3 4 0
0.19357 0.237572 0.158427 3 4 0
0.19357 0.237572 0.158014 3 4 0
0.193569 0.237572 0.157608 3 4 0
0.193569 0.237572 0.157209 3 4 0
0.193568 0.237568 0.156818 3 4 0
0.193568 0.237568 0.156434 3 4 0
0.193567 0.237567 0.156059 3 4 0
0.193567 0.237568 0.155693 3 4 0
0.193566 0.237567 0.155335 3 4 0
0.193565 0.237566 0.154986 3 4 0
0.193564 0.237562 0.154646 3 4 0
0.193564 0.237562 0.154316 3 4 0
0.193563 0.237562 0.153996 3 4 0
0.193561 0.237565 0.153686 3 4 0
0.19356 0.237565 0.153386 3 4 0
0.193559 0.237564 0.153096 3 4 0
0.193558 0.237563 0.152816 3 4 0
0.193556 0.237562 0.152547 3 4 0
0.193555 0.23756 0.152288 3 4 0
0.193553 0.237555 0.15204 3 4 0
0.193551 0.237554 0.151802 3 4 0
0.193549 0.237553 0.151574 3 4 0
0.193547 0.237555 0.151357 3 4 0
0.193545 0.237553 0.151149 3 4 0
0.193542 0.237551 0.150952 3 4 0
0.193539 0.237549 0.150763 3 4 0
0.193536 0.237546 0.150584 3 4 0
0.193533 0.237543 0.150414 3 4 0
0.19353 0.237541 0.150253 3 4 0
0.193526 0.237538 0.1501 3 4 0
0.193522 0.237535 0.149955 3 4 0
0.193518 0.237531 0.149818 3 4 0
0.193514 0.237528 0.149688 3 4 0
0.193509 0.237523 0.149565 3 4 0
0.193504 0.237517 0.149449 3 4 0
0.193498 0.237513 0.149339 3 4 0
0.193492 0.237509 0.149234 3 4 0
0.193486 0.237502 0.149136 3 4 0
0.193479 0.237495 0.149042 3 4 0
0.193472 0.237488 0.148954 3 4 0
0.193464 0.237481 0.148869 3 4 0
0.193456 0.237473 0.14879 3 4 0
0.193447 0.237466 0.148714 3 4 0
0.193438 0.237463 0.148642 3 4 0
0.193428 0.237454 0.148573 3 4 0
0.193418 0.237444 0.148507 3 4 0
0.193407 0.237438 0.148444 3 4 0
0.193395 0.237429 0.148384 3 4 0
0.193382 0.237418 0.148327 3 4 0
0.193369 0.237407 0.148271 3 4 0
0.193355 0.237396 0.148218 3 4 0
0.19334 0.237383 0.148166 3 4 0
0.193325 0.237369 0.148116 3 4 0
0.193309 0.237354 0.148067 3 4 0
0.193291 0.237339 0.14802 3 4 0
0.193273 0.237327 0.147974 3 4 0
0.193254 0.23731 0.147928 3 4 0
0.193234 0.237293 0.147884 3 4 0
0.193213 0.237272 0.14784 3 4 0
0.19319 0.237252 0.147797 3 4 0
0.193167 0.237234 0.147754 3 4 0
0.193143 0.237214 0.147712 3 4 0
0.193117 0.237194 0.147669 3 4 0
0.19309 0.237173 0.147627 3 4 0
0.193062 0.237149 0.147585 3 4 0
0.193033 0.237124 0.147543 3 4 0
0.193002 0.237097 0.147501 3 4 0
0.192971 0.237074 0.147458 3 4 0
0.192937 0.237045 0.147415 3 4 0
0.192903 0.237016 0.147372 3 4 0
0.192867 0.236983 0.147328 3 4 0
0.192829 0.236952 0.147284 3 4 0
0.192791 0.23692 0.147239 3 4 0
0.19275 0.236888 0.147193 3 4 0
0.192708 0.236852 0.147147 3 4 0
0.192665 0.236815 0.1471 3 4 0
0.19262 0.236778 0.147052 3 4 0
0.192573 0.236738 0.147003 3 4 0
0.192525 0.236698 0.146954 3 4 0
0.192476 0.236659 0.146903 3 4 0
0.192424 0.236617 0.146851 3 4 0
0.192371 0.236572 0.146799 3 4 0
0.192316 0.236526 0.146745 3 4 0
0.19226 0.236479 0.14669 3 4 0
0.192202 0.236431 0.146634 3 4 0
0.192142 0.23638 0.146577 3 4 0
0.192081 0.236329 0.146519 3 4 0
0.192017 0.236275 0.146459 3 4 0
0.191952 0.236222 0.146398 3 4 0
0.191886 0.236166 0.146336 3 4 0
0.191817 0.236108 0.146273 3 4 0
0.191747 0.23605 0.146208 3 4 0
0.191675 0.23599 0.146142 3 4 0
0.191601 0.235928 0.146075 3 4 0
0.191526 0.235864 0.146007 3 4 0
0.191449 0.2358 0.145937 3 4 0
0.19137 0.235734 0.145866 3 4 0
0.191289 0.235667 0.145794 3 4 0
0.191207 0.235598 0.14572 3 4 0
0.191123 0.235527 0.145645 3 4 0
0.191037 0.235452 0.145568 3 4 0
0.190949 0.23538 0.145491 3 4 0
0.19086 0.235306 0.145412 3 4 0
0.190769 0.235229 0.145331 3 4 0
0.190677 0.235152 0.14525 3 4 0
0.190582 0.235074 0.145167 3 4 0
0.190486 0.234994 0.145082 3 4 0
0.190389 0.234912 0.144996 3 4 0
0.190289 0.234829 0.14491 3 4 0
0.190188 0.234744 0.144821 3 4 0
0.190086 0.234659 0.144731 3 4 0
0.189982 0.234571 0.144641 3 4 0
0.189876 0.234481 0.144548 3 4 0
0.189769 0.234392 0.144455 3 4 0
0.18966 0.234301 0.14436 3 4 0
0.189549 0.234207 0.144264 3 4 0
0.189437 0.234113 0.144167 3 4 0
0.189324 0.234019 0.144069 3 4 0
0.189209 0.233921 0.143969 3 4 0
0.189092 0.233824 0.143868 3 4 0
0.188974 0.233726 0.143766 3 4 0
0.188855 0.233626 0.143663 3 4 0
0.188734 0.233525 0.143559 3 4 0
0.188612 0.233423 0.143453 3 4 0
0.188488 0.233319 0.143346 3 4 0
0.188363 0.233215 0.143239 3 4 0
0.188237 0.233109 0.14313 3 4 0
0.188109 0.233001 0.14302 3 4 0
0.18798 0.232892 0.142909 3 4 0
0.18785 0.232782 0.142796 3 4 0
0.187718 0.232672 0.142683 3 4 0
0.187585 0.232561 0.142569 3 4 0
0.187451 0.232449 0.142453 3 4 0
0.187315 0.232336 0.142337 3 4 0
0.187179 0.232222 0.142219 3 4 0
0.187041 0.232106 0.142101 3 4 0
0.186902 0.231989 0.141981 3 4 0
0.186761 0.23187 0.141861 3 4 0
0.18662 0.231751 0.141739 3 4 0
0.186477 0.231631 0.141617 3 4 0
0.186333 0.231511 0.141494 3 4 0
0.186188 0.23139 0.14137 3 4 0
0.186042 0.231268 0.141245 3 4 0
0.185895 0.231145 0.141119 3 4 0
0.185747 0.23102 0.140992 3 4 0
0.185598 0.230893 0.140864 3 4 0
0.185447 0.230767 0.140735 3 4 0
0.185296 0.23064 0.140605 3 4 0
0.185144 0.230512 0.140475 3 4 0
0.18499 0.230384 0.140344 3 4 0
0.184836 0.230254 0.140212 3 4 0
0.18468 0.230123 0.140079 3 4 0
0.184524 0.229992 0.139945 3 4 0
0.184367 0.22986 0.139811 3 4 0
0.184209 0.229727 0.139676 3 4 0
0.184049 0.229593 0.13954 3 4 0
0.183889 0.229459 0.139403 3 4 0
0.183728 0.229325 0.139266 3 4 0
0.183566 0.229189 0.139127 3 4 0
0.183404 0.229052 0.138988 3 4 0
0.18324 0.228914 0.138849 3 4 0
0.183076 0.228775 0.138709 3 4 0
0.18291 0.228636 0.138567 3 4 0
0.182744 0.228498 0.138426 3 4 0
0.182577 0.228358 0.138284 3 4 0
0.18241 0.228217 0.13814 3 4 0
0.182241 0.228076 0.137997 3 4 0
0.182072 0.227933 0.137852 3 4 0
0.181902 0.22779 0.137707 3 4 0
0.181731 0.227645 0.137562 3 4 0
0.181559 0.227501 0.137416 3 4 0
0.181387 0.227356 0.137269 3 4 0
0.181214 0.227211 0.137121 3 4 0
0.18104 0.227065 0.136973 3 4 0
0.180866 0.226918 0.136825 3 4 0
0.180691 0.226772 0.136676 3 4 0
0.180515 0.226624 0.136526 3 4 0
0.180338 0.226476 0.136376 3 4 0
0.180161 0.226326 0.136225 3 4 0
0.179983 0.226177 0.136073 3 4 0
0.179805 0.226027 0.135921 3 4 0
0.179626 0.225876 0.135769 3 4 0
0.179446 0.225725 0.135616 3 4 0
0.179266 0.225573 0.135463 3 4 0
0.179085 0.225421 0.135309 3 4 0
0.178903 0.225268 0.135154 3 4 0
0.178721 0.225114 0.134999 3 4 0
0.178538 0.22496 0.134844 3 4 0
0.178355 0.224806 0.134688 3 4 0
0.178171 0.224651 0.134531 3 4 0
0.177986 0.224496 0.134375 3 4 0
0.177801 0.22434 0.134217 3 4 0
0.177616 0.224184 0.13406 3 4 0
0.17743 0.224027 0.133901 3 4 0
0.177243 0.22387 0.133743 3 4 0
0.177056 0.223712 0.133584 3 4 0
0.176868 0.223553 0.133424 3 4 0
0.17668 0.223395 0.133265 3 4 0
0.176491 0.223236 0.133104 3 4 0
0.176302 0.223077 0.132944 3 4 0
0.176112 0.222917 0.132783 3 4 0
0.175922 0.222757 0.132621 3 4 0
0.175731 0.222596 0.132459 3 4 0
0.17554 0.222434 0.132297 3 4 0
0.175349 0.222273 0.132134 3 4 0
0.175157 0.222112 0.131971 3 4 0
0.174964 0.22195 0.131808 3 4 0
0.174771 0.221787 0.131644 3 4 0
0.174578 0.221623 0.13148 3 4 0
0.174384 0.221459 0.131316 3 4 0
0.17419 0.221295 0.131151 3 4 0
0.173995 0.221133 0.130986 3 4 0
0.1738 0.220968 0.130821 3 4 0
0.173605 0.220803 0.130655 3 4 0
0.173409 0.220638 0.130489 3 4 0
0.173212 0.220472 0.130323 3 4 0
0.173016 0.220306 0.130156 3 4 0
0.172819 0.22014 0.129989 3 4 0
0.172621 0.219974 0.129821 3 4 0
0.172423 0.219807 0.129654 3 4 0
0.172225 0.21964 0.129486 3 4 0
0.172027 0.219472 0.129318 3 4 0
0.171828 0.219305 0.129149 3 4 0
0.171629 0.219136 0.128981 3 4 0
0.171429 0.218967 0.128811 3 4 0
0.171229 0.218798 0.128642 3 4 0
0.171029 0.21863 0.128473 3 4 0
0.170828 0.218461 0.128303 3 4 0
0.170627 0.218291 0.128133 3 4 0
0.170426 0.21812 0.127962 3 4 0
0.170224 0.21795 0.127792 3 4 0
0.170023 0.217779 0.127621 3 4 0
0.16982 0.217609 0.12745 3 4 0
0.169618 0.217438 0.127279 3 4 0
0.169415 0.217267 0.127107 3 4 0
0.169212 0.217095 0.126935 3 4 0
0.169009 0.216923 0.126763 3 4 0
0.168805 0.216751 0.126591 3 4 0
0.168601 0.21658 0.126419 3 4 0
0.168397 0.216407 0.126246 3 4 0
0.168192 0.216234 0.126073 3 4 0
0.167987 0.216061 0.1259 3 4 0
0.167782 0.215888 0.125726 3 4 0
0.167577 0.215714 0.125553 3 4 0
0.167371 0.21554 0.125379 3 4 0
0.167165 0.215366 0.125205 3 4 0
0.166959 0.215192 0.125031 3 4 0
0.166753 0.215017 0.124857 3 4 0
0.166546 0.214842 0.124682 3 4 0
0.16634 0.214667 0.124508 3 4 0
0.166132 0.214492 0.124333 3 4 0
0.165925 0.214317 0.124158 3 4 0
0.165718 0.214141 0.123983 3 4 0
0.16551 0.213967 0.123808 3 4 0
0.165302 0.213791 0.123632 3 4 0
0.165094 0.213615 0.123456 3 4 0
0.164885 0.213438 0.12328 3 4 0
0.164677 0.213262 0.123104 3 4 0
0.164468 0.213085 0.122928 3 4 0
0.164259 0.212908 0.122752 3 4 0
0.164049 0.212731 0.122575 3 4 0
0.16384 0.212554 0.122399 3 4 0
0.16363 0.212376 0.122222 3 4 0
0.16342 0.212198 0.122045 3 4 0
0.16321 0.21202 0.121868 3 4 0
0.163 0.211842 0.12169 3 4 0
0.16279 0.211664 0.121513 3 4 0
0.162579 0.211485 0.121336 3 4 0
0.162368 0.211307 0.121158 3 4 0
0.162157 0.211129 0.12098 3 4 0
0.161946 0.21095 0.120803 3 4 0
0.161735 0.210771 0.120625 3 4 0
0.161523 0.210591 0.120446 3 4 0
0.161312 0.210412 0.120268 3 4 0
0.1611 0.210233 0.12009 3 4 0
0.160888 0.210054 0.119911 3 4 0
0.160676 0.209874 0.119733 3 4 0
0.160464 0.209695 0.119554 3 4 0
0.160251 0.209515 0.119375 3 4 0
0.160039 0.209335 0.119197 3 4 0
0.159826 0.209154 0.119018 3 4 0
0.159613 0.208973 0.118839 3 4 0
0.1594 0.208793 0.11866 3 4 0
0.159187 0.208612 0.11848 3 4 0
0.158974 0.208431 0.118301 3 4 0
0.15876 0.20825 0.118122 3 4 0
0.158547 0.20807 0.117942 3 4 0
0.158333 0.207889 0.117762 3 4 0
0.158119 0.207708 0.117583 3 4 0
0.157905 0.207527 0.117403 3 4 0
0.157691 0.207345 0.117223 3 4 0
0.157477 0.207164 0.117043 3 4 0
0.157263 0.206982 0.116863 3 4 0
0.157049 0.2068 0.116683 3 4 0
0.156834 0.206618 0.116503 3 4 0
0.15662 0.206436 0.116323 3 4 0
0.156405 0.206254 0.116143 3 4 0
0.15619 0.206072 0.115963 3 4 0
0.155975 0.205889 0.115782 3 4 0
0.15576 0.205707 0.115602 3 4 0
0.155545 0.205524 0.115421 3 4 0
0.15533 0.205342 0.115241 3 4 0
0.155115 0.20516 0.11506 3 4 0
0.154899 0.204977 0.114879 3 4 0
0.154684 0.204794 0.114699 3 4 0
0.154468 0.204611 0.114518 3 4 0
0.154253 0.204428 0.114337 3 4 0
0.154037 0.204245 0.114156 3 4 0
0.153821 0.204061 0.113975 3 4 0
0.153605 0.203878 0.113794 3 4 0
0.153389 0.203695 0.113613 3 4 0
0.153173 0.203511 0.113432 3 4 0
0.152957 0.203328 0.113252 3 4 0
0.152741 0.203144 0.11307 3 4 0
0.152525 0.202961 0.112889 3 4 0
0.152309 0.202777 0.112708 3 4 0
0.152092 0.202593 0.112527 3 4 0
0.151876 0.202409 0.112346 3 4 0
0.15166 0.202225 0.112165 3 4 0
0.151443 0.202042 0.111983 3 4 0
0.151226 0.201858 0.111802 3 4 0
0.15101 0.201674 0.111621 3 4 0
0.150793 0.20149 0.11144 3 4 0
0.150576 0.201306 0.111258 3 4 0
0.15036 0.201121 0.111077 3 4 0
0.150143 0.200937 0.110896 3 4 0
0.149926 0.200753 0.110714 3 4 0
0.149709 0.200568 0.110533 3 4 0
0.149492 0.200383 0.110352 3 4 0
0.149275 0.200199 0.11017 3 4 0
0.149058 0.200015 0.109989 3 4 0
0.148841 0.19983 0.109808 3 4 0
0.148624 0.199645 0.109626 3 4 0
0.148407 0.199461 0.109445 3 4 0
0.14819 0.199277 0.109263 3 4 0
0.147972 0.199092 0.109082 3 4 0
0.147755 0.198907 0.108901 3 4 0
0.147538 0.198722 0.108719 3 4 0
0.147321 0.198538 0.108538 3 4 0
0.147103 0.198353 0.108357 3 4 0
0.146886 0.198168 0.108175 3 4 0
0.146669 0.197983 0.107994 3 4 0
0.146451 0.197798 0.107813 3 4 0
0.146234 0.197613 0.107632 3 4 0
0.146017 0.197428 0.10745 3 4 0
0.145799 0.197243 0.107269 3 4 0
0.145582 0.197058 0.107088 3 4 0
0.145365 0.196873 0.106907 3 4 0
0.145147 0.196688 0.106726 3 4 0
0.14493 0.196503 0.106544 3 4 0
0.144712 0.196318 0.106363 3 4 0
0.144495 0.196133 0.106182 3 4 0
0.144278 0.195948 0.106001 3 4 0
0.14406 0.195763 0.10582 3 4 0
0.143843 0.195578 0.105639 3 4 0
0.143625 0.195393 0.105458 3 4 0
0.143408 0.195208 0.105277 3 4 0
0.143191 0.195022 0.105096 3 4 0
0.142973 0.194837 0.104915 3 4 0
0.142756 0.194652 0.104735 3 4 0
0.142538 0.194467 0.104554 3 4 0
0.142321 0.194282 0.104373 3 4 0
0.142104 0.194097 0.104192 3 4 0
0.141886 0.193912 0.104011 3 4 0
0.141669 0.193727 0.103831 3 4 0
0.141452 0.193542 0.10365 3 4 0
0.141235 0.193356 0.10347 3 4 0
0.141017 0.193171 0.103289 3 4 0
0.1408 0.192986 0.103109 3 4 0
0.140583 0.192801 0.102929 3 4 0
0.140366 0.192615 0.102748 3 4 0
0.140149 0.19243 0.102568 3 4 0
0.139932 0.192245 0.102388 3 4 0
0.139715 0.192061 0.102207 3 4 0
0.139498 0.191875 0.102027 3 4 0
0.139281 0.19169 0.101847 3 4 0
0.139064 0.191506 0.101667 3 4 0
0.138847 0.191321 0.101487 3 4 0
0.13863 0.191136 0.101308 3 4 0
0.138413 0.190951 0.101128 3 4 0
0.138196 0.190766 0.100948 3 4 0
0.137979 0.190581 0.100768 3 4 0
0.137763 0.190396 0.100589 3 4 0
0.137546 0.190211 0.100409 3 4 0
0.137329 0.190027 0.10023 3 4 0
0.137113 0.189842 0.10005 3 4 0
0.136896 0.189657 0.0998709 3 4 0
0.13668 0.189473 0.0996916 3 4 0
0.136463 0.189288 0.0995125 3 4 0
0.136247 0.189103 0.0993333 3 4 0
0.136031 0.188918 0.0991544 3 4 0
0.135814 0.188734 0.0989754 3 4 0
0.135598 0.18855 0.0987966 3 4 0
0.135382 0.188365 0.0986179 3 4 0
0.135166 0.188181 0.0984391 3 4 0
0.13495 0.187996 0.0982606 3 4 0
0.134734 0.187812 0.0980823 3 4 0
0.134518 0.187628 0.0979036 3 4 0
0.134302 0.187443 0.0977254 3 4 0
0.134087 0.187259 0.0975471 3 4 0
0.133871 0.187076 0.0973689 3 4 0
0.133655 0.186892 0.0971908 3 4 0
0.13344 0.186708 0.0970127 3 4 0
0.133224 0.186523 0.096835 3 4 0
0.133009 0.186339 0.0966571 3 4 0
0.132794 0.186155 0.0964793 3 4 0
0.132578 0.185972 0.0963018 3 4 0
0.132363 0.185788 0.0961244 3 4 0
0.132148 0.185604 0.0959468 3 4 0
0.131933 0.185421 0.0957696 3 4 0
0.131718 0.185237 0.0955923 3 4 0
0.131503 0.185053 0.0954151 3 4 0
0.131289 0.18487 0.0952382 3 4 0
0.131074 0.184687 0.0950612 3 4 0
0.130859 0.184503 0.0948845 3 4 0
0.130645 0.184319 0.0947078 3 4 0
0.130431 0.184136 0.0945312 3 4 0
0.130216 0.183953 0.0943548 3 4 0
0.130002 0.18377 0.0941784 3 4 0
0.129788 0.183587 0.0940021 3 4 0
0.129574 0.183404 0.0938261 3 4 0
0.12936 0.183222 0.09365 3 4 0
0.129146 0.183039 0.0934741 3 4 0
0.128932 0.182856 0.0932985 3 4 0
0.128719 0.182673 0.0931227 3 4 0
0.128505 0.182491 0.0929471 3 4 0
0.128292 0.182308 0.0927718 3 4 0
0.128079 0.182126 0.0925964 3 4 0
0.127865 0.181943 0.0924212 3 4 0
0.127652 0.181761 0.0922463 3 4 0
0.127439 0.181579 0.0920713 3 4 0
0.127226 0.181397 0.0918967 3 4 0
0.127014 0.181215 0.0917218 3 4 0
0.126801 0.181033 0.0915472 3 4 0
0.126588 0.180851 0.0913729 3 4 0
0.126376 0.180669 0.0911987 3 4 0
0.126164 0.180488 0.0910243 3 4 0
0.125951 0.180306 0.0908504 3 4 0
0.125739 0.180124 0.0906767 3 4 0
0.125527 0.179943 0.0905027 3 4 0
0.125316 0.179762 0.0903291 3 4 0
0.125104 0.179581 0.0901557 3 4 0
0.124892 0.179399 0.0899823 3 4 0
0.124681 0.179218 0.0898092 3 4 0
0.124469 0.179038 0.0896362 3 4 0
0.124258 0.178857 0.0894631 3 4 0
0.124047 0.178676 0.0892905 3 4 0
0.123836 0.178495 0.0891178 3 4 0
0.123625 0.178315 0.0889452 3 4 0
0.123415 0.178135 0.088773 3 4 0
0.123204 0.177955 0.0886008 3 4 0
0.122994 0.177774 0.0884287 3 4 0
0.122783 0.177594 0.088257 3 4 0
0.122573 0.177414 0.0880851 3 4 0
0.122363 0.177234 0.0879137 3 4 0
0.122153 0.177054 0.0877421 3 4 0
0.121944 0.176875 0.0875707 3 4 0
0.121734 0.176695 0.0873998 3 4 0
0.121525 0.176515 0.0872287 3 4 0
0.121315 0.176336 0.0870578 3 4 0
0.121106 0.176157 0.0868874 3 4 0
0.120897 0.175978 0.0867168 3 4 0
0.120689 0.175799 0.0865464 3 4 0
0.12048 0.17562 0.0863763 3 4 0
0.120271 0.175442 0.0862064 3 4 0
0.120063 0.175263 0.0860365 3 4 0
0.119855 0.175085 0.0858668 3 4 0
0.119647 0.174906 0.0856974 3 4 0
0.119439 0.174728 0.0855281 3 4 0
0.119231 0.17455 0.0853588 3 4 0
0.119024 0.174372 0.0851898 3 4 0
0.118816 0.174194 0.0850211 3 4 0
0.118609 0.174016 0.0848524 3 4 0
0.118402 0.173839 0.0846839 3 4 0
0.118195 0.173661 0.0845156 3 4 0
0.117988 0.173484 0.0843475 3 4 0
0.117782 0.173307 0.0841796 3 4 0
0.117575 0.17313 0.0840119 3 4 0
0.117369 0.172953 0.0838443 3 4 0
0.117163 0.172776 0.083677 3 4 0
0.116957 0.172599 0.0835099 3 4 0
0.116751 0.172423 0.0833428 3 4 0
0.116546 0.172247 0.0831761 3 4 0
0.11634 0.172071 0.0830093 3 4 0
0.116135 0.171894 0.0828429 3 4 0
0.11593 0.171718 0.0826767 3 4 0
0.115725 0.171543 0.0825106 3 4 0
0.115521 0.171367 0.0823448 3 4 0
0.115316 0.171192 0.0821791 3 4 0
0.115112 0.171016 0.0820135 3 4 0
0.114908 0.170841 0.0818482 3 4 0
0.114704 0.170666 0.0816832 3 4 0
0.114501 0.170491 0.0815183 3 4 0
0.114297 0.170317 0.0813535 3 4 0
0.114094 0.170142 0.081189 3 4 0
0.113891 0.169968 0.0810249 3 4 0
0.113688 0.169793 0.0808606 3 4 0
0.113485 0.169619 0.0806967 3 4 0
0.113283 0.169446 0.0805331 3 4 0
0.113081 0.169271 0.0803696 3 4 0
0.112879 0.169098 0.0802063 3 4 0
0.112677 0.168925 0.0800432 3 4 0
0.112475 0.168752 0.0798805 3 4 0
0.112274 0.168578 0.0797178 3 4 0
0.112072 0.168405 0.0795553 3 4 0
0.111871 0.168233 0.0793932 3 4 0
0.111671 0.16806 0.0792312 3 4 0
0.11147 0.167888 0.0790694 3 4 0
0.11127 0.167715 0.0789079 3 4 0
0.11107 0.167544 0.0787466 3 4 0
0.11087 0.167372 0.0785855 3 4 0
0.11067 0.1672 0.0784246 3 4 0
0.11047 0.167029 0.0782639 3 4 0
0.110271 0.166857 0.0781035 3 4 0
0.110072 0.166686 0.0779433 3 4 0
0.109873 0.166515 0.0777833 3 4 0
0.109675 0.166344 0.0776236 3 4 0
0.109476 0.166174 0.0774642 3 4 0
0.109278 0.166004 0.0773049 3 4 0
0.10908 0.165833 0.0771458 3 4 0
0.108883 0.165663 0.0769872 3 4 0
0.108685 0.165494 0.0768285 3 4 0
0.108488 0.165324 0.0766701 3 4 0
0.108291 0.165154 0.0765122 3 4 0
0.108095 0.164985 0.0763544 3 4 0
0.107898 0.164816 0.0761967 3 4 0
0.107702 0.164647 0.0760392 3 4 0
0.107506 0.164479 0.0758821 3 4 0
0.107311 0.16431 0.0757253 3 4 0
0.107115 0.164142 0.0755686 3 4 0
0.10692 0.163974 0.0754122 3 4 0
0.106725 0.163806 0.0752562 3 4 0
0.10653 0.163638 0.0751003 3 4 0
0.106336 0.163471 0.0749447 3 4 0
0.106142 0.163304 0.0747893 3 4 0
0.105948 0.163137 0.0746342 3 4 0
0.105754 0.16297 0.0744794 3 4 0
0.105561 0.162804 0.0743249 3 4 0
0.105368 0.162638 0.0741705 3 4 0
0.105175 0.162472 0.0740165 3 4 0
0.104983 0.162306 0.0738627 3 4 0
0.10479 0.16214 0.0737092 3 4 0
0.104598 0.161975 0.0735559 3 4 0
0.104407 0.161809 0.0734029 3 4 0
0.104215 0.161645 0.0732504 3 4 0
0.104024 0.16148 0.0730979 3 4 0
0.103833 0.161315 0.0729456 3 4 0
0.103643 0.161151 0.0727939 3 4 0
0.103453 0.160987 0.0726423 3 4 0
0.103263 0.160823 0.0724909 3 4 0
0.103073 0.16066 0.0723398 3 4 0
0.102883 0.160496 0.0721891 3 4 0
0.102694 0.160333 0.0720387 3 4 0
0.102506 0.160171 0.0718883 3 4 0
0.102317 0.160008 0.0717384 3 4 0
0.102129 0.159846 0.0715888 3 4 0
0.101941 0.159684 0.0714395 3 4 0
0.101753 0.159522 0.0712904 3 4 0
0.101566 0.15936 0.0711417 3 4 0
0.101379 0.159199 0.0709933 3 4 0
0.101192 0.159038 0.0708451 3 4 0
0.101006 0.158877 0.0706973 3 4 0
0.10082 0.158717 0.0705499 3 4 0
0.100634 0.158556 0.0704027 3 4 0
0.100449 0.158396 0.0702557 3 4 0
0.100264 0.158236 0.070109 3 4 0
0.100079 0.158077 0.0699627 3 4 0
0.0998946 0.157918 0.0698167 3 4 0
0.0997106 0.157759 0.0696709 3 4 0
0.0995268 0.1576 0.0695255 3 4 0
0.0993434 0.157441 0.0693804 3 4 0
0.0991603 0.157284 0.0692357 3 4 0
0.0989775 0.157126 0.0690913 3 4 0
0.0987951 0.156968 0.0689471 3 4 0
0.0986131 0.156811 0.0688035 3 4 0
0.0984314 0.156653 0.06866 3 4 0
0.09825 0.156497 0.0685169 3 4 0
0.098069 0.156341 0.0683739 3 4 0
0.0978883 0.156185 0.0682315 3 4 0
