0.03 0.0132454 0.0132454 2 1 0
0.0300279 0.0132501 0.0132501 1 1 0
0.0300555 0.0132549 0.0132549 1 1 0
0.0301104 0.0132644 0.0132644 1 1 0
0.0302197 0.0132834 0.0132834 1 1 0
0.0303548 0.0133072 0.0133072 1 1 0
0.0304884 0.013331 0.013331 1 1 0
0.0306206 0.0133548 0.0133548 1 1 0
0.0307511 0.0133787 0.0133787 1 1 0
0.0308802 0.0134026 0.0134026 1 1 0
0.0310077 0.0134265 0.0134265 1 1 0
0.0311337 0.0134504 0.0134504 1 1 0
0.0312581 0.0134744 0.0134744 1 1 0
0.031381 0.0134984 0.0134984 1 1 0
0.0315024 0.0135224 0.0135224 1 1 0
0.0316222 0.0135465 0.0135465 1 1 0
0.0317404 0.0135705 0.0135705 1 1 0
0.0318571 0.0135946 0.0135946 1 1 0
0.0319723 0.0136188 0.0136188 1 1 0
0.0320859 0.0136429 0.0136429 1 1 0
0.0321979 0.0136671 0.0136671 1 1 0
0.0323084 0.0136913 0.0136913 1 1 0
0.0324173 0.0137155 0.0137155 1 1 0
0.0325246 0.0137398 0.0137398 1 1 0
0.0326304 0.013764 0.013764 1 1 0
0.0327346 0.0137883 0.0137883 1 1 0
0.0328373 0.0138126 0.0138126 1 1 0
0.0329384 0.013837 0.013837 1 1 0
0.0330379 0.0138613 0.0138613 1 1 0
0.0331358 0.0138857 0.0138857 1 1 0
0.0332322 0.0139101 0.0139101 1 1 0
0.033327 0.0139346 0.0139346 1 1 0
0.0334202 0.013959 0.013959 1 1 0
0.0335119 0.0139835 0.0139835 1 1 0
0.033602 0.014008 0.014008 1 1 0
0.0336905 0.0140326 0.0140326 1 1 0
0.0337774 0.0140571 0.0140571 1 1 0
0.0338628 0.0140817 0.0140817 1 1 0
0.0339466 0.0141063 0.0141063 1 1 0
0.0340289 0.0141309 0.0141309 1 1 0
0.0341095 0.0141556 0.0141556 1 1 0
0.0341886 0.0141803 0.0141803 1 1 0
0.0342662 0.014205 0.014205 1 1 0
0.0343422 0.0142297 0.0142297 1 1 0
0.0344166 0.0142544 0.0142544 1 1 0
0.0344894 0.0142792 0.0142792 1 1 0
0.0345607 0.014304 0.014304 1 1 0
0.0346304 0.0143288 0.0143288 1 1 0
0.0346986 0.0143537 0.0143537 1 1 0
0.0347652 0.0143786 0.0143786 1 1 0
0.0348303 0.0144035 0.0144035 1 1 0
0.0348938 0.0144284 0.0144284 1 1 0
0.0349558 0.0144533 0.0144533 1 1 0
0.0350162 0.0144783 0.0144783 1 1 0
0.0350751 0.0145033 0.0145033 1 1 0
0.0351325 0.0145283 0.0145283 1 1 0
0.0351883 0.0145534 0.0145534 1 1 0
0.0352427 0.0145785 0.0145785 1 1 0
0.0352955 0.0146036 0.0146036 1 1 0
0.0353467 0.0146287 0.0146287 1 1 0
0.0353965 0.0146539 0.0146539 1 1 0
0.0354448 0.0146791 0.0146791 1 1 0
0.0354915 0.0147043 0.0147043 1 1 0
0.0355368 0.0147296 0.0147296 1 1 0
0.0355806 0.0147549 0.0147549 1 1 0
0.0356228 0.0147802 0.0147802 1 1 0
0.0356637 0.0148055 0.0148055 1 1 0
0.035703 0.0148309 0.0148309 1 1 0
0.0357409 0.0148563 0.0148563 1 1 0
0.0357773 0.0148818 0.0148818 1 1 0
0.0358122 0.0149072 0.0149072 1 1 0
0.0358458 0.0149328 0.0149328 1 1 0
0.0358778 0.0149583 0.0149583 1 1 0
0.0359085 0.0149839 0.0149839 1 1 0
0.0359377 0.0150095 0.0150095 1 1 0
0.0359655 0.0150352 0.0150352 1 1 0
0.0359919 0.0150608 0.0150608 1 1 0
0.036017 0.0150866 0.0150866 1 1 0
0.0360406 0.0151123 0.0151123 1 1 0
0.0360628 0.0151382 0.0151382 1 1 0
0.0360837 0.015164 0.015164 1 1 0
0.0361032 0.0151899 0.0151899 1 1 0
0.0361214 0.0152158 0.0152158 1 1 0
0.0361382 0.0152418 0.0152418 1 1 0
0.0361537 0.0152678 0.0152678 1 1 0
0.0361679 0.0152939 0.0152939 1 1 0
0.0361808 0.01532 0.01532 1 1 0
0.0361923 0.0153461 0.0153461 1 1 0
0.0362026 0.0153723 0.0153723 1 1 0
0.0362116 0.0153986 0.0153986 1 1 0
0.0362193 0.0154249 0.0154249 1 1 0
0.0362258 0.0154512 0.0154512 1 1 0
0.036231 0.0154776 0.0154776 1 1 0
0.036235 0.0155041 0.0155041 1 1 0
0.0362378 0.0155306 0.0155306 1 1 0
0.0362394 0.0155571 0.0155571 1 1 0
0.0362398 0.015579 0.015579 2 1 0
0.0362392 0.0156056 0.0156056 2 1 0
0.0362374 0.0156323 0.0156323 2 1 0
0.0362345 0.0156591 0.0156591 2 1 0
0.0362305 0.0156859 0.0156859 2 1 0
0.0362253 0.0157128 0.0157128 2 1 0
0.0362189 0.0157398 0.0157398 2 1 0
0.0362115 0.0157668 0.0157668 2 1 0
0.036203 0.0157939 0.0157939 2 1 0
0.0361934 0.015821 0.015821 2 1 0
0.0361827 0.0158482 0.0158482 2 1 0
0.036171 0.0158755 0.0158755 2 1 0
0.0361582 0.0159028 0.0159028 2 1 0
0.0361444 0.0159302 0.0159302 2 1 0
0.0361296 0.0159577 0.0159577 2 1 0
0.0361138 0.0159853 0.0159853 2 1 0
0.0360971 0.0160129 0.0160129 2 1 0
0.0360793 0.0160406 0.0160406 2 1 0
0.0360606 0.0160684 0.0160684 2 1 0
0.036041 0.0160962 0.0160962 2 1 0
0.0360204 0.0161241 0.0161241 2 1 0
0.035999 0.0161522 0.0161522 2 1 0
0.0359766 0.0161803 0.0161803 2 1 0
0.0359534 0.0162084 0.0162084 2 1 0
0.0359293 0.0162367 0.0162367 2 1 0
0.0359043 0.016265 0.016265 2 1 0
0.0358785 0.0162935 0.0162935 2 1 0
0.0358519 0.016322 0.016322 2 1 0
0.0358245 0.0163506 0.0163506 2 1 0
0.0357963 0.0163793 0.0163793 2 1 0
0.0357673 0.0164081 0.0164081 2 1 0
0.0357376 0.016437 0.016437 2 1 0
0.0357071 0.016466 0.016466 2 1 0
0.0356758 0.016495 0.016495 2 1 0
0.0356439 0.0165242 0.0165242 2 1 0
0.0356113 0.0165535 0.0165535 2 1 0
0.0355779 0.0165829 0.0165829 2 1 0
0.035544 0.0166124 0.0166124 2 1 0
0.0355093 0.0166419 0.0166419 2 1 0
0.035474 0.0166716 0.0166716 2 1 0
0.0354381 0.0167014 0.0167014 2 1 0
0.0354016 0.0167313 0.0167313 2 1 0
0.0353644 0.0167613 0.0167613 2 1 0
0.0353267 0.0167914 0.0167914 2 1 0
0.0352884 0.0168217 0.0168217 2 1 0
0.0352496 0.016852 0.016852 2 1 0
0.0352102 0.0168825 0.0168825 2 1 0
0.0351703 0.0169131 0.0169131 2 1 0
0.0351299 0.0169438 0.0169438 2 1 0
0.035089 0.0169746 0.0169746 2 1 0
0.0350476 0.0170055 0.0170055 2 1 0
0.0350057 0.0170366 0.0170366 2 1 0
0.0349634 0.0170678 0.0170678 2 1 0
0.0349207 0.0170991 0.0170991 2 1 0
0.0348775 0.0171305 0.0171305 2 1 0
0.0348339 0.0171621 0.0171621 2 1 0
0.0347899 0.0171938 0.0171938 2 1 0
0.0347455 0.0172256 0.0172256 2 1 0
0.0347007 0.0172576 0.0172576 2 1 0
0.0346556 0.0172897 0.0172897 2 1 0
0.0346101 0.0173219 0.0173219 2 1 0
0.0345643 0.0173543 0.0173543 2 1 0
0.0345181 0.0173868 0.0173868 2 1 0
0.0344717 0.0174195 0.0174195 2 1 0
0.0344249 0.0174523 0.0174523 2 1 0
0.0343779 0.0174852 0.0174852 2 1 0
0.0343306 0.0175183 0.0175183 2 1 0
0.034283 0.0175515 0.0175515 2 1 0
0.0342352 0.0175849 0.0175849 2 1 0
0.0341871 0.0176184 0.0176184 2 1 0
0.0341389 0.0176521 0.0176521 2 1 0
0.0340904 0.0176859 0.0176859 2 1 0
0.0340416 0.0177199 0.0177199 2 1 0
0.0339928 0.017754 0.017754 2 1 0
0.0339437 0.0177883 0.0177883 2 1 0
0.0338944 0.0178227 0.0178227 2 1 0
0.033845 0.0178574 0.0178574 2 1 0
0.0337955 0.0178921 0.0178921 2 1 0
0.0337458 0.0179271 0.0179271 2 1 0
0.033696 0.0179621 0.0179621 2 1 0
0.033646 0.0179974 0.0179974 2 1 0
0.033596 0.0180328 0.0180328 2 1 0
0.0335458 0.0180684 0.0180684 2 1 0
0.0334956 0.0181042 0.0181042 2 1 0
0.0334453 0.0181401 0.0181401 2 1 0
0.0333949 0.0181762 0.0181762 2 1 0
0.0333445 0.0182125 0.0182125 2 1 0
0.033294 0.0182489 0.0182489 2 1 0
0.0332435 0.0182856 0.0182856 2 1 0
0.0331929 0.0183224 0.0183224 2 1 0
0.0331423 0.0183593 0.0183593 2 1 0
0.0330917 0.0183965 0.0183965 2 1 0
0.0330411 0.0184339 0.0184339 2 1 0
0.0329905 0.0184714 0.0184714 2 1 0
0.0329399 0.0185091 0.0185091 2 1 0
0.0328893 0.018547 0.018547 2 1 0
0.0328388 0.0185851 0.0185851 2 1 0
0.0327883 0.0186233 0.0186233 2 1 0
0.0327378 0.0186618 0.0186618 2 1 0
0.0326874 0.0187004 0.0187004 2 1 0
0.032637 0.0187393 0.0187393 2 1 0
0.0325868 0.0187783 0.0187783 2 1 0
0.0325365 0.0188175 0.0188175 2 1 0
0.0324864 0.018857 0.018857 2 1 0
0.0324363 0.0188966 0.0188966 2 1 0
0.0323864 0.0189364 0.0189364 2 1 0
0.0323365 0.0189764 0.0189764 2 1 0
0.0322867 0.0190166 0.0190166 2 1 0
0.0322371 0.019057 0.019057 2 1 0
0.0321876 0.0190977 0.0190977 2 1 0
0.0321382 0.0191385 0.0191385 2 1 0
0.0320889 0.0191795 0.0191795 2 1 0
0.0320397 0.0192208 0.0192208 2 1 0
0.0319907 0.0192622 0.0192622 2 1 0
0.0319419 0.0193039 0.0193039 2 1 0
0.0318932 0.0193457 0.0193457 2 1 0
0.0318447 0.0193878 0.0193878 2 1 0
0.0317963 0.0194301 0.0194301 2 1 0
0.0317481 0.0194726 0.0194726 2 1 0
0.0317001 0.0195153 0.0195153 2 1 0
0.0316523 0.0195583 0.0195583 2 1 0
0.0316046 0.0196014 0.0196014 2 1 0
0.0315571 0.0196448 0.0196448 2 1 0
0.0315099 0.0196884 0.0196884 2 1 0
0.0314628 0.0197322 0.0197322 2 1 0
0.0314159 0.0197762 0.0197762 2 1 0
0.0313693 0.0198205 0.0198205 2 1 0
0.0313228 0.019865 0.019865 2 1 0
0.0312766 0.0199097 0.0199097 2 1 0
0.0312306 0.0199546 0.0199546 2 1 0
0.0311848 0.0199998 0.0199998 2 1 0
0.0311392 0.0200452 0.0200452 2 1 0
0.0310939 0.0200908 0.0200908 2 1 0
0.0310488 0.0201366 0.0201366 2 1 0
0.031004 0.0201827 0.0201827 2 1 0
0.0309594 0.020229 0.020229 2 1 0
0.030915 0.0202756 0.0202756 2 1 0
0.030871 0.0203224 0.0203224 2 1 0
0.0308271 0.0203694 0.0203694 2 1 0
0.0307835 0.0204167 0.0204167 2 1 0
0.0307402 0.0204641 0.0204641 2 1 0
0.0306971 0.0205119 0.0205119 2 1 0
0.0306544 0.0205599 0.0205599 2 1 0
0.0306118 0.0206081 0.0206081 2 1 0
0.0305696 0.0206565 0.0206565 2 1 0
0.0305276 0.0207052 0.0207052 2 1 0
0.0304859 0.0207542 0.0207542 2 1 0
0.0304445 0.0208034 0.0208034 2 1 0
0.0304034 0.0208528 0.0208528 2 1 0
0.0303626 0.0209025 0.0209025 2 1 0
0.0303221 0.0209524 0.0209524 2 1 0
0.0302818 0.0210026 0.0210026 2 1 0
0.0302419 0.021053 0.021053 2 1 0
0.0302022 0.0211037 0.0211037 2 1 0
0.0301629 0.0211546 0.0211546 2 1 0
0.0301238 0.0212058 0.0212058 2 1 0
0.0300851 0.0212573 0.0212573 2 1 0
0.0300466 0.021309 0.021309 2 1 0
0.0300085 0.0213609 0.0213609 2 1 0
0.0299707 0.0214131 0.0214131 2 1 0
0.0299332 0.0214656 0.0214656 2 1 0
0.029896 0.0215183 0.0215183 2 1 0
0.0298592 0.0215713 0.0215713 2 1 0
0.0298226 0.0216245 0.0216245 2 1 0
0.0297864 0.021678 0.021678 2 1 0
0.0297505 0.0217317 0.0217317 2 1 0
0.0297149 0.0217858 0.0217858 2 1 0
0.0296797 0.02184 0.02184 2 1 0
0.0296448 0.0218946 0.0218946 2 1 0
0.0296102 0.0219494 0.0219494 2 1 0
0.0295759 0.0220045 0.0220045 2 1 0
0.029542 0.0220598 0.0220598 2 1 0
0.0295084 0.0221154 0.0221154 2 1 0
0.0294752 0.0221713 0.0221713 2 1 0
0.0294423 0.0222274 0.0222274 2 1 0
0.0294098 0.0222838 0.0222838 2 1 0
0.0293775 0.0223405 0.0223405 2 1 0
0.0293457 0.0223974 0.0223974 2 1 0
0.0293141 0.0224547 0.0224547 2 1 0
0.029283 0.0225122 0.0225122 2 1 0
0.0292521 0.0225699 0.0225699 2 1 0
0.0292216 0.0226279 0.0226279 2 1 0
0.0291915 0.0226863 0.0226863 2 1 0
0.0291617 0.0227448 0.0227448 2 1 0
0.0291323 0.0228037 0.0228037 2 1 0
0.0291032 0.0228628 0.0228628 2 1 0
0.0290745 0.0229222 0.0229222 2 1 0
0.0290462 0.0229819 0.0229819 2 1 0
0.0290182 0.0230419 0.0230419 2 1 0
0.0289906 0.0231021 0.0231021 2 1 0
0.0289633 0.0231626 0.0231626 2 1 0
0.0289364 0.0232234 0.0232234 2 1 0
0.0289098 0.0232845 0.0232845 2 1 0
0.0288837 0.0233458 0.0233458 2 1 0
0.0288578 0.0234074 0.0234074 2 1 0
0.0288324 0.0234693 0.0234693 2 1 0
0.0288073 0.0235315 0.0235315 2 1 0
0.0287826 0.023594 0.023594 2 1 0
0.0287583 0.0236568 0.0236568 2 1 0
0.0287343 0.0237198 0.0237198 2 1 0
0.0287107 0.0237831 0.0237831 2 1 0
0.0286875 0.0238467 0.0238467 2 1 0
0.0286647 0.0239106 0.0239106 2 1 0
0.0286422 0.0239748 0.0239748 2 1 0
0.0286202 0.0240392 0.0240392 2 1 0
0.0285985 0.024104 0.024104 2 1 0
0.0285771 0.024169 0.024169 2 1 0
0.0285562 0.0242343 0.0242343 2 1 0
0.0285357 0.0242999 0.0242999 2 1 0
0.0285155 0.0243658 0.0243658 2 1 0
0.0284957 0.0244319 0.0244319 2 1 0
0.0284763 0.0244984 0.0244984 2 1 0
0.0284573 0.0245651 0.0245651 2 1 0
0.0284387 0.0246321 0.0246321 2 1 0
0.0284204 0.0246995 0.0246995 2 1 0
0.0284026 0.0247671 0.0247671 2 1 0
0.0283851 0.024835 0.024835 2 1 0
0.0283681 0.0249031 0.0249031 2 1 0
0.0283514 0.0249716 0.0249716 2 1 0
0.0283351 0.0250404 0.0250404 2 1 0
0.0283192 0.0251094 0.0251094 2 1 0
0.0283038 0.0251787 0.0251787 2 1 0
0.0282887 0.0252484 0.0252484 2 1 0
0.028274 0.0253183 0.0253183 2 1 0
0.0282597 0.0253885 0.0253885 2 1 0
0.0282458 0.025459 0.025459 2 1 0
0.0282324 0.0255297 0.0255297 2 1 0
0.0282193 0.0256008 0.0256008 2 1 0
0.0282066 0.0256722 0.0256722 2 1 0
0.0281944 0.0257438 0.0257438 2 1 0
0.0281825 0.0258158 0.0258158 2 1 0
0.028171 0.025888 0.025888 2 1 0
0.02816 0.0259605 0.0259605 2 1 0
0.0281494 0.0260333 0.0260333 2 1 0
0.0281392 0.0261064 0.0261064 2 1 0
0.0281294 0.0261798 0.0261798 2 1 0
0.02812 0.0262535 0.0262535 2 1 0
0.028111 0.0263275 0.0263275 2 1 0
0.0281024 0.0264017 0.0264017 2 1 0
0.0280943 0.0264763 0.0264763 2 1 0
0.0280866 0.0265511 0.0265511 2 1 0
0.0280793 0.0266262 0.0266262 2 1 0
0.0280724 0.0267017 0.0267017 2 1 0
0.0280659 0.0267774 0.0267774 2 1 0
0.0280599 0.0268534 0.0268534 2 1 0
0.0280543 0.0269297 0.0269297 2 1 0
0.0280491 0.0270062 0.0270062 2 1 0
0.0280443 0.0270831 0.0270831 2 1 0
0.02804 0.0271603 0.0271603 2 1 0
0.0280361 0.0272377 0.0272377 2 1 0
0.0280326 0.0273154 0.0273154 2 1 0
0.0280296 0.0273935 0.0273935 2 1 0
0.028027 0.0274718 0.0274718 2 1 0
0.0280248 0.0275504 0.0275504 2 1 0
0.0280231 0.0276293 0.0276293 2 1 0
0.0280218 0.0277084 0.0277084 2 1 0
0.0280209 0.0277879 0.0277879 2 1 0
0.0280205 0.0278676 0.0278676 2 1 0
0.0280205 0.0279031 0.0279031 2 1 0
0.0280207 0.0279832 0.0279832 2 1 0
0.0280214 0.0280637 0.0280637 2 1 0
0.0280225 0.0281444 0.0281444 2 1 0
0.028024 0.0282254 0.0282254 2 1 0
0.028026 0.0283067 0.0283067 2 1 0
0.0280285 0.0283883 0.0283883 2 1 0
0.0280314 0.0284702 0.0284702 2 1 0
0.0280347 0.0285524 0.0285524 2 1 0
0.0280385 0.0286348 0.0286348 2 1 0
0.0280428 0.0287175 0.0287175 2 1 0
0.0280475 0.0288005 0.0288005 2 1 0
0.0280527 0.0288838 0.0288838 2 1 0
0.0280583 0.0289674 0.0289674 2 1 0
0.0280644 0.0290512 0.0290512 2 1 0
0.0280709 0.0291354 0.0291354 2 1 0
0.028078 0.0292198 0.0292198 2 1 0
0.0280854 0.0293045 0.0293045 2 1 0
0.0280934 0.0293894 0.0293894 2 1 0
0.0281018 0.0294747 0.0294747 2 1 0
0.0281107 0.0295602 0.0295602 2 1 0
0.02812 0.029646 0.029646 2 1 0
0.0281298 0.0297321 0.0297321 2 1 0
0.0281401 0.0298185 0.0298185 2 1 0
0.0281509 0.0299051 0.0299051 2 1 0
0.0281621 0.029992 0.029992 2 1 0
0.0281738 0.0300792 0.0300792 2 1 0
0.028186 0.0301667 0.0301667 2 1 0
0.0281987 0.0302545 0.0302545 2 1 0
0.0282119 0.0303425 0.0303425 2 1 0
0.0282255 0.0304308 0.0304308 2 1 0
0.0282396 0.0305193 0.0305193 2 1 0
0.0282542 0.0306081 0.0306081 2 1 0
0.0282693 0.0306973 0.0306973 2 1 0
0.0282849 0.0307866 0.0307866 2 1 0
0.028301 0.0308763 0.0308763 2 1 0
0.0283175 0.0309662 0.0309662 2 1 0
0.0283346 0.0310564 0.0310564 2 1 0
0.0283522 0.0311468 0.0311468 2 1 0
0.0283702 0.0312375 0.0312375 2 1 0
0.0283888 0.0313285 0.0313285 2 1 0
0.0284078 0.0314198 0.0314198 2 1 0
0.0284274 0.0315113 0.0315113 2 1 0
0.0284474 0.0316031 0.0316031 2 1 0
0.028468 0.0316951 0.0316951 2 1 0
0.028489 0.0317874 0.0317874 2 1 0
0.0285106 0.03188 0.03188 2 1 0
0.0285327 0.0319728 0.0319728 2 1 0
0.0285553 0.0320659 0.0320659 2 1 0
0.0285783 0.0321593 0.0321593 2 1 0
0.028602 0.0322529 0.0322529 2 1 0
0.0286261 0.0323468 0.0323468 2 1 0
0.0286507 0.0324409 0.0324409 2 1 0
0.0286759 0.0325353 0.0325353 2 1 0
0.0287016 0.0326299 0.0326299 2 1 0
0.0287278 0.0327248 0.0327248 2 1 0
0.0287545 0.03282 0.03282 2 1 0
0.0287817 0.0329154 0.0329154 2 1 0
0.0288095 0.033011 0.033011 2 1 0
0.0288378 0.0331069 0.0331069 2 1 0
0.0288666 0.0332031 0.0332031 2 1 0
0.028896 0.0332995 0.0332995 2 1 0
0.0289259 0.0333962 0.0333962 2 1 0
0.0289563 0.0334931 0.0334931 2 1 0
0.0289872 0.0335903 0.0335903 2 1 0
0.0290187 0.0336877 0.0336877 2 1 0
0.0290507 0.0337853 0.0337853 2 1 0
0.0290833 0.0338832 0.0338832 2 1 0
0.0291164 0.0339814 0.0339814 2 1 0
0.02915 0.0340797 0.0340797 2 1 0
0.0291842 0.0341784 0.0341784 2 1 0
0.029219 0.0342773 0.0342773 2 1 0
0.0292542 0.0343764 0.0343764 2 1 0
0.0292901 0.0344757 0.0344757 2 1 0
0.0293265 0.0345753 0.0345753 2 1 0
0.0293634 0.0346752 0.0346752 2 1 0
0.0294009 0.0347752 0.0347752 2 1 0
0.0294389 0.0348755 0.0348755 2 1 0
0.0294775 0.0349761 0.0349761 2 1 0
0.0295166 0.0350769 0.0350769 2 1 0
0.0295563 0.0351779 0.0351779 2 1 0
0.0295966 0.0352791 0.0352791 2 1 0
0.0296374 0.0353806 0.0353806 2 1 0
0.0296788 0.0354823 0.0354823 2 1 0
0.0297208 0.0355842 0.0355842 2 1 0
0.0297633 0.0356864 0.0356864 2 1 0
0.0298064 0.0357888 0.0357888 2 1 0
0.02985 0.0358914 0.0358914 2 1 0
0.0298942 0.0359943 0.0359943 2 1 0
0.029939 0.0360974 0.0360974 2 1 0
0.0299844 0.0362007 0.0362007 2 1 0
0.0300303 0.0363042 0.0363042 2 1 0
0.0300768 0.036408 0.036408 2 1 0
0.0301239 0.0365119 0.0365119 2 1 0
0.0301716 0.0366161 0.0366161 2 1 0
0.0302198 0.0367205 0.0367205 2 1 0
0.0302686 0.0368252 0.0368252 2 1 0
0.0303181 0.03693 0.03693 2 1 0
0.030368 0.0370351 0.0370351 2 1 0
0.0304186 0.0371404 0.0371404 2 1 0
0.0304698 0.0372459 0.0372459 2 1 0
0.0305215 0.0373516 0.0373516 2 1 0
0.0305739 0.0374575 0.0374575 2 1 0
0.0306268 0.0375637 0.0375637 2 1 0
0.0306803 0.03767 0.03767 2 1 0
0.0307344 0.0377766 0.0377766 2 1 0
0.0307891 0.0378834 0.0378834 2 1 0
0.0308444 0.0379904 0.0379904 2 1 0
0.0309003 0.0380976 0.0380976 2 1 0
0.0309568 0.038205 0.038205 2 1 0
0.0310139 0.0383126 0.0383126 2 1 0
0.0310716 0.0384204 0.0384204 2 1 0
0.0311299 0.0385284 0.0385284 2 1 0
0.0311888 0.0386366 0.0386366 2 1 0
0.0312483 0.0387451 0.0387451 2 1 0
0.0313084 0.0388537 0.0388537 2 1 0
0.0313691 0.0389625 0.0389625 2 1 0
0.0314304 0.0390715 0.0390715 2 1 0
0.0314924 0.0391808 0.0391808 2 1 0
0.0315549 0.0392902 0.0392902 2 1 0
0.0316181 0.0393998 0.0393998 2 1 0
0.0316818 0.0395096 0.0395096 2 1 0
0.0317462 0.0396196 0.0396196 2 1 0
0.0318112 0.0397298 0.0397298 2 1 0
0.0318768 0.0398402 0.0398402 2 1 0
0.031943 0.0399508 0.0399508 2 1 0
0.0320099 0.0400616 0.0400616 2 1 0
0.0320773 0.0401726 0.0401726 2 1 0
0.0321454 0.0402837 0.0402837 2 1 0
0.0322141 0.0403951 0.0403951 2 1 0
0.0322835 0.0405066 0.0405066 2 1 0
0.0323534 0.0406183 0.0406183 2 1 0
0.032424 0.0407302 0.0407302 2 1 0
0.0324952 0.0408423 0.0408423 2 1 0
0.032567 0.0409546 0.0409546 2 1 0
0.0326395 0.0410671 0.0410671 2 1 0
0.0327126 0.0411797 0.0411797 2 1 0
0.0327863 0.0412925 0.0412925 2 1 0
0.0328606 0.0414055 0.0414055 2 1 0
0.0329356 0.0415187 0.0415187 2 1 0
0.0330112 0.0416321 0.0416321 2 1 0
0.0330875 0.0417456 0.0417456 2 1 0
0.0331644 0.0418593 0.0418593 2 1 0
0.0332419 0.0419732 0.0419732 2 1 0
0.03332 0.0420873 0.0420873 2 1 0
0.0333988 0.0422015 0.0422015 2 1 0
0.0334783 0.0423159 0.0423159 2 1 0
0.0335584 0.0424305 0.0424305 2 1 0
0.0336391 0.0425453 0.0425453 2 1 0
0.0337204 0.0426602 0.0426602 2 1 0
0.0338024 0.0427753 0.0427753 2 1 0
0.0338851 0.0428906 0.0428906 2 1 0
0.0339684 0.043006 0.043006 2 1 0
0.0340523 0.0431216 0.0431216 2 1 0
0.0341369 0.0432373 0.0432373 2 1 0
0.0342221 0.0433533 0.0433533 2 1 0
0.034308 0.0434694 0.0434694 2 1 0
0.0343945 0.0435856 0.0435856 2 1 0
0.0344817 0.043702 0.043702 2 1 0
0.0345695 0.0438186 0.0438186 2 1 0
0.034658 0.0439353 0.0439353 2 1 0
0.0347471 0.0440522 0.0440522 2 1 0
0.0348369 0.0441693 0.0441693 2 1 0
0.0349274 0.0442865 0.0442865 2 1 0
0.0350185 0.0444039 0.0444039 2 1 0
0.0351102 0.0445214 0.0445214 2 1 0
0.0352026 0.0446391 0.0446391 2 1 0
0.0352957 0.0447569 0.0447569 2 1 0
0.0353894 0.0448749 0.0448749 2 1 0
0.0354838 0.0449931 0.0449931 2 1 0
0.0355788 0.0451114 0.0451114 2 1 0
0.0356745 0.0452298 0.0452298 2 1 0
0.0357709 0.0453484 0.0453484 2 1 0
0.0358679 0.0454672 0.0454672 2 1 0
0.0359656 0.045586 0.045586 2 1 0
0.036064 0.0457051 0.0457051 2 1 0
0.036163 0.0458243 0.0458243 2 1 0
0.0362627 0.0459436 0.0459436 2 1 0
0.036363 0.0460631 0.0460631 2 1 0
0.036464 0.0461827 0.0461827 2 1 0
0.0365657 0.0463025 0.0463025 2 1 0
0.0366681 0.0464224 0.0464224 2 1 0
0.0367711 0.0465425 0.0465425 2 1 0
0.0368748 0.0466627 0.0466627 2 1 0
0.0369791 0.046783 0.046783 2 1 0
0.0370841 0.0469035 0.0469035 2 1 0
0.0371898 0.0470241 0.0470241 2 1 0
0.0372962 0.0471449 0.0471449 2 1 0
0.0374032 0.0472657 0.0472657 2 1 0
0.0375109 0.0473868 0.0473868 2 1 0
0.0376193 0.0475079 0.0475079 2 1 0
0.0377284 0.0476292 0.0476292 2 1 0
0.0378381 0.0477507 0.0477507 2 1 0
0.0379485 0.0478722 0.0478722 2 1 0
0.0380596 0.0479939 0.0479939 2 1 0
0.0381713 0.0481158 0.0481158 2 1 0
0.0382838 0.0482377 0.0482377 2 1 0
0.0383969 0.0483598 0.0483598 2 1 0
0.0385107 0.0484821 0.0484821 2 1 0
0.0386251 0.0486044 0.0486044 2 1 0
0.0387403 0.0487269 0.0487269 2 1 0
0.0388561 0.0488495 0.0488495 2 1 0
0.0389726 0.0489722 0.0489722 2 1 0
0.0390898 0.0490951 0.0490951 2 1 0
0.0392076 0.0492181 0.0492181 2 1 0
0.0393262 0.0493412 0.0493412 2 1 0
0.0394454 0.0494644 0.0494644 2 1 0
0.0395653 0.0495878 0.0495878 2 1 0
0.0396859 0.0497113 0.0497113 2 1 0
0.0398071 0.0498349 0.0498349 2 1 0
0.0399291 0.0499586 0.0499586 2 1 0
0.0400517 0.0500824 0.0500824 2 1 0
0.040175 0.0502064 0.0502064 2 1 0
0.040299 0.0503305 0.0503305 2 1 0
0.0404237 0.0504547 0.0504547 2 1 0
0.0405491 0.050579 0.050579 2 1 0
0.0406751 0.0507034 0.0507034 2 1 0
0.0408019 0.050828 0.050828 2 1 0
0.0409293 0.0509526 0.0509526 2 1 0
0.0410574 0.0510774 0.0510774 2 1 0
0.0411862 0.0512023 0.0512023 2 1 0
0.0413157 0.0513273 0.0513273 2 1 0
0.0414459 0.0514524 0.0514524 2 1 0
0.0415767 0.0515777 0.0515777 2 1 0
0.0417083 0.051703 0.051703 2 1 0
0.0418405 0.0518285 0.0518285 2 1 0
0.0419735 0.051954 0.051954 2 1 0
0.0421071 0.0520797 0.0520797 2 1 0
0.0422414 0.0522055 0.0522055 2 1 0
0.0423764 0.0523314 0.0523314 2 1 0
0.0425121 0.0524574 0.0524574 2 1 0
0.0426484 0.0525835 0.0525835 2 1 0
0.0427855 0.0527097 0.0527097 2 1 0
0.0429233 0.052836 0.052836 2 1 0
0.0430617 0.0529624 0.0529624 2 1 0
0.0432008 0.0530889 0.0530889 2 1 0
0.0433407 0.0532155 0.0532155 2 1 0
0.0434812 0.0533423 0.0533423 2 1 0
0.0436224 0.0534691 0.0534691 2 1 0
0.0437643 0.053596 0.053596 2 1 0
0.0439069 0.0537231 0.0537231 2 1 0
0.0440502 0.0538502 0.0538502 2 1 0
0.0441942 0.0539774 0.0539774 2 1 0
0.0443388 0.0541048 0.0541048 2 1 0
0.0444842 0.0542322 0.0542322 2 1 0
0.0446303 0.0543597 0.0543597 2 1 0
0.044777 0.0544873 0.0544873 2 1 0
0.0449245 0.0546151 0.0546151 2 1 0
0.0450726 0.0547429 0.0547429 2 1 0
0.0452215 0.0548708 0.0548708 2 1 0
0.045371 0.0549988 0.0549988 2 1 0
0.0455212 0.0551269 0.0551269 2 1 0
0.0456721 0.0552551 0.0552551 2 1 0
0.0458237 0.0553834 0.0553834 2 1 0
0.045976 0.0555117 0.0555117 2 1 0
0.046129 0.0556402 0.0556402 2 1 0
0.0462827 0.0557688 0.0557688 2 1 0
0.0464371 0.0558974 0.0558974 2 1 0
0.0465922 0.0560262 0.0560262 2 1 0
0.046748 0.056155 0.056155 2 1 0
0.0469045 0.0562839 0.0562839 2 1 0
0.0470617 0.0564129 0.0564129 2 1 0
0.0472195 0.056542 0.056542 2 1 0
0.0473781 0.0566712 0.0566712 2 1 0
0.0475374 0.0568005 0.0568005 2 1 0
0.0476973 0.0569298 0.0569298 2 1 0
0.047858 0.0570593 0.0570593 2 1 0
0.0480193 0.0571888 0.0571888 2 1 0
0.0481813 0.0573184 0.0573184 2 1 0
0.0483441 0.0574481 0.0574481 2 1 0
0.0485075 0.0575779 0.0575779 2 1 0
0.0486717 0.0577078 0.0577078 2 1 0
0.0488365 0.0578377 0.0578377 2 1 0
0.049002 0.0579677 0.0579677 2 1 0
0.0491682 0.0580978 0.0580978 2 1 0
0.0493351 0.058228 0.058228 2 1 0
0.0495027 0.0583583 0.0583583 2 1 0
0.0496711 0.0584887 0.0584887 2 1 0
0.0498401 0.0586191 0.0586191 2 1 0
0.0500098 0.0587496 0.0587496 2 1 0
0.0501802 0.0588802 0.0588802 2 1 0
0.0503512 0.0590108 0.0590108 2 1 0
0.050523 0.0591416 0.0591416 2 1 0
0.0506955 0.0592724 0.0592724 2 1 0
0.0508687 0.0594033 0.0594033 2 1 0
0.0510426 0.0595342 0.0595342 2 1 0
0.0512171 0.0596653 0.0596653 2 1 0
0.0513924 0.0597964 0.0597964 2 1 0
0.0515684 0.0599276 0.0599276 2 1 0
0.051745 0.0600589 0.0600589 2 1 0
0.0519224 0.0601902 0.0601902 2 1 0
0.0521004 0.0603216 0.0603216 2 1 0
0.0522792 0.0604531 0.0604531 2 1 0
0.0524586 0.0605846 0.0605846 2 1 0
0.0526388 0.0607163 0.0607163 2 1 0
0.0528196 0.0608479 0.0608479 2 1 0
0.0530011 0.0609797 0.0609797 2 1 0
0.0531834 0.0611115 0.0611115 2 1 0
0.0533663 0.0612435 0.0612435 2 1 0
0.0535499 0.0613754 0.0613754 2 1 0
0.0537342 0.0615075 0.0615075 2 1 0
0.0539192 0.0616396 0.0616396 2 1 0
0.0541049 0.0617717 0.0617717 2 1 0
0.0542913 0.061904 0.061904 2 1 0
0.0544784 0.0620363 0.0620363 2 1 0
0.0546662 0.0621687 0.0621687 2 1 0
0.0548546 0.0623011 0.0623011 2 1 0
0.0550438 0.0624336 0.0624336 2 1 0
0.0552337 0.0625662 0.0625662 2 1 0
0.0554242 0.0626988 0.0626988 2 1 0
0.0556155 0.0628315 0.0628315 2 1 0
0.0558074 0.0629643 0.0629643 2 1 0
0.0560001 0.0630971 0.0630971 2 1 0
0.0561934 0.06323 0.06323 2 1 0
0.0563874 0.0633629 0.0633629 2 1 0
0.0565822 0.0634959 0.0634959 2 1 0
0.0567776 0.063629 0.063629 2 1 0
0.0569737 0.0637621 0.0637621 2 1 0
0.0571705 0.0638953 0.0638953 2 1 0
0.057368 0.0640286 0.0640286 2 1 0
0.0575661 0.0641619 0.0641619 2 1 0
0.057765 0.0642953 0.0642953 2 1 0
0.0579646 0.0644287 0.0644287 2 1 0
0.0581648 0.0645622 0.0645622 2 1 0
0.0583658 0.0646957 0.0646957 2 1 0
0.0585674 0.0648293 0.0648293 2 1 0
0.0587698 0.064963 0.064963 2 1 0
0.0589728 0.0650967 0.0650967 2 1 0
0.0591765 0.0652305 0.0652305 2 1 0
0.0591891 0.0652387 0.0652387 2 1 0
0.0593935 0.0653725 0.0653725 1 1 0
0.0595987 0.0655064 0.0655064 1 1 0
0.0598045 0.0656404 0.0656404 1 1 0
0.060011 0.0657744 0.0657744 1 1 0
0.0602182 0.0659084 0.0659084 1 1 0
0.0604261 0.0660425 0.0660425 1 1 0
0.0606347 0.0661767 0.0661767 1 1 0
0.060844 0.0663109 0.0663109 1 1 0
0.0610539 0.0664451 0.0664451 1 1 0
0.0612646 0.0665794 0.0665794 1 1 0
0.0614759 0.0667138 0.0667138 1 1 0
0.061688 0.0668482 0.0668482 1 1 0
0.0619007 0.0669827 0.0669827 1 1 0
0.0621141 0.0671172 0.0671172 1 1 0
0.0623282 0.0672517 0.0672517 1 1 0
0.0625429 0.0673864 0.0673864 1 1 0
0.0627584 0.067521 0.067521 1 1 0
0.0629745 0.0676557 0.0676557 1 1 0
0.0631914 0.0677905 0.0677905 1 1 0
0.0634089 0.0679253 0.0679253 1 1 0
0.0636271 0.0680602 0.0680602 1 1 0
0.063846 0.0681951 0.0681951 1 1 0
0.0640656 0.06833 0.06833 1 1 0
0.0642858 0.068465 0.068465 1 1 0
0.0645068 0.0686001 0.0686001 1 1 0
0.0647284 0.0687351 0.0687351 1 1 0
0.0649507 0.0688703 0.0688703 1 1 0
0.0651737 0.0690055 0.0690055 1 1 0
0.0653974 0.0691407 0.0691407 1 1 0
0.0656218 0.069276 0.069276 1 1 0
0.0658468 0.0694113 0.0694113 1 1 0
0.0660725 0.0695466 0.0695466 1 1 0
0.0662989 0.069682 0.069682 1 1 0
0.066526 0.0698175 0.0698175 1 1 0
0.0667538 0.069953 0.069953 1 1 0
0.0669823 0.0700885 0.0700885 1 1 0
0.0672114 0.0702241 0.0702241 1 1 0
0.0674412 0.0703597 0.0703597 1 1 0
0.0676717 0.0704953 0.0704953 1 1 0
0.0679029 0.070631 0.070631 1 1 0
0.0681347 0.0707668 0.0707668 1 1 0
0.0683673 0.0709025 0.0709025 1 1 0
0.0686005 0.0710384 0.0710384 1 1 0
0.0688344 0.0711742 0.0711742 1 1 0
0.0690689 0.0713101 0.0713101 1 1 0
0.0693042 0.071446 0.071446 1 1 0
0.0695401 0.071582 0.071582 1 1 0
0.0697767 0.071718 0.071718 1 1 0
0.070014 0.0718541 0.0718541 1 1 0
0.070252 0.0719902 0.0719902 1 1 0
0.0704906 0.0721263 0.0721263 1 1 0
0.0707299 0.0722625 0.0722625 1 1 0
0.0709699 0.0723987 0.0723987 1 1 0
0.0712105 0.0725349 0.0725349 1 1 0
0.0714519 0.0726712 0.0726712 1 1 0
0.0716939 0.0728075 0.0728075 1 1 0
0.0719366 0.0729438 0.0729438 1 1 0
0.0721799 0.0730802 0.0730802 1 1 0
0.072424 0.0732166 0.0732166 1 1 0
0.0726687 0.0733531 0.0733531 1 1 0
0.072914 0.0734895 0.0734895 1 1 0
0.0731601 0.0736261 0.0736261 1 1 0
0.0734068 0.0737626 0.0737626 1 1 0
0.0736542 0.0738992 0.0738992 1 1 0
0.0739022 0.0740358 0.0740358 1 1 0
0.074151 0.0741725 0.0741725 1 1 0
0.0744004 0.0743091 0.0743091 1 1 0
0.0746505 0.0744458 0.0744458 1 1 0
0.0749012 0.0745826 0.0745826 1 1 0
0.0751526 0.0747194 0.0747194 1 1 0
0.0754047 0.0748562 0.0748562 1 1 0
0.0756574 0.074993 0.074993 1 1 0
0.0759109 0.0751299 0.0751299 1 1 0
0.0761649 0.0752668 0.0752668 1 1 0
0.0764197 0.0754037 0.0754037 1 1 0
0.0766751 0.0755407 0.0755407 1 1 0
0.0769312 0.0756777 0.0756777 1 1 0
0.0771879 0.0758147 0.0758147 1 1 0
0.0774454 0.0759517 0.0759517 1 1 0
0.0777034 0.0760888 0.0760888 1 1 0
0.0779622 0.0762259 0.0762259 1 1 0
0.0782216 0.0763631 0.0763631 1 1 0
0.0784817 0.0765002 0.0765002 1 1 0
0.0787424 0.0766374 0.0766374 1 1 0
0.0790038 0.0767746 0.0767746 1 1 0
0.0792659 0.0769119 0.0769119 1 1 0
0.0795286 0.0770491 0.0770491 1 1 0
0.079792 0.0771864 0.0771864 1 1 0
0.080056 0.0773238 0.0773238 1 1 0
0.0803207 0.0774611 0.0774611 1 1 0
0.0805861 0.0775985 0.0775985 1 1 0
0.0808521 0.0777359 0.0777359 1 1 0
0.0811188 0.0778733 0.0778733 1 1 0
0.0813862 0.0780108 0.0780108 1 1 0
0.0816542 0.0781482 0.0781482 1 1 0
0.0819228 0.0782857 0.0782857 1 1 0
0.0821922 0.0784233 0.0784233 1 1 0
0.0824621 0.0785608 0.0785608 1 1 0
0.0827328 0.0786984 0.0786984 1 1 0
0.0830041 0.078836 0.078836 1 1 0
0.083276 0.0789736 0.0789736 1 1 0
0.0835486 0.0791112 0.0791112 1 1 0
0.0838219 0.0792489 0.0792489 1 1 0
0.0840958 0.0793866 0.0793866 1 1 0
0.0843704 0.0795243 0.0795243 1 1 0
0.0846456 0.079662 0.079662 1 1 0
0.0849215 0.0797998 0.0797998 1 1 0
0.085198 0.0799375 0.0799375 1 1 0
0.0854752 0.0800753 0.0800753 1 1 0
0.085753 0.0802132 0.0802132 1 1 0
0.0860315 0.080351 0.080351 1 1 0
0.0863107 0.0804888 0.0804888 1 1 0
0.0865905 0.0806267 0.0806267 1 1 0
0.0868709 0.0807646 0.0807646 1 1 0
0.087152 0.0809025 0.0809025 1 1 0
0.0874337 0.0810405 0.0810405 1 1 0
0.0877161 0.0811784 0.0811784 1 1 0
0.0879992 0.0813164 0.0813164 1 1 0
0.0882828 0.0814544 0.0814544 1 1 0
0.0885672 0.0815924 0.0815924 1 1 0
0.0888521 0.0817304 0.0817304 1 1 0
0.0891378 0.0818685 0.0818685 1 1 0
0.089424 0.0820065 0.0820065 1 1 0
0.089711 0.0821446 0.0821446 1 1 0
0.0899985 0.0822827 0.0822827 1 1 0
0.0902867 0.0824208 0.0824208 1 1 0
0.0905756 0.082559 0.082559 1 1 0
0.0908651 0.0826971 0.0826971 1 1 0
0.0911552 0.0828353 0.0828353 1 1 0
0.091446 0.0829734 0.0829734 1 1 0
0.0917374 0.0831116 0.0831116 1 1 0
0.0920295 0.0832499 0.0832499 1 1 0
0.0923222 0.0833881 0.0833881 1 1 0
0.0926155 0.0835263 0.0835263 1 1 0
0.0929095 0.0836646 0.0836646 1 1 0
0.0932042 0.0838029 0.0838029 1 1 0
0.0934994 0.0839411 0.0839411 1 1 0
0.0937953 0.0840795 0.0840795 1 1 0
0.0940919 0.0842178 0.0842178 1 1 0
0.094389 0.0843561 0.0843561 1 1 0
0.0946869 0.0844944 0.0844944 1 1 0
0.0949853 0.0846328 0.0846328 1 1 0
0.0952844 0.0847712 0.0847712 1 1 0
0.0955841 0.0849096 0.0849096 1 1 0
0.0958845 0.085048 0.085048 1 1 0
0.0961855 0.0851864 0.0851864 1 1 0
0.0964871 0.0853248 0.0853248 1 1 0
0.0967894 0.0854632 0.0854632 1 1 0
0.0970923 0.0856017 0.0856017 1 1 0
0.0973958 0.0857401 0.0857401 1 1 0
0.0977 0.0858786 0.0858786 1 1 0
0.0980048 0.0860171 0.0860171 1 1 0
0.0983102 0.0861556 0.0861556 1 1 0
0.0986163 0.0862941 0.0862941 1 1 0
0.098923 0.0864326 0.0864326 1 1 0
0.0992303 0.0865711 0.0865711 1 1 0
0.0995382 0.0867096 0.0867096 1 1 0
0.0998468 0.0868482 0.0868482 1 1 0
0.100156 0.0869867 0.0869867 1 1 0
0.100466 0.0871253 0.0871253 1 1 0
0.100776 0.0872639 0.0872639 1 1 0
0.101087 0.0874025 0.0874025 1 1 0
0.101399 0.0875411 0.0875411 1 1 0
0.101711 0.0876797 0.0876797 1 1 0
0.102024 0.0878183 0.0878183 1 1 0
0.102338 0.0879569 0.0879569 1 1 0
0.102652 0.0880955 0.0880955 1 1 0
0.102967 0.0882342 0.0882342 1 1 0
0.103283 0.0883728 0.0883728 1 1 0
0.103599 0.0885115 0.0885115 1 1 0
0.103915 0.0886501 0.0886501 1 1 0
0.104233 0.0887888 0.0887888 1 1 0
0.104551 0.0889275 0.0889275 1 1 0
0.104869 0.0890662 0.0890662 1 1 0
0.105188 0.0892049 0.0892049 1 1 0
0.105508 0.0893435 0.0893435 1 1 0
0.105829 0.0894823 0.0894823 1 1 0
0.10615 0.089621 0.089621 1 1 0
0.106471 0.0897597 0.0897597 1 1 0
0.106794 0.0898984 0.0898984 1 1 0
0.107116 0.0900371 0.0900371 1 1 0
0.10744 0.0901759 0.0901759 1 1 0
0.107764 0.0903146 0.0903146 1 1 0
0.108089 0.0904534 0.0904534 1 1 0
0.108414 0.0905921 0.0905921 1 1 0
0.10874 0.0907309 0.0907309 1 1 0
0.109067 0.0908696 0.0908696 1 1 0
0.109394 0.0910084 0.0910084 1 1 0
0.109722 0.0911472 0.0911472 1 1 0
0.11005 0.0912859 0.0912859 1 1 0
0.110379 0.0914247 0.0914247 1 1 0
0.110709 0.0915635 0.0915635 1 1 0
0.111039 0.0917023 0.0917023 1 1 0
0.11137 0.0918411 0.0918411 1 1 0
0.111701 0.0919799 0.0919799 1 1 0
0.112034 0.0921187 0.0921187 1 1 0
0.112366 0.0922575 0.0922575 1 1 0
0.1127 0.0923963 0.0923963 1 1 0
0.113033 0.0925351 0.0925351 1 1 0
0.113368 0.0926739 0.0926739 1 1 0
0.113703 0.0928127 0.0928127 1 1 0
0.114039 0.0929515 0.0929515 1 1 0
0.114375 0.0930903 0.0930903 1 1 0
0.114712 0.0932291 0.0932291 1 1 0
0.11505 0.0933679 0.0933679 1 1 0
0.115388 0.0935068 0.0935068 1 1 0
0.115727 0.0936456 0.0936456 1 1 0
0.116066 0.0937844 0.0937844 1 1 0
0.116406 0.0939232 0.0939232 1 1 0
0.116746 0.0940621 0.0940621 1 1 0
0.117088 0.0942009 0.0942009 1 1 0
0.117429 0.0943397 0.0943397 1 1 0
0.117772 0.0944785 0.0944785 1 1 0
0.118115 0.0946174 0.0946174 1 1 0
0.118458 0.0947562 0.0947562 1 1 0
0.118802 0.094895 0.094895 1 1 0
0.119147 0.0950338 0.0950338 1 1 0
0.119492 0.0951727 0.0951727 1 1 0
0.119838 0.0953115 0.0953115 1 1 0
0.120185 0.0954503 0.0954503 1 1 0
0.120532 0.0955892 0.0955892 1 1 0
0.12088 0.095728 0.095728 1 1 0
0.121228 0.0958668 0.0958668 1 1 0
0.121577 0.0960056 0.0960056 1 1 0
0.121927 0.0961444 0.0961444 1 1 0
0.122277 0.0962833 0.0962833 1 1 0
0.122627 0.0964221 0.0964221 1 1 0
0.122979 0.0965609 0.0965609 1 1 0
0.12333 0.0966997 0.0966997 1 1 0
0.123683 0.0968385 0.0968385 1 1 0
0.124036 0.0969773 0.0969773 1 1 0
0.12439 0.0971162 0.0971162 1 1 0
0.124744 0.097255 0.097255 1 1 0
0.125099 0.0973938 0.0973938 1 1 0
0.125454 0.0975326 0.0975326 1 1 0
0.12581 0.0976714 0.0976714 1 1 0
0.126167 0.0978102 0.0978102 1 1 0
0.126524 0.097949 0.097949 1 1 0
0.126882 0.0980877 0.0980877 1 1 0
0.12724 0.0982265 0.0982265 1 1 0
0.127599 0.0983653 0.0983653 1 1 0
0.127958 0.0985041 0.0985041 1 1 0
0.128318 0.0986429 0.0986429 1 1 0
0.128679 0.0987816 0.0987816 1 1 0
0.12904 0.0989204 0.0989204 1 1 0
0.129402 0.0990592 0.0990592 1 1 0
0.129765 0.0991979 0.0991979 1 1 0
0.130128 0.0993367 0.0993367 1 1 0
0.130491 0.0994754 0.0994754 1 1 0
0.130855 0.0996142 0.0996142 1 1 0
0.13122 0.0997529 0.0997529 1 1 0
0.131585 0.0998916 0.0998916 1 1 0
0.131951 0.10003 0.10003 1 1 0
0.132318 0.100169 0.100169 1 1 0
0.132685 0.100308 0.100308 1 1 0
0.133052 0.100447 0.100447 1 1 0
0.133421 0.100585 0.100585 1 1 0
0.133789 0.100724 0.100724 1 1 0
0.134159 0.100863 0.100863 1 1 0
0.134529 0.101001 0.101001 1 1 0
0.134899 0.10114 0.10114 1 1 0
0.13527 0.101279 0.101279 1 1 0
0.135642 0.101417 0.101417 1 1 0
0.136014 0.101556 0.101556 1 1 0
0.136387 0.101695 0.101695 1 1 0
0.13676 0.101833 0.101833 1 1 0
0.137134 0.101972 0.101972 1 1 0
0.137508 0.102111 0.102111 1 1 0
0.137884 0.102249 0.102249 1 1 0
0.138259 0.102388 0.102388 1 1 0
0.138635 0.102526 0.102526 1 1 0
0.139012 0.102665 0.102665 1 1 0
0.139389 0.102804 0.102804 1 1 0
0.139767 0.102942 0.102942 1 1 0
0.140146 0.103081 0.103081 1 1 0
0.140525 0.103219 0.103219 1 1 0
0.140904 0.103358 0.103358 1 1 0
0.141284 0.103497 0.103497 1 1 0
0.141665 0.103635 0.103635 1 1 0
0.142046 0.103774 0.103774 1 1 0
0.142428 0.103912 0.103912 1 1 0
0.142811 0.104051 0.104051 1 1 0
0.143194 0.104189 0.104189 1 1 0
0.143577 0.104328 0.104328 1 1 0
0.143961 0.104466 0.104466 1 1 0
0.144346 0.104605 0.104605 1 1 0
0.144731 0.104743 0.104743 1 1 0
0.145117 0.104882 0.104882 1 1 0
0.145503 0.10502 0.10502 1 1 0
0.14589 0.105159 0.105159 1 1 0
0.146277 0.105297 0.105297 1 1 0
0.146665 0.105435 0.105435 1 1 0
0.147054 0.105574 0.105574 1 1 0
0.147443 0.105712 0.105712 1 1 0
0.147833 0.105851 0.105851 1 1 0
0.148223 0.105989 0.105989 1 1 0
0.148614 0.106127 0.106127 1 1 0
0.149005 0.106266 0.106266 1 1 0
0.149397 0.106404 0.106404 1 1 0
0.149789 0.106542 0.106542 1 1 0
0.150182 0.106681 0.106681 1 1 0
0.150576 0.106819 0.106819 1 1 0
0.15097 0.106957 0.106957 1 1 0
0.151364 0.107096 0.107096 1 1 0
0.151759 0.107234 0.107234 1 1 0
0.152155 0.107372 0.107372 1 1 0
0.152551 0.107511 0.107511 1 1 0
0.152948 0.107649 0.107649 1 1 0
0.153345 0.107787 0.107787 1 1 0
0.153743 0.107925 0.107925 1 1 0
0.154142 0.108064 0.108064 1 1 0
0.154541 0.108202 0.108202 1 1 0
0.15494 0.10834 0.10834 1 1 0
0.15534 0.108478 0.108478 1 1 0
0.155741 0.108616 0.108616 1 1 0
0.156142 0.108754 0.108754 1 1 0
0.156544 0.108893 0.108893 1 1 0
0.156946 0.109031 0.109031 1 1 0
0.157349 0.109169 0.109169 1 1 0
0.157752 0.109307 0.109307 1 1 0
0.158156 0.109445 0.109445 1 1 0
0.15856 0.109583 0.109583 1 1 0
0.158965 0.109721 0.109721 1 1 0
0.15937 0.109859 0.109859 1 1 0
0.159776 0.109997 0.109997 1 1 0
0.160183 0.110135 0.110135 1 1 0
0.16059 0.110273 0.110273 1 1 0
0.160998 0.110411 0.110411 1 1 0
0.161406 0.110549 0.110549 1 1 0
0.161814 0.110687 0.110687 1 1 0
0.162224 0.110825 0.110825 1 1 0
0.162633 0.110963 0.110963 1 1 0
0.163044 0.111101 0.111101 1 1 0
0.163454 0.111239 0.111239 1 1 0
0.163866 0.111377 0.111377 1 1 0
0.164278 0.111515 0.111515 1 1 0
0.16469 0.111653 0.111653 1 1 0
0.165103 0.111791 0.111791 1 1 0
0.165516 0.111929 0.111929 1 1 0
0.16593 0.112066 0.112066 1 1 0
0.166345 0.112204 0.112204 1 1 0
0.16676 0.112342 0.112342 1 1 0
0.167175 0.11248 0.11248 1 1 0
0.167592 0.112618 0.112618 1 1 0
0.168008 0.112755 0.112755 1 1 0
0.168425 0.112893 0.112893 1 1 0
0.168843 0.113031 0.113031 1 1 0
0.169261 0.113169 0.113169 1 1 0
0.16968 0.113306 0.113306 1 1 0
0.170099 0.113444 0.113444 1 1 0
0.170519 0.113582 0.113582 1 1 0
0.170939 0.113719 0.113719 1 1 0
0.17136 0.113857 0.113857 1 1 0
0.171781 0.113994 0.113994 1 1 0
0.172203 0.114132 0.114132 1 1 0
0.172625 0.11427 0.11427 1 1 0
0.173048 0.114407 0.114407 1 1 0
0.173472 0.114545 0.114545 1 1 0
0.173896 0.114682 0.114682 1 1 0
0.17432 0.11482 0.11482 1 1 0
0.174745 0.114957 0.114957 1 1 0
0.17517 0.115095 0.115095 1 1 0
0.175596 0.115232 0.115232 1 1 0
0.176023 0.11537 0.11537 1 1 0
0.17645 0.115507 0.115507 1 1 0
0.176877 0.115645 0.115645 1 1 0
0.177306 0.115782 0.115782 1 1 0
0.177734 0.115919 0.115919 1 1 0
0.178163 0.116057 0.116057 1 1 0
0.178593 0.116194 0.116194 1 1 0
0.179023 0.116332 0.116332 1 1 0
0.179453 0.116469 0.116469 1 1 0
0.179884 0.116606 0.116606 1 1 0
0.180316 0.116743 0.116743 1 1 0
0.180748 0.116881 0.116881 1 1 0
0.181181 0.117018 0.117018 1 1 0
0.181614 0.117155 0.117155 1 1 0
0.182048 0.117292 0.117292 1 1 0
0.182482 0.11743 0.11743 1 1 0
0.182916 0.117567 0.117567 1 1 0
0.183352 0.117704 0.117704 1 1 0
0.183787 0.117841 0.117841 1 1 0
0.184223 0.117978 0.117978 1 1 0
0.18466 0.118115 0.118115 1 1 0
0.185097 0.118252 0.118252 1 1 0
0.185535 0.118389 0.118389 1 1 0
0.185973 0.118527 0.118527 1 1 0
0.186412 0.118664 0.118664 1 1 0
0.186851 0.118801 0.118801 1 1 0
0.187291 0.118938 0.118938 1 1 0
0.187731 0.119075 0.119075 1 1 0
0.188172 0.119211 0.119211 1 1 0
0.188613 0.119348 0.119348 1 1 0
0.189055 0.119485 0.119485 1 1 0
0.189497 0.119622 0.119622 1 1 0
0.189939 0.119759 0.119759 1 1 0
0.190383 0.119896 0.119896 1 1 0
0.190826 0.120033 0.120033 1 1 0
0.19127 0.12017 0.12017 1 1 0
0.191715 0.120306 0.120306 1 1 0
0.19216 0.120443 0.120443 1 1 0
0.192606 0.12058 0.12058 1 1 0
0.193052 0.120717 0.120717 1 1 0
0.193499 0.120853 0.120853 1 1 0
0.193946 0.12099 0.12099 1 1 0
0.194394 0.121127 0.121127 1 1 0
0.194842 0.121264 0.121264 1 1 0
0.19529 0.1214 0.1214 1 1 0
0.195739 0.121537 0.121537 1 1 0
0.196189 0.121673 0.121673 1 1 0
0.196639 0.12181 0.12181 1 1 0
0.19709 0.121947 0.121947 1 1 0
0.197541 0.122083 0.122083 1 1 0
0.197992 0.12222 0.12222 1 1 0
0.198444 0.122356 0.122356 1 1 0
0.198897 0.122493 0.122493 1 1 0
0.19935 0.122629 0.122629 1 1 0
0.199803 0.122766 0.122766 1 1 0
0.200257 0.122902 0.122902 1 1 0
0.03 0.0132454 0.0132454 2 1 0
0.0299725 0.0132406 0.0132406 1 1 0
0.0299448 0.0132359 0.0132359 1 1 0
0.0298891 0.0132264 0.0132264 1 1 0
0.0297769 0.0132075 0.0132075 1 1 0
0.0296354 0.0131838 0.0131838 1 1 0
0.0294924 0.0131602 0.0131602 1 1 0
0.0293478 0.0131365 0.0131365 1 1 0
0.0292018 0.013113 0.013113 1 1 0
0.0290543 0.0130894 0.0130894 1 1 0
0.0289053 0.0130659 0.0130659 1 1 0
0.0287548 0.0130424 0.0130424 1 1 0
0.0286028 0.0130189 0.0130189 1 1 0
0.0284493 0.0129955 0.0129955 1 1 0
0.0282943 0.0129721 0.0129721 1 1 0
0.0281379 0.0129487 0.0129487 1 1 0
0.02798 0.0129254 0.0129254 1 1 0
0.0278206 0.0129021 0.0129021 1 1 0
0.0276598 0.0128788 0.0128788 1 1 0
0.0274975 0.0128556 0.0128556 1 1 0
0.0273338 0.0128323 0.0128323 1 1 0
0.0271686 0.0128092 0.0128092 1 1 0
0.0270019 0.012786 0.012786 1 1 0
0.0268339 0.0127629 0.0127629 1 1 0
0.0266643 0.0127398 0.0127398 1 1 0
0.0264934 0.0127168 0.0127168 1 1 0
0.026321 0.0126937 0.0126937 1 1 0
0.0261472 0.0126708 0.0126708 1 1 0
0.0259719 0.0126478 0.0126478 1 1 0
0.0257953 0.0126249 0.0126249 1 1 0
0.0256172 0.012602 0.012602 1 1 0
0.0254377 0.0125792 0.0125792 1 1 0
0.0252569 0.0125564 0.0125564 1 1 0
0.0250746 0.0125336 0.0125336 1 1 0
0.0248909 0.0125109 0.0125109 1 1 0
0.0247058 0.0124881 0.0124881 1 1 0
0.0245193 0.0124655 0.0124655 1 1 0
0.0243315 0.0124428 0.0124428 1 1 0
0.0241423 0.0124203 0.0124203 1 1 0
0.0239517 0.0123977 0.0123977 1 1 0
0.0237597 0.0123752 0.0123752 1 1 0
0.0235663 0.0123527 0.0123527 1 1 0
0.0233716 0.0123303 0.0123303 1 1 0
0.0231756 0.0123078 0.0123078 1 1 0
0.0229781 0.0122855 0.0122855 1 1 0
0.0227794 0.0122631 0.0122631 1 1 0
0.0225792 0.0122409 0.0122409 1 1 0
0.0223778 0.0122186 0.0122186 1 1 0
0.022175 0.0121964 0.0121964 1 1 0
0.0219708 0.0121742 0.0121742 1 1 0
0.0217654 0.0121521 0.0121521 1 1 0
0.0215586 0.01213 0.01213 1 1 0
0.0213505 0.0121079 0.0121079 1 1 0
0.021141 0.0120859 0.0120859 1 1 0
0.0209303 0.0120639 0.0120639 1 1 0
0.0207182 0.012042 0.012042 1 1 0
0.0205049 0.0120201 0.0120201 1 1 0
0.0202902 0.0119982 0.0119982 1 1 0
0.0200743 0.0119764 0.0119764 1 1 0
0.019857 0.0119547 0.0119547 1 1 0
0.0196385 0.0119329 0.0119329 1 1 0
0.0194187 0.0119112 0.0119112 1 1 0
0.0191976 0.0118896 0.0118896 1 1 0
0.0189752 0.011868 0.011868 1 1 0
0.0187516 0.0118464 0.0118464 1 1 0
0.0185267 0.0118249 0.0118249 1 1 0
0.0183005 0.0118034 0.0118034 1 1 0
0.0180731 0.011782 0.011782 1 1 0
0.0178444 0.0117606 0.0117606 1 1 0
0.0176145 0.0117393 0.0117393 1 1 0
0.0173833 0.011718 0.011718 1 1 0
0.0171508 0.0116967 0.0116967 1 1 0
0.0169172 0.0116755 0.0116755 1 1 0
0.0166823 0.0116543 0.0116543 1 1 0
0.0164461 0.0116332 0.0116332 1 1 0
0.0162088 0.0116121 0.0116121 1 1 0
0.0159702 0.0115911 0.0115911 1 1 0
0.0157304 0.0115701 0.0115701 1 1 0
0.0154894 0.0115491 0.0115491 1 1 0
0.0152471 0.0115282 0.0115282 1 1 0
0.0150037 0.0115074 0.0115074 1 1 0
0.014759 0.0114865 0.0114865 1 1 0
0.0145132 0.0114658 0.0114658 1 1 0
0.0142662 0.011445 0.011445 1 1 0
0.0140179 0.0114244 0.0114244 1 1 0
0.0137685 0.0114037 0.0114037 1 1 0
0.0135179 0.0113831 0.0113831 1 1 0
0.0132661 0.0113626 0.0113626 1 1 0
0.0130131 0.0113421 0.0113421 1 1 0
0.012759 0.0113216 0.0113216 1 1 0
0.0125037 0.0113012 0.0113012 1 1 0
0.0122472 0.0112809 0.0112809 1 1 0
0.0119896 0.0112605 0.0112605 1 1 0
0.0117308 0.0112403 0.0112403 1 1 0
0.0114708 0.0112201 0.0112201 1 1 0
0.0112097 0.0111999 0.0111999 1 1 0
0.0109474 0.0111798 0.0111798 1 1 0
0.010684 0.0111597 0.0111597 1 1 0
0.0104195 0.0111396 0.0111396 1 1 0
0.0101538 0.0111196 0.0111196 1 1 0
0.00988697 0.0110997 0.0110997 1 1 0
0.00961901 0.0110798 0.0110798 1 1 0
0.00934993 0.01106 0.01106 1 1 0
0.00907973 0.0110402 0.0110402 1 1 0
0.0088084 0.0110204 0.0110204 1 1 0
0.00853596 0.0110007 0.0110007 1 1 0
0.0082624 0.010981 0.010981 1 1 0
0.00798774 0.0109614 0.0109614 1 1 0
0.00771196 0.0109419 0.0109419 1 1 0
0.00743508 0.0109223 0.0109223 1 1 0
0.0071571 0.0109029 0.0109029 1 1 0
0.00687802 0.0108834 0.0108834 1 1 0
0.00659785 0.0108641 0.0108641 1 1 0
0.00631658 0.0108447 0.0108447 1 1 0
0.00603423 0.0108255 0.0108255 1 1 0
0.00575079 0.0108062 0.0108062 1 1 0
0.00546627 0.010787 0.010787 1 1 0
0.00518068 0.0107679 0.0107679 1 1 0
0.004894 0.0107488 0.0107488 1 1 0
0.00460626 0.0107298 0.0107298 1 1 0
0.00431745 0.0107108 0.0107108 1 1 0
0.00402757 0.0106918 0.0106918 1 1 0
0.00373663 0.0106729 0.0106729 1 1 0
0.00344462 0.0106541 0.0106541 1 1 0
0.00315157 0.0106353 0.0106353 1 1 0
0.00285746 0.0106165 0.0106165 1 1 0
0.00256229 0.0105978 0.0105978 1 1 0
0.00226608 0.0105791 0.0105791 1 1 0
0.00196883 0.0105605 0.0105605 1 1 0
0.00167053 0.010542 0.010542 1 1 0
0.0013712 0.0105234 0.0105234 1 1 0
0.00107083 0.010505 0.010505 1 1 0
0.000769428 0.0104866 0.0104866 1 1 0
0.000466996 0.0104682 0.0104682 1 1 0
0.000163536 0.0104498 0.0104498 1 1 0
-0.000140947 0.0104316 0.0104316 1 1 0
0.0591891 0.0652387 0.0652387 4 5 0
0.0591891 0.0652691 0.0652084 4 5 0
0.0591891 0.0652742 0.0652032 3 5 0
0.0591891 0.0653956 0.0650818 3 5 0
0.0591891 0.0655777 0.0648997 3 5 0
0.0591889 0.0658508 0.0646264 3 5 0
0.0591887 0.0661541 0.0643228 3 5 0
0.0591883 0.0664574 0.0640191 3 5 0
0.0591879 0.0667605 0.0637154 3 5 0
0.0591874 0.0670635 0.0634118 3 5 0
0.0591867 0.0673664 0.0631081 3 5 0
0.059186 0.0676692 0.0628044 3 5 0
0.0591852 0.0679718 0.0625008 3 5 0
0.0591842 0.0682743 0.0621972 3 5 0
0.0591832 0.0685766 0.0618936 3 5 0
0.059182 0.0688788 0.0615901 3 5 0
0.0591808 0.0691807 0.0612867 3 5 0
0.0591794 0.0694825 0.0609833 3 5 0
0.059178 0.069784 0.0606801 3 5 0
0.0591764 0.0700853 0.0603769 3 5 0
0.0591747 0.0703865 0.0600739 3 5 0
0.0591729 0.0706873 0.059771 3 5 0
0.059171 0.070988 0.0594682 3 5 0
0.059169 0.0712883 0.0591655 3 5 0
0.0591668 0.0715885 0.058863 3 5 0
0.0591646 0.0718882 0.0585607 3 5 0
0.0591622 0.0721878 0.0582586 3 5 0
0.0591597 0.0724871 0.0579566 3 5 0
0.059157 0.072786 0.0576549 3 5 0
0.0591542 0.0730846 0.0573534 3 5 0
0.0591513 0.0733829 0.0570521 3 5 0
0.0591483 0.0736809 0.056751 3 5 0
0.0591451 0.0739785 0.0564502 3 5 0
0.0591418 0.0742758 0.0561496 3 5 0
0.0591384 0.0745727 0.0558493 3 5 0
0.0591347 0.0748691 0.0555493 3 5 0
0.059131 0.0751653 0.0552496 3 5 0
0.0591271 0.075461 0.0549501 3 5 0
0.059123 0.0757563 0.0546509 3 5 0
0.0591188 0.0760512 0.0543521 3 5 0
0.0591144 0.0763456 0.0540537 3 5 0
0.0591099 0.0766397 0.0537556 3 5 0
0.0591052 0.0769333 0.0534578 3 5 0
0.0591003 0.0772265 0.0531604 3 5 0
0.0590953 0.0775191 0.0528633 3 5 0
0.0590901 0.0778112 0.0525667 3 5 0
0.0590847 0.0781029 0.0522704 3 5 0
0.0590791 0.0783941 0.0519746 3 5 0
0.0590734 0.0786848 0.0516793 3 5 0
0.0590674 0.078975 0.0513842 3 5 0
0.0590613 0.0792646 0.0510897 3 5 0
0.059055 0.0795537 0.0507956 3 5 0
0.0590485 0.0798422 0.050502 3 5 0
0.0590417 0.0801302 0.0502089 3 5 0
0.0590348 0.0804176 0.0499163 3 5 0
0.0590277 0.0807044 0.049624 3 5 0
0.0590204 0.0809905 0.0493323 3 5 0
0.0590129 0.0812762 0.0490413 3 5 0
0.0590051 0.0815612 0.0487505 3 5 0
0.0589972 0.0818455 0.0484605 3 5 0
0.058989 0.0821293 0.0481709 3 5 0
0.0589806 0.0824123 0.047882 3 5 0
0.058972 0.0826947 0.0475935 3 5 0
0.0589631 0.0829763 0.0473057 3 5 0
0.0589541 0.0832574 0.0470185 3 5 0
0.0589448 0.0835378 0.0467319 3 5 0
0.0589352 0.0838174 0.0464459 3 5 0
0.0589255 0.0840962 0.0461605 3 5 0
0.0589155 0.0843744 0.0458757 3 5 0
0.0589052 0.0846519 0.0455915 3 5 0
0.0588947 0.0849285 0.0453082 3 5 0
0.058884 0.0852043 0.0450254 3 5 0
0.058873 0.0854795 0.0447431 3 5 0
0.0588617 0.0857538 0.044462 3 5 0
0.0588502 0.0860272 0.044181 3 5 0
0.0588385 0.0862998 0.043901 3 5 0
0.0588265 0.0865717 0.0436217 3 5 0
0.0588142 0.0868426 0.043343 3 5 0
0.0588017 0.0871127 0.0430652 3 5 0
0.0587889 0.0873819 0.0427881 3 5 0
0.0587758 0.0876501 0.0425117 3 5 0
0.0587624 0.0879175 0.0422361 3 5 0
0.0587488 0.0881838 0.0419613 3 5 0
0.0587349 0.0884494 0.0416875 3 5 0
0.0587207 0.0887139 0.0414141 3 5 0
0.0587062 0.0889775 0.0411417 3 5 0
0.0586915 0.0892401 0.0408703 3 5 0
0.0586764 0.0895016 0.0405993 3 5 0
0.0586611 0.0897621 0.0403295 3 5 0
0.0586454 0.0900215 0.0400605 3 5 0
0.0586295 0.0902801 0.0397924 3 5 0
0.0586132 0.0905374 0.039525 3 5 0
0.0585967 0.0907936 0.0392587 3 5 0
0.0585798 0.0910488 0.0389933 3 5 0
0.0585626 0.0913027 0.0387286 3 5 0
0.0585452 0.0915555 0.0384649 3 5 0
0.0585273 0.0918073 0.0382024 3 5 0
0.0585092 0.0920577 0.0379405 3 5 0
0.0584907 0.092307 0.0376797 3 5 0
0.0584719 0.092555 0.0374201 3 5 0
0.0584528 0.0928018 0.0371613 3 5 0
0.0584333 0.0930473 0.0369034 3 5 0
0.0584135 0.0932915 0.0366466 3 5 0
0.0583933 0.0935344 0.0363909 3 5 0
0.0583728 0.0937761 0.0361363 3 5 0
0.0583519 0.0940162 0.0358827 3 5 0
0.0583307 0.0942551 0.03563 3 5 0
0.058309 0.0944926 0.0353785 3 5 0
0.058287 0.0947285 0.0351282 3 5 0
0.0582647 0.0949631 0.0348789 3 5 0
0.0582419 0.0951962 0.0346308 3 5 0
0.0582187 0.0954278 0.0343841 3 5 0
0.0581952 0.0956579 0.0341383 3 5 0
0.0581712 0.0958864 0.0338936 3 5 0
0.0581468 0.0961134 0.0336501 3 5 0
0.058122 0.0963388 0.0334079 3 5 0
0.0580968 0.0965626 0.033167 3 5 0
0.0580711 0.0967847 0.0329275 3 5 0
0.058045 0.0970051 0.0326892 3 5 0
0.0580184 0.097224 0.032452 3 5 0
0.0579914 0.0974411 0.0322159 3 5 0
0.0579639 0.0976564 0.0319814 3 5 0
0.0579359 0.09787 0.0317483 3 5 0
0.0579075 0.0980818 0.0315167 3 5 0
0.0578785 0.0982917 0.0312863 3 5 0
0.0578491 0.0984999 0.0310573 3 5 0
0.0578191 0.0987062 0.0308297 3 5 0
0.0577886 0.0989106 0.0306037 3 5 0
0.0577576 0.099113 0.0303791 3 5 0
0.0577261 0.0993137 0.0301558 3 5 0
0.057694 0.0995123 0.0299343 3 5 0
0.0576613 0.0997089 0.0297142 3 5 0
0.0576281 0.0999035 0.0294959 3 5 0
0.0575942 0.100096 0.0292789 3 5 0
0.0575598 0.100287 0.0290635 3 5 0
0.0575248 0.100475 0.0288498 3 5 0
0.0574892 0.100662 0.0286378 3 5 0
0.0574529 0.100846 0.0284276 3 5 0
0.057416 0.101028 0.0282189 3 5 0
0.0573785 0.101208 0.0280121 3 5 0
0.0573403 0.101386 0.0278071 3 5 0
0.0573014 0.101562 0.0276037 3 5 0
0.0572618 0.101735 0.0274018 3 5 0
0.0572216 0.101906 0.0272019 3 5 0
0.0571807 0.102075 0.0270038 3 5 0
0.057139 0.102242 0.0268078 3 5 0
0.0570966 0.102406 0.0266137 3 5 0
0.0570535 0.102569 0.0264211 3 5 0
0.0570097 0.102729 0.0262307 3 5 0
0.0569651 0.102886 0.0260424 3 5 0
0.0569198 0.103042 0.0258557 3 5 0
0.0568736 0.103195 0.0256711 3 5 0
0.0568268 0.103346 0.0254887 3 5 0
0.0567791 0.103494 0.025308 3 5 0
0.0567307 0.10364 0.0251297 3 5 0
0.0566814 0.103784 0.0249535 3 5 0
0.0566314 0.103926 0.0247788 3 5 0
0.0565805 0.104065 0.0246062 3 5 0
0.0565289 0.104202 0.0244358 3 5 0
0.0564765 0.104337 0.0242681 3 5 0
0.0564232 0.104469 0.0241017 3 5 0
0.0563691 0.104599 0.0239374 3 5 0
0.0563142 0.104727 0.0237757 3 5 0
0.0562585 0.104853 0.0236163 3 5 0
0.056202 0.104976 0.023458 3 5 0
0.0561447 0.105097 0.0233023 3 5 0
0.0560866 0.105216 0.0231493 3 5 0
0.0560277 0.105333 0.0229979 3 5 0
0.0559679 0.105447 0.0228486 3 5 0
0.0559074 0.10556 0.0227013 3 5 0
0.0558461 0.10567 0.0225558 3 5 0
0.055784 0.105778 0.0224133 3 5 0
0.0557211 0.105884 0.0222718 3 5 0
0.0556574 0.105988 0.0221328 3 5 0
0.055593 0.10609 0.021996 3 5 0
0.0555279 0.106191 0.0218615 3 5 0
0.055462 0.106289 0.0217289 3 5 0
0.0553953 0.106385 0.0215975 3 5 0
0.055328 0.106479 0.0214688 3 5 0
0.0552599 0.106572 0.0213425 3 5 0
0.0551912 0.106663 0.0212171 3 5 0
0.0551218 0.106751 0.021094 3 5 0
0.0550517 0.106839 0.0209733 3 5 0
0.0549809 0.106924 0.0208538 3 5 0
0.0549095 0.107008 0.020737 3 5 0
0.0548375 0.10709 0.0206211 3 5 0
0.0547649 0.107171 0.0205077 3 5 0
0.0546917 0.10725 0.0203953 3 5 0
0.0546179 0.107327 0.0202852 3 5 0
0.0545435 0.107403 0.0201768 3 5 0
0.0544686 0.107478 0.02007 3 5 0
0.0543932 0.107551 0.0199654 3 5 0
0.0543172 0.107623 0.019862 3 5 0
0.0542407 0.107693 0.0197599 3 5 0
0.0541638 0.107762 0.0196599 3 5 0
0.0540864 0.10783 0.0195616 3 5 0
0.0540085 0.107897 0.0194643 3 5 0
0.0539302 0.107962 0.0193686 3 5 0
0.0538514 0.108026 0.0192746 3 5 0
0.0537723 0.10809 0.0191824 3 5 0
0.0536927 0.108152 0.0190911 3 5 0
0.0536128 0.108213 0.0190012 3 5 0
0.0535326 0.108273 0.0189134 3 5 0
0.0534519 0.108331 0.0188259 3 5 0
0.053371 0.10839 0.0187403 3 5 0
0.0532897 0.108447 0.0186558 3 5 0
0.0532082 0.108503 0.0185731 3 5 0
0.0531263 0.108558 0.018491 3 5 0
0.0530442 0.108613 0.0184103 3 5 0
0.0529618 0.108666 0.0183312 3 5 0
0.0528792 0.108719 0.0182527 3 5 0
0.0527963 0.108771 0.0181757 3 5 0
0.0527133 0.108822 0.0181001 3 5 0
0.05263 0.108873 0.0180248 3 5 0
0.0525465 0.108923 0.0179512 3 5 0
0.0524628 0.108972 0.0178788 3 5 0
0.052379 0.109021 0.0178071 3 5 0
0.052295 0.109069 0.0177361 3 5 0
0.0522109 0.109117 0.0176665 3 5 0
0.0521267 0.109163 0.0175979 3 5 0
0.0520423 0.10921 0.01753 3 5 0
0.0519578 0.109255 0.0174636 3 5 0
0.0518732 0.109301 0.0173974 3 5 0
0.0517886 0.109345 0.0173328 3 5 0
0.0517038 0.10939 0.0172685 3 5 0
0.051619 0.109434 0.0172054 3 5 0
0.0515341 0.109477 0.0171432 3 5 0
0.0514492 0.10952 0.0170813 3 5 0
0.0513643 0.109563 0.0170209 3 5 0
0.0512793 0.109605 0.0169608 3 5 0
0.0511943 0.109647 0.0169014 3 5 0
0.0511093 0.109689 0.0168434 3 5 0
0.0510243 0.10973 0.0167854 3 5 0
0.0509393 0.109771 0.0167285 3 5 0
0.0508543 0.109812 0.0166723 3 5 0
0.0507693 0.109852 0.0166169 3 5 0
0.0506844 0.109892 0.0165623 3 5 0
0.0505995 0.109932 0.016508 3 5 0
0.0505147 0.109971 0.0164547 3 5 0
0.0504299 0.110011 0.0164015 3 5 0
0.0503452 0.11005 0.0163494 3 5 0
0.0502606 0.110089 0.0162982 3 5 0
0.050176 0.110128 0.0162468 3 5 0
0.0500915 0.110166 0.0161967 3 5 0
0.0500071 0.110205 0.0161466 3 5 0
0.0499228 0.110243 0.0160975 3 5 0
0.0498386 0.110281 0.0160488 3 5 0
0.0497546 0.110319 0.0160008 3 5 0
0.0496706 0.110356 0.0159536 3 5 0
0.0495868 0.110394 0.0159064 3 5 0
0.0495031 0.110432 0.0158597 3 5 0
0.0494195 0.110469 0.0158138 3 5 0
0.0493361 0.110507 0.0157683 3 5 0
0.0492528 0.110544 0.0157237 3 5 0
0.0491697 0.110581 0.015679 3 5 0
0.0490867 0.110618 0.0156352 3 5 0
0.0490039 0.110656 0.0155915 3 5 0
0.0489213 0.110693 0.0155483 3 5 0
0.0488388 0.11073 0.0155058 3 5 0
0.0487565 0.110767 0.0154638 3 5 0
0.0486744 0.110804 0.0154218 3 5 0
0.0485925 0.110841 0.0153808 3 5 0
0.0485108 0.110878 0.0153397 3 5 0
0.0484293 0.110915 0.0152992 3 5 0
0.048348 0.110952 0.0152593 3 5 0
0.0482669 0.110989 0.0152195 3 5 0
0.048186 0.111026 0.0151803 3 5 0
0.0481054 0.111063 0.0151416 3 5 0
0.0480249 0.1111 0.0151029 3 5 0
0.0479447 0.111137 0.0150649 3 5 0
0.0478647 0.111175 0.0150272 3 5 0
0.047785 0.111212 0.0149898 3 5 0
0.0477055 0.111249 0.0149529 3 5 0
0.0476262 0.111287 0.0149161 3 5 0
0.0475472 0.111324 0.0148799 3 5 0
0.0474684 0.111362 0.0148443 3 5 0
0.0473899 0.1114 0.0148083 3 5 0
0.0473117 0.111437 0.0147732 3 5 0
0.0472337 0.111475 0.0147382 3 5 0
0.047156 0.111513 0.0147035 3 5 0
0.0470786 0.111551 0.0146694 3 5 0
0.0470014 0.111589 0.0146353 3 5 0
0.0469245 0.111627 0.0146014 3 5 0
0.0468479 0.111666 0.0145682 3 5 0
0.0467716 0.111705 0.0145353 3 5 0
0.0466956 0.111744 0.0145022 3 5 0
0.0466199 0.111782 0.0144699 3 5 0
0.0465444 0.111821 0.0144376 3 5 0
0.0464693 0.111861 0.0144058 3 5 0
0.0463945 0.1119 0.0143739 3 5 0
0.04632 0.111939 0.0143425 3 5 0
0.0462458 0.111979 0.0143118 3 5 0
0.0461719 0.112019 0.0142808 3 5 0
0.0460984 0.112059 0.0142501 3 5 0
0.0460251 0.112099 0.01422 3 5 0
0.0459522 0.112139 0.0141901 3 5 0
0.0458796 0.11218 0.0141601 3 5 0
0.0458074 0.112221 0.0141307 3 5 0
0.0457355 0.112262 0.0141014 3 5 0
0.0456639 0.112303 0.0140722 3 5 0
0.0455927 0.112345 0.0140435 3 5 0
0.0455218 0.112386 0.0140152 3 5 0
0.0454513 0.112428 0.0139867 3 5 0
0.0453811 0.11247 0.0139588 3 5 0
0.0453113 0.112513 0.013931 3 5 0
0.0452418 0.112555 0.0139032 3 5 0
0.0451728 0.112598 0.0138761 3 5 0
0.045104 0.112641 0.0138489 3 5 0
0.0450357 0.112685 0.0138218 3 5 0
0.0449677 0.112728 0.0137951 3 5 0
0.0449001 0.112772 0.0137687 3 5 0
0.0448329 0.112816 0.0137427 3 5 0
0.0447661 0.11286 0.0137164 3 5 0
0.0446997 0.112905 0.0136907 3 5 0
0.0446336 0.11295 0.0136652 3 5 0
0.044568 0.112995 0.0136397 3 5 0
0.0445027 0.113041 0.0136145 3 5 0
0.0444379 0.113087 0.0135897 3 5 0
0.0443734 0.113133 0.013565 3 5 0
0.0443094 0.113179 0.0135404 3 5 0
0.0442458 0.113226 0.013516 3 5 0
0.0441826 0.113273 0.013492 3 5 0
0.0441198 0.113321 0.0134682 3 5 0
0.0440574 0.113368 0.0134444 3 5 0
0.0439955 0.113416 0.0134208 3 5 0
0.043934 0.113465 0.0133976 3 5 0
0.0438729 0.113513 0.0133745 3 5 0
0.0438123 0.113563 0.0133513 3 5 0
0.0437521 0.113612 0.0133286 3 5 0
0.0436924 0.113662 0.0133061 3 5 0
0.0436331 0.113712 0.013284 3 5 0
0.0435742 0.113763 0.0132617 3 5 0
0.0435158 0.113814 0.0132397 3 5 0
0.0434579 0.113865 0.0132178 3 5 0
0.0434004 0.113917 0.0131963 3 5 0
0.0433434 0.113969 0.0131751 3 5 0
0.0432868 0.114021 0.0131537 3 5 0
0.0432308 0.114073 0.0131326 3 5 0
0.0431752 0.114127 0.0131118 3 5 0
0.04312 0.114181 0.0130914 3 5 0
0.0430654 0.114235 0.0130709 3 5 0
0.0430112 0.114289 0.0130505 3 5 0
0.0429576 0.114344 0.0130304 3 5 0
0.0429044 0.114399 0.0130105 3 5 0
0.0428517 0.114455 0.0129909 3 5 0
0.0427995 0.114511 0.0129714 3 5 0
0.0427478 0.114568 0.012952 3 5 0
0.0426967 0.114625 0.0129328 3 5 0
0.042646 0.114683 0.0129139 3 5 0
0.0425958 0.11474 0.0128952 3 5 0
0.0425462 0.114799 0.0128766 3 5 0
0.042497 0.114858 0.012858 3 5 0
0.0424484 0.114917 0.0128397 3 5 0
0.0424003 0.114977 0.0128217 3 5 0
0.0423527 0.115038 0.0128039 3 5 0
0.0423057 0.115099 0.0127863 3 5 0
0.0422592 0.11516 0.0127689 3 5 0
0.0422132 0.115222 0.0127514 3 5 0
0.0421677 0.115284 0.0127342 3 5 0
0.0421228 0.115347 0.0127173 3 5 0
0.0420785 0.11541 0.0127006 3 5 0
0.0420346 0.115474 0.0126841 3 5 0
0.0419913 0.115539 0.0126678 3 5 0
0.0419486 0.115604 0.0126515 3 5 0
0.0419064 0.115669 0.0126354 3 5 0
0.0418647 0.115735 0.0126195 3 5 0
0.0418236 0.115801 0.0126039 3 5 0
0.041783 0.115868 0.0125885 3 5 0
0.041743 0.115936 0.0125733 3 5 0
0.0417035 0.116004 0.0125581 3 5 0
0.0416646 0.116073 0.0125432 3 5 0
0.0416263 0.116142 0.0125284 3 5 0
0.0415884 0.116212 0.012514 3 5 0
0.0415512 0.116282 0.0124997 3 5 0
0.0415145 0.116353 0.0124857 3 5 0
0.0414783 0.116424 0.0124715 3 5 0
0.0414427 0.116496 0.0124577 3 5 0
0.0414077 0.116568 0.012444 3 5 0
0.0413732 0.116641 0.0124306 3 5 0
0.0413392 0.116715 0.0124175 3 5 0
0.0413058 0.116789 0.0124045 3 5 0
0.041273 0.116863 0.0123916 3 5 0
0.0412407 0.116939 0.0123789 3 5 0
0.0412089 0.117014 0.0123663 3 5 0
0.0411777 0.117091 0.0123541 3 5 0
0.041147 0.117168 0.012342 3 5 0
0.0411168 0.117245 0.0123301 3 5 0
0.0410872 0.117323 0.0123184 3 5 0
0.0410581 0.117401 0.0123067 3 5 0
0.0410295 0.11748 0.0122953 3 5 0
0.0410015 0.11756 0.012284 3 5 0
0.040974 0.11764 0.012273 3 5 0
0.040947 0.117721 0.0122621 3 5 0
0.0409205 0.117802 0.0122516 3 5 0
0.0408945 0.117884 0.0122411 3 5 0
0.040869 0.117966 0.0122308 3 5 0
0.040844 0.118049 0.0122205 3 5 0
0.0408196 0.118132 0.0122105 3 5 0
0.0407956 0.118216 0.0122007 3 5 0
0.0407721 0.1183 0.0121911 3 5 0
0.040749 0.118384 0.0121817 3 5 0
0.0407265 0.11847 0.0121725 3 5 0
0.0407044 0.118555 0.0121632 3 5 0
0.0406828 0.118641 0.0121542 3 5 0
0.0406616 0.118727 0.0121454 3 5 0
0.0406409 0.118815 0.0121368 3 5 0
0.0406206 0.118903 0.0121284 3 5 0
0.0406008 0.11899 0.0121202 3 5 0
0.0405814 0.119079 0.0121121 3 5 0
0.0405624 0.119168 0.012104 3 5 0
0.0405439 0.119257 0.0120961 3 5 0
0.0405258 0.119346 0.0120884 3 5 0
0.040508 0.119436 0.0120809 3 5 0
0.0404907 0.119527 0.0120735 3 5 0
0.0404738 0.119616 0.0120664 3 5 0
0.0404573 0.119708 0.0120594 3 5 0
0.0404411 0.119799 0.0120523 3 5 0
0.0404253 0.119891 0.0120455 3 5 0
0.0404099 0.119983 0.0120388 3 5 0
0.0403949 0.120076 0.0120323 3 5 0
0.0403802 0.120169 0.012026 3 5 0
0.0403658 0.120262 0.0120198 3 5 0
0.0403518 0.120355 0.0120136 3 5 0
0.0403381 0.120449 0.0120076 3 5 0
0.0403248 0.120543 0.0120017 3 5 0
0.0403118 0.120637 0.011996 3 5 0
0.0402991 0.120731 0.0119904 3 5 0
0.0402867 0.120825 0.011985 3 5 0
0.0402746 0.12092 0.0119796 3 5 0
0.0402628 0.121016 0.0119743 3 5 0
0.0402512 0.121111 0.0119691 3 5 0
0.04024 0.121206 0.0119641 3 5 0
0.0402291 0.121302 0.0119592 3 5 0
0.0402184 0.121397 0.0119545 3 5 0
0.040208 0.121493 0.0119498 3 5 0
0.0401978 0.12159 0.0119451 3 5 0
0.0401879 0.121686 0.0119406 3 5 0
0.0401782 0.121782 0.0119362 3 5 0
0.0401688 0.121879 0.011932 3 5 0
0.0401596 0.121975 0.0119279 3 5 0
0.0401507 0.122072 0.0119237 3 5 0
0.0401419 0.122168 0.0119197 3 5 0
0.0401334 0.122265 0.0119157 3 5 0
0.0401251 0.122362 0.011912 3 5 0
0.040117 0.122458 0.0119083 3 5 0
0.0401091 0.122556 0.0119046 3 5 0
0.0401014 0.122653 0.011901 3 5 0
0.0400939 0.12275 0.0118975 3 5 0
0.0400866 0.122847 0.0118941 3 5 0
0.0400794 0.122944 0.0118909 3 5 0
0.0400725 0.123041 0.0118877 3 5 0
0.0400657 0.123138 0.0118844 3 5 0
0.0400591 0.123234 0.0118812 3 5 0
0.0400526 0.123331 0.0118782 3 5 0
0.0400463 0.123428 0.0118753 3 5 0
0.0400402 0.123524 0.0118725 3 5 0
0.0400342 0.123621 0.0118696 3 5 0
0.0400283 0.123718 0.0118667 3 5 0
0.0400226 0.123814 0.011864 3 5 0
0.0400171 0.123909 0.0118614 3 5 0
0.0400116 0.124006 0.0118589 3 5 0
0.0400063 0.124103 0.0118564 3 5 0
0.0400012 0.124198 0.0118538 3 5 0
0.0399961 0.124293 0.0118514 3 5 0
0.0399912 0.12439 0.011849 3 5 0
0.0399864 0.124485 0.0118468 3 5 0
0.0399817 0.124581 0.0118446 3 5 0
0.0399771 0.124677 0.0118423 3 5 0
0.0399726 0.124772 0.0118401 3 5 0
0.0399683 0.124867 0.011838 3 5 0
0.039964 0.124962 0.011836 3 5 0
0.0399598 0.125056 0.0118341 3 5 0
0.0399558 0.125151 0.011832 3 5 0
0.0399518 0.125245 0.01183 3 5 0
0.0399479 0.125338 0.0118281 3 5 0
0.0399441 0.125432 0.0118263 3 5 0
0.0399404 0.125526 0.0118246 3 5 0
0.0399368 0.125619 0.0118228 3 5 0
0.0399332 0.125713 0.0118209 3 5 0
0.0399298 0.125806 0.0118192 3 5 0
0.0399264 0.125898 0.0118175 3 5 0
0.039923 0.125989 0.011816 3 5 0
0.0399198 0.126081 0.0118145 3 5 0
0.0399166 0.126173 0.0118129 3 5 0
0.0399135 0.126265 0.0118112 3 5 0
0.0399105 0.126357 0.0118097 3 5 0
0.0399075 0.126447 0.0118083 3 5 0
0.0399046 0.126538 0.0118069 3 5 0
0.0399017 0.126629 0.0118055 3 5 0
0.0398989 0.12672 0.011804 3 5 0
0.0398961 0.126809 0.0118026 3 5 0
0.0398934 0.126898 0.0118013 3 5 0
0.0398908 0.126988 0.0118 3 5 0
0.0398882 0.127078 0.0117989 3 5 0
0.0398857 0.127167 0.0117975 3 5 0
0.0398832 0.127254 0.0117962 3 5 0
0.0398807 0.127343 0.0117949 3 5 0
0.0398783 0.127431 0.0117938 3 5 0
0.039876 0.127517 0.0117927 3 5 0
0.0398737 0.127605 0.0117916 3 5 0
0.0398714 0.127692 0.0117903 3 5 0
0.0398692 0.12778 0.0117892 3 5 0
0.039867 0.127866 0.0117881 3 5 0
0.0398648 0.127952 0.0117871 3 5 0
0.0398627 0.128037 0.011786 3 5 0
0.0398606 0.128123 0.011785 3 5 0
0.0398585 0.128208 0.0117838 3 5 0
0.0398565 0.128292 0.0117828 3 5 0
0.0398545 0.128376 0.0117818 3 5 0
0.0398525 0.128459 0.0117809 3 5 0
0.0398506 0.128542 0.0117799 3 5 0
0.0398487 0.128625 0.011779 3 5 0
0.0398468 0.128709 0.0117779 3 5 0
0.039845 0.128793 0.011777 3 5 0
0.0398431 0.128875 0.011776 3 5 0
0.0398413 0.128956 0.0117752 3 5 0
0.0398395 0.129037 0.0117743 3 5 0
0.0398378 0.129118 0.0117735 3 5 0
0.039836 0.129198 0.0117725 3 5 0
0.0398343 0.12928 0.0117716 3 5 0
0.0398326 0.12936 0.0117707 3 5 0
0.0398309 0.12944 0.0117699 3 5 0
0.0398292 0.129518 0.0117691 3 5 0
0.0398276 0.129597 0.0117683 3 5 0
0.0398259 0.129676 0.0117674 3 5 0
0.0398243 0.129754 0.0117665 3 5 0
0.0398227 0.129832 0.0117657 3 5 0
0.0398211 0.12991 0.011765 3 5 0
0.0398195 0.129984 0.0117642 3 5 0
0.0398179 0.130062 0.0117634 3 5 0
0.0398163 0.130139 0.0117625 3 5 0
0.0398148 0.130214 0.0117617 3 5 0
0.0398132 0.13029 0.0117609 3 5 0
0.0398117 0.130366 0.0117602 3 5 0
0.0398101 0.130441 0.0117594 3 5 0
0.0398086 0.130515 0.0117587 3 5 0
0.0398071 0.130589 0.0117578 3 5 0
0.0398055 0.130662 0.0117571 3 5 0
0.039804 0.130736 0.0117562 3 5 0
0.0398025 0.130809 0.0117554 3 5 0
0.0398009 0.130882 0.0117546 3 5 0
0.0397994 0.130954 0.0117539 3 5 0
0.0397979 0.131026 0.0117533 3 5 0
0.0397964 0.131097 0.0117525 3 5 0
0.0397948 0.131168 0.0117516 3 5 0
0.0397933 0.131238 0.0117507 3 5 0
0.0397917 0.131308 0.0117499 3 5 0
0.0397902 0.131378 0.0117491 3 5 0
0.0397886 0.131447 0.0117485 3 5 0
0.039787 0.131515 0.0117476 3 5 0
0.0397854 0.131583 0.0117469 3 5 0
0.0397838 0.131651 0.0117459 3 5 0
0.0397822 0.131718 0.0117451 3 5 0
0.0397806 0.131785 0.0117442 3 5 0
0.0397789 0.131851 0.0117434 3 5 0
0.0397773 0.131918 0.0117425 3 5 0
0.0397756 0.131985 0.0117418 3 5 0
0.0397739 0.132051 0.011741 3 5 0
0.0397721 0.132118 0.01174 3 5 0
0.0397703 0.132182 0.0117392 3 5 0
0.0397685 0.132246 0.0117381 3 5 0
0.0397667 0.132309 0.0117372 3 5 0
0.0397648 0.132373 0.0117362 3 5 0
0.0397629 0.132436 0.0117352 3 5 0
0.039761 0.132499 0.0117342 3 5 0
0.039759 0.132561 0.0117333 3 5 0
0.0397569 0.132622 0.0117323 3 5 0
0.0397548 0.132683 0.0117312 3 5 0
0.0397527 0.132743 0.01173 3 5 0
0.0397505 0.132803 0.0117288 3 5 0
0.0397482 0.132863 0.0117277 3 5 0
0.0397458 0.132921 0.0117264 3 5 0
0.0397434 0.132979 0.0117251 3 5 0
0.0397409 0.133037 0.0117239 3 5 0
0.0397383 0.133094 0.0117225 3 5 0
0.0397355 0.13315 0.0117211 3 5 0
0.0397327 0.133206 0.0117196 3 5 0
0.0397298 0.13326 0.0117181 3 5 0
0.0397268 0.133314 0.0117166 3 5 0
0.0397236 0.133368 0.0117149 3 5 0
0.0397203 0.133421 0.0117132 3 5 0
0.0397168 0.133473 0.0117114 3 5 0
0.0397131 0.133524 0.0117096 3 5 0
0.0397093 0.133574 0.0117075 3 5 0
0.0397053 0.133624 0.0117053 3 5 0
0.0397011 0.133672 0.0117032 3 5 0
0.0396967 0.133719 0.0117009 3 5 0
0.039692 0.133767 0.0116985 3 5 0
0.0396871 0.133817 0.0116959 3 5 0
0.0396819 0.133863 0.0116931 3 5 0
0.0396764 0.133908 0.0116901 3 5 0
0.0396706 0.13395 0.011687 3 5 0
0.0396645 0.13399 0.0116837 3 5 0
0.0396581 0.134034 0.0116802 3 5 0
0.0396514 0.134075 0.0116768 3 5 0
0.0396443 0.134113 0.0116729 3 5 0
0.0396368 0.134148 0.0116687 3 5 0
0.0396289 0.134182 0.0116645 3 5 0
0.0396206 0.134216 0.0116599 3 5 0
0.039612 0.134247 0.0116551 3 5 0
0.0396029 0.134276 0.0116499 3 5 0
0.0395935 0.134304 0.0116446 3 5 0
0.0395836 0.13433 0.011639 3 5 0
0.0395734 0.134355 0.0116332 3 5 0
0.0395627 0.134376 0.011627 3 5 0
0.0395517 0.134395 0.0116206 3 5 0
0.0395402 0.134419 0.0116139 3 5 0
0.0395284 0.134439 0.0116068 3 5 0
0.0395163 0.134457 0.0115996 3 5 0
0.0395037 0.134472 0.0115917 3 5 0
0.0394908 0.134489 0.0115837 3 5 0
0.0394776 0.134503 0.0115754 3 5 0
0.0394641 0.134517 0.0115666 3 5 0
0.0394503 0.134528 0.0115574 3 5 0
0.0394362 0.134538 0.0115476 3 5 0
0.0394218 0.134551 0.0115236 3 5 0
0.0394071 0.134558 0.0114988 3 5 0
0.0393922 0.134571 0.011474 3 5 0
0.0393771 0.134578 0.0114495 3 5 0
0.0393617 0.134589 0.0114253 3 5 0
0.0393462 0.134597 0.0114011 3 5 0
0.0393304 0.134599 0.0113773 3 5 0
0.0393144 0.134609 0.0113539 3 5 0
0.0392983 0.134616 0.0113309 3 5 0
0.0392821 0.134621 0.011308 3 5 0
0.0392656 0.134627 0.0112856 3 5 0
0.0392491 0.13463 0.0112636 3 5 0
0.0392324 0.134636 0.0112419 3 5 0
0.0392156 0.13464 0.0112205 3 5 0
0.0391987 0.134641 0.0111997 3 5 0
0.0391816 0.134642 0.0111792 3 5 0
0.0391645 0.13465 0.0111588 3 5 0
0.0391473 0.134654 0.011139 3 5 0
0.0391301 0.134655 0.0111195 3 5 0
0.0391127 0.134653 0.0111003 3 5 0
0.0390953 0.13466 0.0110816 3 5 0
0.0390779 0.134659 0.011063 3 5 0
0.0390603 0.134662 0.011045 3 5 0
0.0390428 0.134665 0.0110271 3 5 0
0.0390252 0.134665 0.0110097 3 5 0
0.0390075 0.134663 0.0109924 3 5 0
0.0389899 0.134667 0.0109757 3 5 0
0.0389722 0.134668 0.010959 3 5 0
0.0389544 0.134667 0.0109428 3 5 0
0.0389367 0.134664 0.0109268 3 5 0
0.0389189 0.134667 0.0109112 3 5 0
0.0389011 0.134667 0.0108956 3 5 0
0.0388834 0.134663 0.0108806 3 5 0
0.0388656 0.134666 0.0108656 3 5 0
0.0388478 0.134662 0.0108509 3 5 0
0.03883 0.134662 0.0108366 3 5 0
0.0388122 0.13466 0.0108224 3 5 0
0.0387944 0.134661 0.0108086 3 5 0
0.0387767 0.134658 0.0107947 3 5 0
0.0387589 0.134654 0.0107813 3 5 0
0.0387411 0.134655 0.0107683 3 5 0
0.0387234 0.134654 0.010755 3 5 0
0.0387057 0.134653 0.0107423 3 5 0
0.038688 0.134651 0.0107296 3 5 0
0.0386703 0.134647 0.0107173 3 5 0
0.0386526 0.134647 0.010705 3 5 0
0.038635 0.134647 0.0106931 3 5 0
0.0386174 0.134646 0.0106811 3 5 0
0.0385998 0.13464 0.0106695 3 5 0
0.0385823 0.134641 0.0106581 3 5 0
0.0385648 0.13464 0.0106468 3 5 0
0.0385473 0.134637 0.0106356 3 5 0
0.0385298 0.134635 0.0106248 3 5 0
0.0385124 0.134631 0.0106139 3 5 0
0.038495 0.134626 0.0106032 3 5 0
0.0384777 0.134626 0.0105928 3 5 0
0.0384604 0.134624 0.0105825 3 5 0
0.0384431 0.134621 0.0105722 3 5 0
0.0384259 0.134616 0.0105624 3 5 0
0.0384087 0.134611 0.0105523 3 5 0
0.0383916 0.134611 0.0105426 3 5 0
0.0383745 0.134608 0.0105331 3 5 0
0.0383574 0.134604 0.0105235 3 5 0
0.0383404 0.1346 0.0105141 3 5 0
0.0383235 0.134593 0.0105052 3 5 0
0.0383066 0.13459 0.0104959 3 5 0
0.0382897 0.134584 0.0104869 3 5 0
0.0382729 0.134583 0.0104783 3 5 0
0.0382562 0.13458 0.0104694 3 5 0
0.0382395 0.134575 0.0104608 3 5 0
0.0382228 0.13457 0.0104525 3 5 0
0.0382062 0.134563 0.0104439 3 5 0
0.0381897 0.134557 0.0104356 3 5 0
0.0381732 0.134555 0.0104277 3 5 0
0.0381568 0.13455 0.0104194 3 5 0
0.0381404 0.134545 0.0104115 3 5 0
0.0381241 0.13454 0.0104039 3 5 0
0.0381078 0.134532 0.010396 3 5 0
0.0380916 0.134526 0.0103884 3 5 0
0.0380755 0.134519 0.010381 3 5 0
0.0380594 0.134516 0.0103733 3 5 0
0.0380434 0.13451 0.010366 3 5 0
0.0380274 0.134501 0.010359 3 5 0
0.0380115 0.134497 0.0103516 3 5 0
0.0379957 0.134491 0.0103445 3 5 0
0.0379799 0.134483 0.0103376 3 5 0
0.0379642 0.134479 0.0103308 3 5 0
0.0379486 0.134471 0.010324 3 5 0
0.037933 0.134466 0.0103171 3 5 0
0.0379175 0.13446 0.0103106 3 5 0
0.037902 0.134452 0.010304 3 5 0
0.0378866 0.134446 0.0102975 3 5 0
0.0378713 0.134438 0.0102912 3 5 0
0.0378561 0.134428 0.0102848 3 5 0
0.0378409 0.134424 0.0102785 3 5 0
0.0378258 0.134417 0.0102726 3 5 0
0.0378108 0.134406 0.0102665 3 5 0
0.0377958 0.134401 0.0102602 3 5 0
0.0377809 0.134394 0.0102543 3 5 0
0.037766 0.134387 0.0102484 3 5 0
0.0377513 0.134378 0.0102427 3 5 0
0.0377366 0.134368 0.0102368 3 5 0
0.037722 0.134362 0.0102313 3 5 0
0.0377074 0.134355 0.0102255 3 5 0
0.0376929 0.134346 0.0102202 3 5 0
0.0376785 0.134339 0.0102147 3 5 0
0.0376642 0.134329 0.0102092 3 5 0
0.0376499 0.134319 0.0102038 3 5 0
0.0376358 0.134313 0.0101987 3 5 0
0.0376216 0.134301 0.0101933 3 5 0
0.0376076 0.134295 0.0101882 3 5 0
0.0375936 0.134288 0.010183 3 5 0
0.0375798 0.134278 0.0101782 3 5 0
0.0375659 0.134266 0.010173 3 5 0
0.0375522 0.134261 0.0101681 3 5 0
0.0375386 0.134252 0.0101632 3 5 0
0.037525 0.134241 0.0101586 3 5 0
0.0375115 0.13423 0.0101537 3 5 0
0.037498 0.134223 0.010149 3 5 0
0.0374847 0.134215 0.0101443 3 5 0
0.0374714 0.134205 0.0101397 3 5 0
0.0374582 0.134193 0.0101353 3 5 0
0.0374451 0.134186 0.0101308 3 5 0
0.037432 0.134177 0.0101262 3 5 0
0.0374191 0.134168 0.0101221 3 5 0
0.0374062 0.134157 0.0101175 3 5 0
0.0373934 0.134148 0.0101132 3 5 0
0.0373807 0.134136 0.0101092 3 5 0
0.037368 0.134128 0.0101049 3 5 0
0.0373554 0.134119 0.0101008 3 5 0
0.0373429 0.134108 0.0100966 3 5 0
0.0373305 0.134096 0.0100928 3 5 0
0.0373182 0.134088 0.0100888 3 5 0
0.037306 0.134079 0.0100846 3 5 0
0.0372938 0.134068 0.0100808 3 5 0
0.0372817 0.134056 0.0100769 3 5 0
0.0372697 0.134048 0.0100731 3 5 0
0.0372578 0.134039 0.0100695 3 5 0
0.0372459 0.134026 0.0100656 3 5 0
0.0372341 0.134015 0.010062 3 5 0
0.0372224 0.134007 0.0100582 3 5 0
0.0372108 0.133996 0.0100547 3 5 0
0.0371993 0.133987 0.010051 3 5 0
0.0371879 0.133975 0.0100477 3 5 0
0.0371765 0.133964 0.010044 3 5 0
0.0371652 0.133955 0.0100408 3 5 0
0.037154 0.133944 0.0100372 3 5 0
0.0371429 0.133932 0.0100339 3 5 0
0.0371319 0.133923 0.0100306 3 5 0
0.0371209 0.133911 0.0100273 3 5 0
0.0371101 0.1339 0.0100242 3 5 0
0.0370993 0.133891 0.0100208 3 5 0
0.0370886 0.133879 0.0100177 3 5 0
0.0370779 0.133865 0.0100145 3 5 0
0.0370674 0.133858 0.0100115 3 5 0
0.0370569 0.133848 0.0100083 3 5 0
0.0370465 0.133835 0.0100055 3 5 0
0.0370362 0.133823 0.0100023 3 5 0
0.037026 0.133815 0.00999955 3 5 0
0.0370159 0.133804 0.00999646 3 5 0
0.0370058 0.133789 0.00999371 3 5 0
0.0369959 0.133782 0.00999069 3 5 0
0.036986 0.133772 0.00998805 3 5 0
0.0369762 0.133759 0.00998509 3 5 0
0.0369664 0.133746 0.00998254 3 5 0
0.0369568 0.133739 0.0099797 3 5 0
0.0369472 0.133726 0.00997696 3 5 0
0.0369377 0.133714 0.00997452 3 5 0
0.0369283 0.133704 0.00997166 3 5 0
0.036919 0.133691 0.00996924 3 5 0
0.0369098 0.133683 0.00996655 3 5 0
0.0369006 0.133672 0.00996399 3 5 0
0.0368915 0.133658 0.00996171 3 5 0
0.0368825 0.13365 0.00995901 3 5 0
0.0368736 0.133638 0.00995675 3 5 0
0.0368648 0.133629 0.00995419 3 5 0
0.036856 0.133616 0.00995184 3 5 0
0.0368473 0.133606 0.00994953 3 5 0
0.0368387 0.133592 0.00994712 3 5 0
0.0368302 0.133584 0.00994506 3 5 0
0.0368218 0.133572 0.00994256 3 5 0
0.0368134 0.133563 0.00994041 3 5 0
0.0368051 0.13355 0.00993817 3 5 0
0.0367969 0.13354 0.00993596 3 5 0
0.0367888 0.133526 0.0099338 3 5 0
0.0367808 0.133518 0.00993176 3 5 0
0.0367728 0.133507 0.0099296 3 5 0
0.0367649 0.133497 0.00992747 3 5 0
0.0367571 0.133484 0.00992557 3 5 0
0.0367494 0.133473 0.00992338 3 5 0
0.0367417 0.133464 0.00992162 3 5 0
0.0367341 0.133452 0.0099194 3 5 0
0.0367266 0.133442 0.00991754 3 5 0
0.0367192 0.133432 0.0099156 3 5 0
0.0367119 0.133418 0.00991365 3 5 0
0.0367046 0.13341 0.00991195 3 5 0
0.0366974 0.133397 0.00990992 3 5 0
0.0366903 0.133388 0.00990816 3 5 0
0.0366833 0.133378 0.00990653 3 5 0
0.0366763 0.133367 0.00990449 3 5 0
0.0366694 0.133353 0.00990287 3 5 0
0.0366626 0.133346 0.009901 3 5 0
0.0366558 0.133335 0.00989946 3 5 0
0.0366492 0.133322 0.00989763 3 5 0
0.0366426 0.133314 0.00989607 3 5 0
0.036636 0.133302 0.00989429 3 5 0
0.0366296 0.133294 0.00989291 3 5 0
0.0366232 0.133281 0.00989113 3 5 0
0.0366169 0.133273 0.00988957 3 5 0
0.0366107 0.133262 0.00988794 3 5 0
0.0366045 0.133253 0.00988656 3 5 0
0.0365984 0.133242 0.00988487 3 5 0
0.0365924 0.133229 0.0098836 3 5 0
0.0365865 0.133221 0.00988196 3 5 0
0.0365806 0.133212 0.00988049 3 5 0
0.0365748 0.1332 0.00987914 3 5 0
0.036569 0.13319 0.0098776 3 5 0
0.0365634 0.133182 0.00987633 3 5 0
0.0365578 0.133171 0.00987487 3 5 0
0.0365522 0.133162 0.00987351 3 5 0
0.0365468 0.13315 0.00987225 3 5 0
0.0365414 0.133142 0.00987082 3 5 0
0.0365361 0.133131 0.0098696 3 5 0
0.0365308 0.133123 0.0098683 3 5 0
0.0365256 0.133113 0.009867 3 5 0
0.0365205 0.133101 0.00986592 3 5 0
0.0365154 0.133094 0.00986451 3 5 0
0.0365104 0.133085 0.0098634 3 5 0
0.0365055 0.133074 0.00986219 3 5 0
0.0365006 0.133066 0.00986094 3 5 0
0.0364958 0.133055 0.00985995 3 5 0
0.036491 0.133045 0.00985863 3 5 0
0.0364864 0.133038 0.00985763 3 5 0
0.0364817 0.133029 0.00985643 3 5 0
0.0364772 0.133017 0.0098553 3 5 0
0.0364727 0.133011 0.00985437 3 5 0
0.0364683 0.133002 0.00985319 3 5 0
0.0364639 0.132993 0.00985221 3 5 0
0.0364596 0.132984 0.00985117 3 5 0
0.0364553 0.132972 0.00985012 3 5 0
0.0364511 0.132964 0.0098493 3 5 0
0.036447 0.132958 0.00984811 3 5 0
0.0364429 0.13295 0.00984735 3 5 0
0.0364389 0.132937 0.0098462 3 5 0
0.0364349 0.132932 0.00984541 3 5 0
0.036431 0.132924 0.00984437 3 5 0
0.0364272 0.132915 0.0098435 3 5 0
0.0364234 0.132908 0.00984264 3 5 0
0.0364197 0.132897 0.00984168 3 5 0
0.036416 0.132887 0.0098408 3 5 0
0.0364124 0.132883 0.00984016 3 5 0
0.0364088 0.132875 0.00983912 3 5 0
0.0364053 0.132864 0.00983847 3 5 0
0.0364018 0.132859 0.00983748 3 5 0
0.0363984 0.13285 0.00983693 3 5 0
0.036395 0.132843 0.0098359 3 5 0
0.0363917 0.132832 0.00983537 3 5 0
0.0363885 0.132828 0.00983437 3 5 0
0.0363853 0.132821 0.00983383 3 5 0
0.0363821 0.132812 0.00983289 3 5 0
0.036379 0.132804 0.0098324 3 5 0
0.0363759 0.132796 0.00983156 3 5 0
0.0363729 0.132791 0.00983079 3 5 0
0.03637 0.132783 0.00983023 3 5 0
0.0363671 0.132776 0.00982945 3 5 0
0.0363642 0.132766 0.00982881 3 5 0
0.0363614 0.132763 0.00982817 3 5 0
0.0363586 0.132752 0.00982746 3 5 0
0.0363559 0.132748 0.00982707 3 5 0
0.0363532 0.132742 0.00982621 3 5 0
0.0363506 0.132734 0.00982567 3 5 0
0.036348 0.132729 0.00982508 3 5 0
0.0363455 0.132719 0.00982447 3 5 0
0.036343 0.132713 0.00982392 3 5 0
0.0363405 0.132709 0.00982336 3 5 0
0.0363381 0.132701 0.00982278 3 5 0
0.0363357 0.132692 0.00982237 3 5 0
0.0363334 0.13269 0.00982166 3 5 0
0.0363311 0.132683 0.00982139 3 5 0
0.0363288 0.132674 0.00982068 3 5 0
0.0363266 0.132671 0.00982017 3 5 0
0.0363244 0.132666 0.00981971 3 5 0
0.0363223 0.13266 0.00981922 3 5 0
0.0363202 0.132652 0.00981871 3 5 0
0.0363182 0.132647 0.00981825 3 5 0
0.0363161 0.132641 0.00981775 3 5 0
0.0363142 0.132636 0.00981739 3 5 0
0.0363122 0.132631 0.00981687 3 5 0
0.0363103 0.132625 0.00981651 3 5 0
0.0363084 0.13262 0.00981602 3 5 0
0.0363066 0.132611 0.00981563 3 5 0
0.0363048 0.13261 0.00981516 3 5 0
0.036303 0.132603 0.0098149 3 5 0
0.0363013 0.132598 0.00981438 3 5 0
0.0362996 0.132594 0.00981417 3 5 0
0.0362979 0.132586 0.0098136 3 5 0
0.0362963 0.132584 0.00981341 3 5 0
0.0362947 0.132579 0.0098131 3 5 0
0.0362931 0.132572 0.00981251 3 5 0
0.0362916 0.13257 0.00981237 3 5 0
0.0362901 0.132563 0.00981188 3 5 0
0.0362886 0.13256 0.00981155 3 5 0
0.0362871 0.132556 0.00981123 3 5 0
0.0362857 0.132549 0.00981098 3 5 0
0.0362843 0.132547 0.00981054 3 5 0
0.036283 0.132542 0.00981035 3 5 0
0.0362816 0.132539 0.00981008 3 5 0
0.0362803 0.132533 0.00980964 3 5 0
0.0362791 0.132529 0.00980949 3 5 0
0.0362778 0.132527 0.00980926 3 5 0
0.0362766 0.13252 0.00980879 3 5 0
0.0362754 0.132518 0.0098087 3 5 0
0.0362742 0.132514 0.00980837 3 5 0
0.0362731 0.132509 0.00980802 3 5 0
0.0362719 0.132507 0.00980786 3 5 0
0.0362709 0.132502 0.00980749 3 5 0
0.0362698 0.132498 0.00980747 3 5 0
0.0362687 0.132496 0.00980702 3 5 0
0.0362677 0.132491 0.00980694 3 5 0
0.0362667 0.132489 0.00980658 3 5 0
0.0362657 0.132482 0.00980652 3 5 0
0.0362648 0.13248 0.00980613 3 5 0
0.0362638 0.132478 0.00980616 3 5 0
0.0362629 0.132475 0.00980571 3 5 0
0.036262 0.132473 0.0098057 3 5 0
0.0362611 0.132468 0.00980532 3 5 0
0.0362603 0.132465 0.0098053 3 5 0
0.0362594 0.132463 0.00980494 3 5 0
0.0362586 0.132459 0.00980495 3 5 0
0.0362578 0.132456 0.00980458 3 5 0
0.0362571 0.132453 0.00980454 3 5 0
0.0362563 0.132452 0.00980426 3 5 0
0.0362556 0.132445 0.00980419 3 5 0
0.0362548 0.132446 0.00980391 3 5 0
0.0362541 0.13244 0.00980395 3 5 0
0.0362535 0.132441 0.00980361 3 5 0
0.0362528 0.132439 0.00980348 3 5 0
0.0362521 0.132434 0.00980341 3 5 0
0.0362515 0.132433 0.00980321 3 5 0
0.0362509 0.132431 0.00980318 3 5 0
0.0362503 0.132426 0.00980291 3 5 0
0.0362497 0.132427 0.00980288 3 5 0
0.0362491 0.132421 0.00980273 3 5 0
0.0362486 0.132422 0.00980256 3 5 0
0.036248 0.132419 0.00980246 3 5 0
0.0362475 0.132414 0.00980233 3 5 0
0.036247 0.132416 0.00980223 3 5 0
0.0362465 0.132413 0.00980209 3 5 0
0.036246 0.132409 0.00980194 3 5 0
0.0362455 0.13241 0.00980203 3 5 0
0.036245 0.132407 0.00980172 3 5 0
0.0362446 0.132404 0.00980173 3 5 0
0.0362441 0.132404 0.00980154 3 5 0
0.0362437 0.1324 0.00980159 3 5 0
0.0362433 0.1324 0.0098014 3 5 0
0.0362429 0.132399 0.00980129 3 5 0
0.0362425 0.132394 0.00980128 3 5 0
0.0362421 0.132395 0.00980107 3 5 0
0.0362417 0.132392 0.00980122 3 5 0
0.0362414 0.132393 0.00980091 3 5 0
0.036241 0.132388 0.00980083 3 5 0
0.0362407 0.13239 0.00980096 3 5 0
0.0362404 0.132386 0.00980069 3 5 0
0.03624 0.132386 0.00980076 3 5 0
0.0362397 0.132383 0.00980057 3 5 0
0.0362394 0.132384 0.00980057 3 5 0
0.0362391 0.13238 0.00980043 3 5 0
0.0362388 0.132382 0.00980047 3 5 0
0.0362386 0.13238 0.00980033 3 5 0
0.0362383 0.132378 0.00980043 3 5 0
0.036238 0.132377 0.00980017 3 5 0
0.0362378 0.132377 0.00980035 3 5 0
0.0362375 0.132374 0.00980014 3 5 0
0.0362373 0.132375 0.00980009 3 5 0
0.0362371 0.13237 0.00979998 3 5 0
0.0362369 0.132373 0.0097999 3 5 0
0.0362366 0.132368 0.00980008 3 5 0
0.0362364 0.132371 0.00979982 3 5 0
0.0362362 0.13237 0.0097998 3 5 0
0.036236 0.132365 0.0097998 3 5 0
0.0362358 0.132368 0.00979977 3 5 0
0.0362357 0.132366 0.00979972 3 5 0
0.0362355 0.132365 0.00979963 3 5 0
0.0362353 0.132365 0.00979973 3 5 0
0.0362352 0.132364 0.00979965 3 5 0
0.036235 0.132362 0.00979955 3 5 0
0.0362348 0.132363 0.00979951 3 5 0
0.0362347 0.132362 0.00979964 3 5 0
0.0362345 0.132358 0.00979941 3 5 0
0.0362344 0.132361 0.00979947 3 5 0
0.0362343 0.132359 0.00979948 3 5 0
0.0362341 0.13236 0.0097993 3 5 0
0.036234 0.132356 0.00979957 3 5 0
0.0362339 0.132355 0.00979929 3 5 0
0.0362338 0.132358 0.00979938 3 5 0
0.0362337 0.132355 0.0097992 3 5 0
0.0362336 0.132355 0.00979918 3 5 0
0.0362335 0.132355 0.00979926 3 5 0
0.0362334 0.132356 0.00979921 3 5 0
0.0362333 0.132354 0.00979936 3 5 0
0.0362332 0.132353 0.0097991 3 5 0
0.0362331 0.132354 0.00979918 3 5 0
0.036233 0.132354 0.00979916 3 5 0
0.0362329 0.132351 0.00979905 3 5 0
0.0362328 0.132353 0.00979925 3 5 0
0.0362328 0.132352 0.00979904 3 5 0
0.0362327 0.132351 0.00979915 3 5 0
0.0362326 0.132352 0.00979896 3 5 0
0.0362325 0.13235 0.00979895 3 5 0
0.0362325 0.132351 0.00979913 3 5 0
0.0362324 0.132347 0.00979895 3 5 0
0.0362324 0.13235 0.00979916 3 5 0
0.0362323 0.13235 0.0097989 3 5 0
0.0362322 0.132347 0.00979901 3 5 0
0.0362322 0.13235 0.0097989 3 5 0
0.0362321 0.132346 0.00979892 3 5 0
0.0362321 0.132349 0.009799 3 5 0
0.036232 0.132346 0.00979891 3 5 0
0.036232 0.132349 0.00979896 3 5 0
0.036232 0.132347 0.00979882 3 5 0
0.0362319 0.132346 0.00979886 3 5 0
0.0362319 0.132348 0.00979884 3 5 0
0.0362318 0.132344 0.00979899 3 5 0
0.0362318 0.132348 0.00979896 3 5 0
0.0362318 0.132343 0.00979883 3 5 0
0.0362317 0.132347 0.0097988 3 5 0
0.0362317 0.132347 0.00979888 3 5 0
0.0362317 0.132344 0.00979886 3 5 0
0.0362317 0.132347 0.00979875 3 5 0
0.0362316 0.132344 0.00979892 3 5 0
0.0362316 0.132346 0.00979874 3 5 0
0.0362316 0.132345 0.00979889 3 5 0
0.0362316 0.132343 0.00979889 3 5 0
0.0362315 0.132346 0.00979879 3 5 0
0.0362315 0.132344 0.00979875 3 5 0
0.0362315 0.132345 0.00979873 3 5 0
0.0362315 0.132343 0.00979878 3 5 0
0.0362314 0.132346 0.00979887 3 5 0
0.0362314 0.132345 0.0097989 3 5 0
0.0362314 0.132344 0.00979875 3 5 0
0.0362314 0.132344 0.00979872 3 5 0
0.0362314 0.132345 0.0097987 3 5 0
0.0362314 0.132341 0.00979878 3 5 0
0.0362314 0.132345 0.00979883 3 5 0
0.0362313 0.132344 0.00979872 3 5 0
0.0362313 0.132343 0.00979892 3 5 0
0.0362313 0.132344 0.00979869 3 5 0
0.0362313 0.132344 0.00979869 3 5 0
0.0362313 0.132344 0.00979893 3 5 0
0.0362313 0.132343 0.00979871 3 5 0
0.0362313 0.132341 0.00979885 3 5 0
0.0362313 0.132345 0.00979867 3 5 0
0.0362313 0.132341 0.00979879 3 5 0
0.0362313 0.132344 0.00979892 3 5 0
0.0362313 0.132343 0.0097987 3 5 0
0.0362312 0.132344 0.00979868 3 5 0
0.0362312 0.132342 0.00979868 3 5 0
0.0362312 0.132344 0.0097987 3 5 0
0.0362312 0.132341 0.00979892 3 5 0
0.0362312 0.132344 0.00979865 3 5 0
0.0362312 0.13234 0.00979881 3 5 0
0.0362312 0.132344 0.00979876 3 5 0
0.0362312 0.132343 0.00979891 3 5 0
0.0362312 0.132343 0.00979867 3 5 0
0.0362312 0.132343 0.00979869 3 5 0
0.0362312 0.13234 0.00979871 3 5 0
0.0362312 0.132344 0.00979889 3 5 0
0.0362312 0.13234 0.00979866 3 5 0
0.0362312 0.132344 0.00979866 3 5 0
0.0362312 0.13234 0.00979888 3 5 0
0.0362312 0.132344 0.00979871 3 5 0
0.0362312 0.132344 0.00979888 3 5 0
0.0362312 0.132341 0.00979866 3 5 0
0.0362312 0.132344 0.00979868 3 5 0
0.0362312 0.132344 0.00979866 3 5 0
0.0362312 0.13234 0.00979869 3 5 0
0.0362312 0.132344 0.00979894 3 5 0
0.0362312 0.132341 0.0097987 3 5 0
0.0362312 0.132344 0.00979865 3 5 0
0.0362312 0.132341 0.00979882 3 5 0
0.0362312 0.132343 0.00979869 3 5 0
0.0362312 0.132342 0.00979865 3 5 0
0.0362312 0.132343 0.00979887 3 5 0
0.0362312 0.132342 0.00979864 3 5 0
0.0362312 0.132343 0.00979874 3 5 0
0.0362312 0.132342 0.00979886 3 5 0
0.0362312 0.132339 0.00979876 3 5 0
0.0362312 0.132344 0.00979864 3 5 0
0.0362312 0.13234 0.00979872 3 5 0
0.0362312 0.132344 0.00979868 3 5 0
0.0362312 0.13234 0.00979889 3 5 0
0.0362312 0.132344 0.00979873 3 5 0
0.0362312 0.132344 0.00979868 3 5 0
0.0362312 0.13234 0.00979889 3 5 0
0.0362312 0.132344 0.00979873 3 5 0
0.0362312 0.132344 0.00979876 3 5 0
0.0362312 0.13234 0.00979864 3 5 0
0.0362312 0.132344 0.0097987 3 5 0
0.0362312 0.132344 0.00979873 3 5 0
0.0362312 0.132339 0.00979864 3 5 0
0.0362312 0.132344 0.00979874 3 5 0
0.0362312 0.132342 0.00979875 3 5 0
0.0362312 0.132342 0.00979864 3 5 0
0.0362312 0.132343 0.00979869 3 5 0
0.0362312 0.132342 0.00979867 3 5 0
0.0362312 0.132343 0.00979865 3 5 0
0.0362312 0.132341 0.00979881 3 5 0
0.0362312 0.132341 0.00979873 3 5 0
0.0362312 0.132344 0.00979864 3 5 0
0.0362312 0.132339 0.00979872 3 5 0
0.0362312 0.132341 0.00979894 3 5 0
0.0362312 0.132344 0.00979871 3 5 0
0.0362312 0.132339 0.00979864 3 5 0
0.0362312 0.132339 0.00979867 3 5 0
0.0362312 0.132344 0.00979885 3 5 0
0.0362312 0.132341 0.0097988 3 5 0
0.0362312 0.13234 0.00979864 3 5 0
0.0362312 0.132344 0.00979868 3 5 0
0.0362312 0.13234 0.00979885 3 5 0
0.0362312 0.132344 0.00979868 3 5 0
0.0362312 0.13234 0.00979864 3 5 0
0.0362312 0.132343 0.00979871 3 5 0
0.0362312 0.132343 0.00979864 3 5 0
0.0362312 0.13234 0.00979872 3 5 0
0.0362312 0.132344 0.00979891 3 5 0
0.0362312 0.132342 0.00979866 3 5 0
0.0362312 0.132343 0.00979865 3 5 0
0.0362312 0.13234 0.00979878 3 5 0
0.0362312 0.132344 0.00979864 3 5 0
0.0362312 0.132341 0.00979868 3 5 0
0.0362312 0.132342 0.00979882 3 5 0
0.0362312 0.132343 0.00979873 3 5 0
0.0362312 0.13234 0.00979864 3 5 0
0.0362312 0.132344 0.00979867 3 5 0
0.0362312 0.132341 0.00979864 3 5 0
0.0362312 0.132342 0.00979869 3 5 0
0.0362312 0.132343 0.00979886 3 5 0
0.0362312 0.132343 0.00979873 3 5 0
0.0362312 0.132343 0.00979864 3 5 0
0.0362312 0.132339 0.00979866 3 5 0
0.0362312 0.132343 0.00979872 3 5 0
0.0362312 0.132342 0.00979864 3 5 0
0.0362312 0.132341 0.00979866 3 5 0
0.0362312 0.132341 0.0097988 3 5 0
0.0362312 0.132343 0.00979894 3 5 0
0.0362312 0.132343 0.00979876 3 5 0
0.0362312 0.132343 0.00979864 3 5 0
0.0362312 0.132339 0.00979876 3 5 0
0.0362312 0.132343 0.009799 3 5 0
0.0362312 0.132343 0.00979869 3 5 0
0.0362312 0.132343 0.00979884 3 5 0
0.0362312 0.13234 0.00979889 3 5 0
0.0362312 0.132342 0.00979866 3 5 0
0.0362312 0.132343 0.00979876 3 5 0
0.0362312 0.132343 0.00979875 4 5 0
0.0362312 0.132344 0.00979864 4 5 0
0.0362312 0.13234 0.00979867 4 5 0
0.0362312 0.132343 0.00979878 4 5 0
0.0362312 0.132343 0.00979882 4 5 0
0.0362312 0.13234 0.00979871 4 5 0
0.0362312 0.132344 0.00979865 4 5 0
0.0362312 0.132342 0.00979873 4 5 0
0.0362312 0.13234 0.00979866 4 5 0
0.0362312 0.132344 0.00979864 4 5 0
0.0362312 0.132343 0.00979868 3 5 0
0.0362312 0.132339 0.00979876 4 5 0
0.0362312 0.132344 0.00979883 3 5 0
0.0362312 0.132339 0.00979877 4 5 0
0.0362312 0.132343 0.00979869 4 5 0
0.0362312 0.132343 0.00979864 4 5 0
0.0362312 0.13234 0.00979872 4 5 0
0.0362312 0.132344 0.00979884 4 5 0
0.0362312 0.132342 0.00979898 4 5 0
0.0362312 0.132344 0.00979891 4 5 0
0.0362312 0.132341 0.00979878 4 5 0
0.0362312 0.132342 0.00979869 4 5 0
0.0362312 0.132343 0.00979866 4 5 0
0.0362312 0.132339 0.00979864 4 5 0
0.0362312 0.132343 0.00979865 4 5 0
0.0362312 0.132339 0.00979895 4 5 0
0.0362312 0.132343 0.0097989 4 5 0
0.0362312 0.132343 0.0097988 4 5 0
0.0362312 0.132342 0.00979895 4 5 0
0.0362312 0.132344 0.00979892 4 5 0
0.0362312 0.132341 0.00979886 4 5 0
0.0362312 0.132343 0.00979873 4 5 0
0.0362312 0.132339 0.0097987 4 5 0
0.0362312 0.132343 0.00979867 4 5 0
0.0362312 0.132343 0.00979864 4 5 0
0.0362312 0.132343 0.00979864 4 5 0
0.0362312 0.13234 0.00979864 4 5 0
0.0362312 0.132342 0.00979874 4 5 0
0.0362312 0.13234 0.00979877 4 5 0
0.0362312 0.132343 0.00979881 4 5 0
0.0362312 0.132344 0.0097987 4 5 0
0.0362312 0.132342 0.00979873 4 5 0
0.0362312 0.132339 0.00979878 4 5 0
0.0362312 0.132343 0.0097987 4 5 0
0.0362312 0.13234 0.00979868 4 5 0
0.0362312 0.132342 0.00979866 4 5 0
0.0362312 0.132339 0.00979865 4 5 0
0.0362312 0.132343 0.00979864 4 5 0
0.0362312 0.132344 0.00979864 4 5 0
0.0362312 0.132339 0.00979882 4 5 0
0.0362312 0.132342 0.0097988 4 5 0
0.0362312 0.132344 0.00979877 4 5 0
0.0362312 0.13234 0.00979878 4 5 0
0.0362312 0.132344 0.009799 4 5 0
0.0362312 0.132343 0.00979901 4 5 0
0.0362312 0.132339 0.00979864 4 5 0
0.0362312 0.132342 0.00979865 4 5 0
0.0362312 0.132344 0.00979865 4 5 0
0.0362312 0.13234 0.00979886 4 5 0
0.0362312 0.132341 0.00979882 4 5 0
0.0362312 0.132343 0.00979875 4 5 0
0.0362312 0.132341 0.0097988 4 5 0
0.0362312 0.132339 0.00979887 4 5 0
0.0362312 0.132342 0.00979894 4 5 0
0.0362312 0.132344 0.00979867 4 5 0
0.0362312 0.132343 0.00979872 4 5 0
0.0362312 0.132342 0.00979879 4 5 0
0.0362312 0.132342 0.00979881 4 5 0
0.0362312 0.132344 0.00979893 4 5 0
0.0362312 0.132343 0.00979892 4 5 0
0.0362312 0.132343 0.00979896 4 5 0
0.0362312 0.132344 0.00979887 4 5 0
0.0362312 0.132344 0.00979887 4 5 0
0.0362312 0.13234 0.00979873 4 5 0
0.0362312 0.132343 0.00979869 4 5 0
0.0362312 0.132339 0.00979864 4 5 0
0.0362312 0.132342 0.0097989 4 5 0
0.0362312 0.132339 0.00979888 4 5 0
0.0362312 0.132341 0.00979884 4 5 0
0.0362312 0.132342 0.00979893 4 5 0
0.0362312 0.132339 0.00979877 4 5 0
0.0362312 0.13234 0.00979867 4 5 0
0.0362312 0.132343 0.00979868 4 5 0
0.0362312 0.132341 0.00979864 4 5 0
0.0362312 0.132338 0.00979866 4 5 0
0.0362312 0.132341 0.00979875 4 5 0
0.0362312 0.132339 0.00979866 4 5 0
0.0362312 0.132341 0.00979864 4 5 0
0.0362312 0.132344 0.00979871 4 5 0
0.0362312 0.132343 0.00979865 4 5 0
0.0362312 0.132342 0.00979864 4 5 0
0.0362312 0.132343 0.00979899 4 5 0
0.0362312 0.132343 0.00979881 4 5 0
0.0362312 0.132344 0.0097987 4 5 0
0.0362312 0.132341 0.00979902 4 5 0
0.0362312 0.132342 0.00979864 4 5 0
0.0362312 0.132343 0.00979869 4 5 0
0.0362312 0.13234 0.00979876 4 5 0
0.0362312 0.132339 0.00979864 4 5 0
0.0362312 0.13234 0.00979869 4 5 0
0.0362312 0.132343 0.0097988 4 5 0
0.0362312 0.132342 0.00979866 4 5 0
0.0362312 0.132341 0.00979864 4 5 0
0.0362312 0.132341 0.00979864 4 5 0
0.0362312 0.132342 0.00979871 4 5 0
0.0362312 0.132343 0.00979894 4 5 0
0.0362312 0.13234 0.00979865 4 5 0
0.0362312 0.132339 0.00979869 4 5 0
0.0362312 0.132339 0.00979893 4 5 0
0.0362312 0.132341 0.00979865 4 5 0
0.0362312 0.132341 0.00979883 4 5 0
0.0362312 0.132342 0.00979887 4 5 0
0.0362312 0.13234 0.00979889 4 5 0
0.0362312 0.13234 0.00979876 4 5 0
0.0362312 0.132341 0.00979864 4 5 0
0.0362312 0.132342 0.00979875 4 5 0
0.0362312 0.132341 0.00979865 4 5 0
0.0362312 0.132341 0.0097989 4 5 0
0.0362312 0.132344 0.00979867 4 5 0
0.0362312 0.132344 0.00979873 4 5 0
0.0362312 0.132344 0.00979877 4 5 0
0.0362312 0.132343 0.00979892 4 5 0
0.0362312 0.132343 0.00979866 4 5 0
0.0362312 0.132342 0.00979878 4 5 0
0.0362312 0.132342 0.00979883 4 5 0
0.0362312 0.132343 0.00979864 4 5 0
0.0362312 0.132343 0.00979864 4 5 0
0.0362312 0.132344 0.00979877 4 5 0
0.0362312 0.132344 0.00979884 4 5 0
0.0362312 0.132343 0.00979864 4 5 0
0.0362312 0.132344 0.00979873 4 5 0
0.0362312 0.132344 0.0097987 4 5 0
0.0362312 0.132344 0.0097987 4 5 0
0.0362312 0.132343 0.00979883 4 5 0
0.0362312 0.132344 0.0097987 4 5 0
0.0362312 0.132344 0.0097987 4 5 0
0.0362312 0.132344 0.00979874 4 5 0
0.0362312 0.132343 0.0097988 4 5 0
0.0362312 0.132342 0.00979865 4 5 0
0.0362312 0.132341 0.00979868 4 5 0
0.0362312 0.132343 0.0097987 4 5 0
0.0362312 0.132344 0.00979886 4 5 0
0.0362312 0.132338 0.00979899 4 5 0
0.0362312 0.132341 0.00979866 4 5 0
0.0362312 0.132343 0.00979868 4 5 0
0.0362312 0.132339 0.00979874 4 5 0
0.0362312 0.132342 0.00979889 4 5 0
0.0362312 0.132344 0.00979865 4 5 0
0.0362312 0.132341 0.00979879 4 5 0
0.0362312 0.13234 0.00979889 4 5 0
0.0362312 0.132343 0.00979867 4 5 0
0.0362312 0.13234 0.00979864 4 5 0
0.0362312 0.132341 0.00979872 4 5 0
0.0362312 0.132344 0.00979894 4 5 0
0.0362312 0.132338 0.00979871 4 5 0
0.0362312 0.132343 0.00979864 4 5 0
0.0362312 0.132343 0.00979866 4 5 0
0.0362312 0.132343 0.00979891 4 5 0
0.0362312 0.132338 0.00979891 4 5 0
0.0362312 0.132343 0.00979873 4 5 0
0.0362312 0.132342 0.00979889 4 5 0
0.0362312 0.13234 0.0097988 4 5 0
0.0362312 0.13234 0.00979881 4 5 0
0.0362312 0.132344 0.00979886 4 5 0
0.0362312 0.13234 0.00979875 4 5 0
0.0362312 0.132343 0.00979878 4 5 0
0.0362312 0.132342 0.00979872 4 5 0
0.0362312 0.132343 0.00979871 4 5 0
0.0362312 0.132338 0.00979869 4 5 0
0.0362312 0.132341 0.00979868 4 5 0
0.0362312 0.132341 0.00979868 4 5 0
0.0362312 0.132343 0.00979865 4 5 0
0.0362312 0.13234 0.00979893 4 5 0
0.0362312 0.132343 0.00979894 4 5 0
0.0362312 0.13234 0.00979875 4 5 0
0.0362312 0.132344 0.00979885 4 5 0
0.0362312 0.13234 0.00979871 4 5 0
0.0362312 0.13234 0.0097987 4 5 0
0.0362312 0.132343 0.0097987 4 5 0
0.0362312 0.132343 0.00979866 4 5 0
0.0362312 0.132339 0.00979864 4 5 0
0.0362312 0.132344 0.00979902 4 5 0
0.0362312 0.132341 0.00979895 4 5 0
0.0362312 0.132342 0.00979867 4 5 0
0.0362312 0.132344 0.00979883 4 5 0
