0.2 0.098357 0.098357 2 1 0
0.200008 0.0983607 0.0983607 1 1 0
0.200018 0.0983644 0.0983644 1 1 0
0.200036 0.0983719 0.0983719 1 1 0
0.200073 0.0983869 0.0983869 1 1 0
0.200146 0.0984169 0.0984169 1 1 0
0.200293 0.0984768 0.0984768 1 1 0
0.200588 0.0985967 0.0985967 1 1 0
0.201048 0.098784 0.098784 1 1 0
0.20151 0.0989711 0.0989711 1 1 0
0.201972 0.0991583 0.0991583 1 1 0
0.202435 0.0993453 0.0993453 1 1 0
0.202899 0.0995323 0.0995323 1 1 0
0.203364 0.0997193 0.0997193 1 1 0
0.203829 0.0999061 0.0999061 1 1 0
0.204295 0.100093 0.100093 1 1 0
0.204762 0.10028 0.10028 1 1 0
0.20523 0.100466 0.100466 1 1 0
0.205698 0.100653 0.100653 1 1 0
0.206168 0.10084 0.10084 1 1 0
0.206638 0.101026 0.101026 1 1 0
0.207109 0.101212 0.101212 1 1 0
0.20758 0.101399 0.101399 1 1 0
0.208052 0.101585 0.101585 1 1 0
0.208526 0.101771 0.101771 1 1 0
0.208999 0.101957 0.101957 1 1 0
0.209474 0.102143 0.102143 1 1 0
0.20995 0.10233 0.10233 1 1 0
0.210426 0.102515 0.102515 1 1 0
0.210903 0.102701 0.102701 1 1 0
0.21138 0.102887 0.102887 1 1 0
0.211859 0.103073 0.103073 1 1 0
0.212338 0.103259 0.103259 1 1 0
0.212818 0.103444 0.103444 1 1 0
0.213299 0.10363 0.10363 1 1 0
0.21378 0.103815 0.103815 1 1 0
0.214263 0.104001 0.104001 1 1 0
0.214746 0.104186 0.104186 1 1 0
0.215229 0.104371 0.104371 1 1 0
0.215714 0.104557 0.104557 1 1 0
0.216199 0.104742 0.104742 1 1 0
0.216685 0.104927 0.104927 1 1 0
0.217172 0.105112 0.105112 1 1 0
0.217659 0.105297 0.105297 1 1 0
0.218147 0.105482 0.105482 1 1 0
0.218636 0.105666 0.105666 1 1 0
0.219126 0.105851 0.105851 1 1 0
0.219617 0.106036 0.106036 1 1 0
0.220108 0.10622 0.10622 1 1 0
0.2206 0.106405 0.106405 1 1 0
0.221092 0.106589 0.106589 1 1 0
0.221586 0.106774 0.106774 1 1 0
0.22208 0.106958 0.106958 1 1 0
0.222575 0.107142 0.107142 1 1 0
0.22307 0.107326 0.107326 1 1 0
0.223566 0.10751 0.10751 1 1 0
0.224063 0.107695 0.107695 1 1 0
0.224561 0.107878 0.107878 1 1 0
0.22506 0.108062 0.108062 1 1 0
0.225559 0.108246 0.108246 1 1 0
0.226059 0.10843 0.10843 1 1 0
0.226559 0.108614 0.108614 1 1 0
0.227061 0.108797 0.108797 1 1 0
0.227563 0.108981 0.108981 1 1 0
0.228066 0.109164 0.109164 1 1 0
0.228569 0.109348 0.109348 1 1 0
0.229073 0.109531 0.109531 1 1 0
0.229578 0.109714 0.109714 1 1 0
0.230084 0.109897 0.109897 1 1 0
0.23059 0.11008 0.11008 1 1 0
0.231097 0.110263 0.110263 1 1 0
0.231605 0.110446 0.110446 1 1 0
0.232113 0.110629 0.110629 1 1 0
0.232623 0.110812 0.110812 1 1 0
0.233133 0.110995 0.110995 1 1 0
0.233643 0.111177 0.111177 1 1 0
0.234154 0.11136 0.11136 1 1 0
0.234666 0.111543 0.111543 1 1 0
0.235179 0.111725 0.111725 1 1 0
0.235692 0.111907 0.111907 1 1 0
0.236206 0.11209 0.11209 1 1 0
0.236721 0.112272 0.112272 1 1 0
0.237237 0.112454 0.112454 1 1 0
0.237753 0.112636 0.112636 1 1 0
0.23827 0.112818 0.112818 1 1 0
0.238787 0.113 0.113 1 1 0
0.239305 0.113182 0.113182 1 1 0
0.239824 0.113364 0.113364 1 1 0
0.240344 0.113545 0.113545 1 1 0
0.240864 0.113727 0.113727 1 1 0
0.241385 0.113909 0.113909 1 1 0
0.241907 0.11409 0.11409 1 1 0
0.242429 0.114271 0.114271 1 1 0
0.242952 0.114453 0.114453 1 1 0
0.243476 0.114634 0.114634 1 1 0
0.244 0.114815 0.114815 1 1 0
0.244525 0.114996 0.114996 1 1 0
0.245051 0.115177 0.115177 1 1 0
0.245577 0.115358 0.115358 1 1 0
0.246104 0.115539 0.115539 1 1 0
0.246632 0.11572 0.11572 1 1 0
0.24716 0.115901 0.115901 1 1 0
0.247689 0.116081 0.116081 1 1 0
0.248219 0.116262 0.116262 1 1 0
0.248749 0.116442 0.116442 1 1 0
0.24928 0.116623 0.116623 1 1 0
0.249812 0.116803 0.116803 1 1 0
0.250344 0.116984 0.116984 1 1 0
0.250877 0.117164 0.117164 1 1 0
0.251411 0.117344 0.117344 1 1 0
0.251945 0.117524 0.117524 1 1 0
0.25248 0.117704 0.117704 1 1 0
0.253016 0.117884 0.117884 1 1 0
0.253552 0.118064 0.118064 1 1 0
0.254089 0.118243 0.118243 1 1 0
0.254627 0.118423 0.118423 1 1 0
0.255165 0.118603 0.118603 1 1 0
0.255704 0.118782 0.118782 1 1 0
0.256243 0.118962 0.118962 1 1 0
0.256784 0.119141 0.119141 1 1 0
0.257324 0.11932 0.11932 1 1 0
0.257866 0.119499 0.119499 1 1 0
0.258408 0.119679 0.119679 1 1 0
0.258951 0.119858 0.119858 1 1 0
0.259494 0.120037 0.120037 1 1 0
0.260038 0.120216 0.120216 1 1 0
0.260583 0.120394 0.120394 1 1 0
0.261128 0.120573 0.120573 1 1 0
0.261674 0.120752 0.120752 1 1 0
0.262221 0.12093 0.12093 1 1 0
0.262768 0.121109 0.121109 1 1 0
0.263316 0.121287 0.121287 1 1 0
0.263864 0.121466 0.121466 1 1 0
0.264414 0.121644 0.121644 1 1 0
0.264963 0.121822 0.121822 1 1 0
0.265514 0.122 0.122 1 1 0
0.266065 0.122179 0.122179 1 1 0
0.266616 0.122357 0.122357 1 1 0
0.267168 0.122534 0.122534 1 1 0
0.267721 0.122712 0.122712 1 1 0
0.268275 0.12289 0.12289 1 1 0
0.268829 0.123068 0.123068 1 1 0
0.269384 0.123245 0.123245 1 1 0
0.269939 0.123423 0.123423 1 1 0
0.270495 0.1236 0.1236 1 1 0
0.271052 0.123778 0.123778 1 1 0
0.271609 0.123955 0.123955 1 1 0
0.272167 0.124132 0.124132 1 1 0
0.272725 0.124309 0.124309 1 1 0
0.273284 0.124486 0.124486 1 1 0
0.273844 0.124663 0.124663 1 1 0
0.274404 0.12484 0.12484 1 1 0
0.274965 0.125017 0.125017 1 1 0
0.275526 0.125194 0.125194 1 1 0
0.276088 0.12537 0.12537 1 1 0
0.276651 0.125547 0.125547 1 1 0
0.277214 0.125724 0.125724 1 1 0
0.277778 0.1259 0.1259 1 1 0
0.278342 0.126076 0.126076 1 1 0
0.278907 0.126253 0.126253 1 1 0
0.279473 0.126429 0.126429 1 1 0
0.280039 0.126605 0.126605 1 1 0
0.280606 0.126781 0.126781 1 1 0
0.281174 0.126957 0.126957 1 1 0
0.281742 0.127133 0.127133 1 1 0
0.28231 0.127309 0.127309 1 1 0
0.28288 0.127484 0.127484 1 1 0
0.283449 0.12766 0.12766 1 1 0
0.28402 0.127836 0.127836 1 1 0
0.284591 0.128011 0.128011 1 1 0
0.285162 0.128187 0.128187 1 1 0
0.285734 0.128362 0.128362 1 1 0
0.286307 0.128537 0.128537 1 1 0
0.286881 0.128712 0.128712 1 1 0
0.287454 0.128887 0.128887 1 1 0
0.288029 0.129063 0.129063 1 1 0
0.288604 0.129237 0.129237 1 1 0
0.28918 0.129412 0.129412 1 1 0
0.289756 0.129587 0.129587 1 1 0
0.290333 0.129762 0.129762 1 1 0
0.29091 0.129937 0.129937 1 1 0
0.291488 0.130111 0.130111 1 1 0
0.292066 0.130286 0.130286 1 1 0
0.292646 0.13046 0.13046 1 1 0
0.293225 0.130634 0.130634 1 1 0
0.293805 0.130809 0.130809 1 1 0
0.294386 0.130983 0.130983 1 1 0
0.294968 0.131157 0.131157 1 1 0
0.295549 0.131331 0.131331 1 1 0
0.296132 0.131505 0.131505 1 1 0
0.296715 0.131679 0.131679 1 1 0
0.297299 0.131852 0.131852 1 1 0
0.297883 0.132026 0.132026 1 1 0
0.298468 0.1322 0.1322 1 1 0
0.299053 0.132373 0.132373 1 1 0
0.299639 0.132547 0.132547 1 1 0
0.300225 0.13272 0.13272 1 1 0
0.2 0.098357 0.098357 2 1 0
0.19999 0.0983532 0.0983532 1 1 0
0.199981 0.0983494 0.0983494 1 1 0
0.199963 0.0983419 0.0983419 1 1 0
0.199926 0.0983269 0.0983269 1 1 0
0.199852 0.098297 0.098297 1 1 0
0.199705 0.098237 0.098237 1 1 0
0.199412 0.098117 0.098117 1 1 0
0.198954 0.0979296 0.0979296 1 1 0
0.198497 0.097742 0.097742 1 1 0
0.198041 0.0975544 0.0975544 1 1 0
0.197585 0.0973668 0.0973668 1 1 0
0.197131 0.0971791 0.0971791 1 1 0
0.196677 0.0969913 0.0969913 1 1 0
0.196224 0.0968035 0.0968035 1 1 0
0.195771 0.0966156 0.0966156 1 1 0
0.19532 0.0964276 0.0964276 1 1 0
0.194869 0.0962396 0.0962396 1 1 0
0.194419 0.0960515 0.0960515 1 1 0
0.19397 0.0958634 0.0958634 1 1 0
0.193522 0.0956752 0.0956752 1 1 0
0.193075 0.0954869 0.0954869 1 1 0
0.192628 0.0952986 0.0952986 1 1 0
0.192182 0.0951102 0.0951102 1 1 0
0.191737 0.0949218 0.0949218 1 1 0
0.191293 0.0947333 0.0947333 1 1 0
0.19094 0.094583 0.094583 1 1 0
0.190497 0.0943944 0.0943944 2 1 0
0.190055 0.0942058 0.0942058 2 1 0
0.189614 0.094017 0.094017 2 1 0
0.189174 0.0938283 0.0938283 2 1 0
0.188734 0.0936395 0.0936395 2 1 0
0.188296 0.0934506 0.0934506 2 1 0
0.187858 0.0932616 0.0932616 2 1 0
0.187421 0.0930726 0.0930726 2 1 0
0.186985 0.0928836 0.0928836 2 1 0
0.186549 0.0926945 0.0926945 2 1 0
0.186115 0.0925053 0.0925053 2 1 0
0.185681 0.0923161 0.0923161 2 1 0
0.185248 0.0921269 0.0921269 2 1 0
0.184816 0.0919375 0.0919375 2 1 0
0.184385 0.0917482 0.0917482 2 1 0
0.183955 0.0915587 0.0915587 2 1 0
0.183526 0.0913693 0.0913693 2 1 0
0.183097 0.0911797 0.0911797 2 1 0
0.182669 0.0909901 0.0909901 2 1 0
0.182242 0.0908005 0.0908005 2 1 0
0.181816 0.0906108 0.0906108 2 1 0
0.181391 0.0904211 0.0904211 2 1 0
0.180966 0.0902313 0.0902313 2 1 0
0.180543 0.0900414 0.0900414 2 1 0
0.18012 0.0898516 0.0898516 2 1 0
0.179698 0.0896616 0.0896616 2 1 0
0.179277 0.0894716 0.0894716 2 1 0
0.178857 0.0892816 0.0892816 2 1 0
0.178438 0.0890915 0.0890915 2 1 0
0.178019 0.0889013 0.0889013 2 1 0
0.177601 0.0887112 0.0887112 2 1 0
0.177185 0.0885209 0.0885209 2 1 0
0.176769 0.0883306 0.0883306 2 1 0
0.176354 0.0881403 0.0881403 2 1 0
0.17594 0.0879499 0.0879499 2 1 0
0.175526 0.0877595 0.0877595 2 1 0
0.175114 0.087569 0.087569 2 1 0
0.174702 0.0873785 0.0873785 2 1 0
0.174291 0.0871879 0.0871879 2 1 0
0.173881 0.0869973 0.0869973 2 1 0
0.173472 0.0868067 0.0868067 2 1 0
0.173064 0.086616 0.086616 2 1 0
0.172657 0.0864252 0.0864252 2 1 0
0.172251 0.0862345 0.0862345 2 1 0
0.171845 0.0860436 0.0860436 2 1 0
0.17144 0.0858528 0.0858528 2 1 0
0.171037 0.0856618 0.0856618 2 1 0
0.170634 0.0854709 0.0854709 2 1 0
0.170232 0.0852799 0.0852799 2 1 0
0.169831 0.0850888 0.0850888 2 1 0
0.16943 0.0848978 0.0848978 2 1 0
0.169031 0.0847066 0.0847066 2 1 0
0.168632 0.0845155 0.0845155 2 1 0
0.168235 0.0843243 0.0843243 2 1 0
0.167838 0.084133 0.084133 2 1 0
0.167442 0.0839418 0.0839418 2 1 0
0.167047 0.0837504 0.0837504 2 1 0
0.166653 0.0835591 0.0835591 2 1 0
0.16626 0.0833677 0.0833677 2 1 0
0.165867 0.0831763 0.0831763 2 1 0
0.165476 0.0829848 0.0829848 2 1 0
0.165085 0.0827933 0.0827933 2 1 0
0.164696 0.0826018 0.0826018 2 1 0
0.164307 0.0824102 0.0824102 2 1 0
0.163919 0.0822186 0.0822186 2 1 0
0.163532 0.082027 0.082027 2 1 0
0.163146 0.0818353 0.0818353 2 1 0
0.162761 0.0816436 0.0816436 2 1 0
0.162377 0.0814518 0.0814518 2 1 0
0.161993 0.0812601 0.0812601 2 1 0
0.161611 0.0810683 0.0810683 2 1 0
0.161229 0.0808764 0.0808764 2 1 0
0.160848 0.0806846 0.0806846 2 1 0
0.160469 0.0804927 0.0804927 2 1 0
0.16009 0.0803007 0.0803007 2 1 0
0.159712 0.0801088 0.0801088 2 1 0
0.159335 0.0799168 0.0799168 2 1 0
0.158959 0.0797248 0.0797248 2 1 0
0.158583 0.0795328 0.0795328 2 1 0
0.158209 0.0793407 0.0793407 2 1 0
0.157836 0.0791486 0.0791486 2 1 0
0.157463 0.0789565 0.0789565 2 1 0
0.157091 0.0787643 0.0787643 2 1 0
0.156721 0.0785722 0.0785722 2 1 0
0.156351 0.07838 0.07838 2 1 0
0.155982 0.0781878 0.0781878 2 1 0
0.155614 0.0779955 0.0779955 2 1 0
0.155247 0.0778033 0.0778033 2 1 0
0.154881 0.077611 0.077611 2 1 0
0.154516 0.0774187 0.0774187 2 1 0
0.154151 0.0772264 0.0772264 2 1 0
0.153788 0.077034 0.077034 2 1 0
0.153426 0.0768417 0.0768417 2 1 0
0.153064 0.0766493 0.0766493 2 1 0
0.152703 0.0764569 0.0764569 2 1 0
0.152344 0.0762645 0.0762645 2 1 0
0.151985 0.0760721 0.0760721 2 1 0
0.151627 0.0758796 0.0758796 2 1 0
0.15127 0.0756871 0.0756871 2 1 0
0.150914 0.0754947 0.0754947 2 1 0
0.150559 0.0753022 0.0753022 2 1 0
0.150205 0.0751097 0.0751097 2 1 0
0.149852 0.0749171 0.0749171 2 1 0
0.149499 0.0747246 0.0747246 2 1 0
0.149148 0.0745321 0.0745321 2 1 0
0.148798 0.0743395 0.0743395 2 1 0
0.148448 0.0741469 0.0741469 2 1 0
0.1481 0.0739544 0.0739544 2 1 0
0.147752 0.0737618 0.0737618 2 1 0
0.147405 0.0735692 0.0735692 2 1 0
0.14706 0.0733766 0.0733766 2 1 0
0.146715 0.073184 0.073184 2 1 0
0.146371 0.0729914 0.0729914 2 1 0
0.146028 0.0727988 0.0727988 2 1 0
0.145686 0.0726062 0.0726062 2 1 0
0.145345 0.0724135 0.0724135 2 1 0
0.145005 0.0722209 0.0722209 2 1 0
0.144665 0.0720283 0.0720283 2 1 0
0.144327 0.0718357 0.0718357 2 1 0
0.14399 0.071643 0.071643 2 1 0
0.143653 0.0714504 0.0714504 2 1 0
0.143318 0.0712578 0.0712578 2 1 0
0.142984 0.0710652 0.0710652 2 1 0
0.14265 0.0708725 0.0708725 2 1 0
0.142317 0.0706799 0.0706799 2 1 0
0.141986 0.0704873 0.0704873 2 1 0
0.141655 0.0702947 0.0702947 2 1 0
0.141325 0.0701021 0.0701021 2 1 0
0.140996 0.0699095 0.0699095 2 1 0
0.140668 0.0697169 0.0697169 2 1 0
0.140341 0.0695243 0.0695243 2 1 0
0.140015 0.0693318 0.0693318 2 1 0
0.13969 0.0691392 0.0691392 2 1 0
0.139366 0.0689467 0.0689467 2 1 0
0.139043 0.0687541 0.0687541 2 1 0
0.138721 0.0685616 0.0685616 2 1 0
0.138399 0.0683691 0.0683691 2 1 0
0.138079 0.0681766 0.0681766 2 1 0
0.13776 0.0679842 0.0679842 2 1 0
0.137441 0.0677917 0.0677917 2 1 0
0.137124 0.0675993 0.0675993 2 1 0
0.136807 0.0674068 0.0674068 2 1 0
0.136491 0.0672144 0.0672144 2 1 0
0.136177 0.0670221 0.0670221 2 1 0
0.135863 0.0668297 0.0668297 2 1 0
0.13555 0.0666374 0.0666374 2 1 0
0.135238 0.0664451 0.0664451 2 1 0
0.134928 0.0662528 0.0662528 2 1 0
0.134618 0.0660605 0.0660605 2 1 0
0.134309 0.0658683 0.0658683 2 1 0
0.134001 0.0656761 0.0656761 2 1 0
0.133693 0.0654839 0.0654839 2 1 0
0.133387 0.0652918 0.0652918 2 1 0
0.133082 0.0650997 0.0650997 2 1 0
0.132778 0.0649076 0.0649076 2 1 0
0.132475 0.0647155 0.0647155 2 1 0
0.132172 0.0645235 0.0645235 2 1 0
0.131871 0.0643316 0.0643316 2 1 0
0.13157 0.0641396 0.0641396 2 1 0
0.131271 0.0639477 0.0639477 2 1 0
0.130972 0.0637559 0.0637559 2 1 0
0.130675 0.0635641 0.0635641 2 1 0
0.130378 0.0633723 0.0633723 2 1 0
0.130082 0.0631805 0.0631805 2 1 0
0.129787 0.0629889 0.0629889 2 1 0
0.129493 0.0627972 0.0627972 2 1 0
0.1292 0.0626056 0.0626056 2 1 0
0.128909 0.0624141 0.0624141 2 1 0
0.128617 0.0622226 0.0622226 2 1 0
0.128327 0.0620311 0.0620311 2 1 0
0.128038 0.0618397 0.0618397 2 1 0
0.12775 0.0616484 0.0616484 2 1 0
0.127463 0.0614571 0.0614571 2 1 0
0.127176 0.0612658 0.0612658 2 1 0
0.126891 0.0610747 0.0610747 2 1 0
0.126607 0.0608836 0.0608836 2 1 0
0.126323 0.0606925 0.0606925 2 1 0
0.126041 0.0605015 0.0605015 2 1 0
0.125759 0.0603106 0.0603106 2 1 0
0.125478 0.0601197 0.0601197 2 1 0
0.125198 0.0599289 0.0599289 2 1 0
0.12492 0.0597381 0.0597381 2 1 0
0.124642 0.0595475 0.0595475 2 1 0
0.124365 0.0593569 0.0593569 2 1 0
0.124089 0.0591663 0.0591663 2 1 0
0.123814 0.0589759 0.0589759 2 1 0
0.123539 0.0587855 0.0587855 2 1 0
0.123266 0.0585952 0.0585952 2 1 0
0.122994 0.058405 0.058405 2 1 0
0.122722 0.0582148 0.0582148 2 1 0
0.122452 0.0580247 0.0580247 2 1 0
0.122182 0.0578347 0.0578347 2 1 0
0.121914 0.0576448 0.0576448 2 1 0
0.121646 0.057455 0.057455 2 1 0
0.121379 0.0572653 0.0572653 2 1 0
0.121113 0.0570756 0.0570756 2 1 0
0.120848 0.0568861 0.0568861 2 1 0
0.120584 0.0566966 0.0566966 2 1 0
0.120321 0.0565072 0.0565072 2 1 0
0.120059 0.056318 0.056318 2 1 0
0.119798 0.0561288 0.0561288 2 1 0
0.119537 0.0559397 0.0559397 2 1 0
0.119278 0.0557507 0.0557507 2 1 0
0.119019 0.0555618 0.0555618 2 1 0
0.118761 0.0553731 0.0553731 2 1 0
0.118505 0.0551844 0.0551844 2 1 0
0.118249 0.0549958 0.0549958 2 1 0
0.117994 0.0548074 0.0548074 2 1 0
0.11774 0.054619 0.054619 2 1 0
0.117486 0.0544308 0.0544308 2 1 0
0.117234 0.0542427 0.0542427 2 1 0
0.116983 0.0540547 0.0540547 2 1 0
0.116732 0.0538668 0.0538668 2 1 0
0.116483 0.053679 0.053679 2 1 0
0.116234 0.0534914 0.0534914 2 1 0
0.115986 0.0533039 0.0533039 2 1 0
0.115739 0.0531165 0.0531165 2 1 0
0.115493 0.0529293 0.0529293 2 1 0
0.115247 0.0527421 0.0527421 2 1 0
0.115003 0.0525551 0.0525551 2 1 0
0.11476 0.0523683 0.0523683 2 1 0
0.114517 0.0521816 0.0521816 2 1 0
0.114275 0.051995 0.051995 2 1 0
0.114034 0.0518085 0.0518085 2 1 0
0.113794 0.0516222 0.0516222 2 1 0
0.113555 0.0514361 0.0514361 2 1 0
0.113316 0.0512501 0.0512501 2 1 0
0.113079 0.0510642 0.0510642 2 1 0
0.112842 0.0508785 0.0508785 2 1 0
0.112606 0.050693 0.050693 2 1 0
0.112371 0.0505076 0.0505076 2 1 0
0.112137 0.0503223 0.0503223 2 1 0
0.111904 0.0501373 0.0501373 2 1 0
0.111671 0.0499524 0.0499524 2 1 0
0.11144 0.0497676 0.0497676 2 1 0
0.111209 0.0495831 0.0495831 2 1 0
0.110979 0.0493987 0.0493987 2 1 0
0.11075 0.0492144 0.0492144 2 1 0
0.110521 0.0490304 0.0490304 2 1 0
0.110293 0.0488465 0.0488465 2 1 0
0.110067 0.0486628 0.0486628 2 1 0
0.109841 0.0484793 0.0484793 2 1 0
0.109615 0.048296 0.048296 2 1 0
0.109391 0.0481128 0.0481128 2 1 0
0.109167 0.0479299 0.0479299 2 1 0
0.108945 0.0477471 0.0477471 2 1 0
0.108722 0.0475646 0.0475646 2 1 0
0.108501 0.0473822 0.0473822 2 1 0
0.108281 0.0472001 0.0472001 2 1 0
0.108061 0.0470181 0.0470181 2 1 0
0.107842 0.0468364 0.0468364 2 1 0
0.107624 0.0466548 0.0466548 2 1 0
0.107406 0.0464735 0.0464735 2 1 0
0.107189 0.0462924 0.0462924 2 1 0
0.106973 0.0461115 0.0461115 2 1 0
0.106758 0.0459308 0.0459308 2 1 0
0.106543 0.0457504 0.0457504 2 1 0
0.10633 0.0455702 0.0455702 2 1 0
0.106117 0.0453902 0.0453902 2 1 0
0.105904 0.0452104 0.0452104 2 1 0
0.105692 0.0450309 0.0450309 2 1 0
0.105482 0.0448516 0.0448516 2 1 0
0.105271 0.0446726 0.0446726 2 1 0
0.105062 0.0444938 0.0444938 2 1 0
0.104853 0.0443153 0.0443153 2 1 0
0.104645 0.044137 0.044137 2 1 0
0.104437 0.0439589 0.0439589 2 1 0
0.10423 0.0437811 0.0437811 2 1 0
0.104024 0.0436036 0.0436036 2 1 0
0.103818 0.0434263 0.0434263 2 1 0
0.103613 0.0432493 0.0432493 2 1 0
0.103409 0.0430726 0.0430726 2 1 0
0.103206 0.0428962 0.0428962 2 1 0
0.103003 0.04272 0.04272 2 1 0
0.1028 0.0425441 0.0425441 2 1 0
0.102598 0.0423685 0.0423685 2 1 0
0.102397 0.0421931 0.0421931 2 1 0
0.102197 0.0420181 0.0420181 2 1 0
0.101997 0.0418433 0.0418433 2 1 0
0.101797 0.0416689 0.0416689 2 1 0
0.101599 0.0414947 0.0414947 2 1 0
0.1014 0.0413209 0.0413209 2 1 0
0.101203 0.0411473 0.0411473 2 1 0
0.101006 0.0409741 0.0409741 2 1 0
0.100809 0.0408012 0.0408012 2 1 0
0.100613 0.0406286 0.0406286 2 1 0
0.100418 0.0404563 0.0404563 2 1 0
0.100223 0.0402843 0.0402843 2 1 0
0.100028 0.0401127 0.0401127 2 1 0
0.0998346 0.0399414 0.0399414 2 1 0
0.0996412 0.0397704 0.0397704 2 1 0
0.0994483 0.0395998 0.0395998 2 1 0
0.0992559 0.0394295 0.0394295 2 1 0
0.0990639 0.0392595 0.0392595 2 1 0
0.0988725 0.03909 0.03909 2 1 0
0.0986815 0.0389207 0.0389207 2 1 0
0.0984909 0.0387518 0.0387518 2 1 0
0.0983008 0.0385833 0.0385833 2 1 0
0.0981111 0.0384151 0.0384151 2 1 0
0.0979218 0.0382473 0.0382473 2 1 0
0.097733 0.0380799 0.0380799 2 1 0
0.0975445 0.0379129 0.0379129 2 1 0
0.0973565 0.0377462 0.0377462 2 1 0
0.0971688 0.0375799 0.0375799 2 1 0
0.0969815 0.037414 0.037414 2 1 0
0.0967946 0.0372485 0.0372485 2 1 0
0.096608 0.0370834 0.0370834 2 1 0
0.0964218 0.0369186 0.0369186 2 1 0
0.0962359 0.0367543 0.0367543 2 1 0
0.0960503 0.0365904 0.0365904 2 1 0
0.095865 0.0364269 0.0364269 2 1 0
0.0956801 0.0362638 0.0362638 2 1 0
0.0954954 0.0361011 0.0361011 2 1 0
0.095311 0.0359389 0.0359389 2 1 0
0.0951269 0.035777 0.035777 2 1 0
0.094943 0.0356156 0.0356156 2 1 0
0.0947594 0.0354547 0.0354547 2 1 0
0.094576 0.0352941 0.0352941 2 1 0
0.0943929 0.035134 0.035134 2 1 0
0.0942099 0.0349744 0.0349744 2 1 0
0.0940272 0.0348152 0.0348152 2 1 0
0.0938446 0.0346564 0.0346564 2 1 0
0.0936623 0.0344981 0.0344981 2 1 0
0.0934801 0.0343403 0.0343403 2 1 0
0.093298 0.0341829 0.0341829 2 1 0
0.0931161 0.034026 0.034026 2 1 0
0.0929344 0.0338695 0.0338695 2 1 0
0.0927527 0.0337135 0.0337135 2 1 0
0.0925712 0.0335581 0.0335581 2 1 0
0.0923897 0.033403 0.033403 2 1 0
0.0922084 0.0332485 0.0332485 2 1 0
0.0920271 0.0330945 0.0330945 2 1 0
0.0918458 0.0329409 0.0329409 2 1 0
0.0916646 0.0327879 0.0327879 2 1 0
0.0914835 0.0326353 0.0326353 2 1 0
0.0913023 0.0324833 0.0324833 2 1 0
0.0911212 0.0323317 0.0323317 2 1 0
0.0909401 0.0321807 0.0321807 2 1 0
0.0907589 0.0320302 0.0320302 2 1 0
0.0905777 0.0318802 0.0318802 2 1 0
0.0903965 0.0317307 0.0317307 2 1 0
0.0902152 0.0315817 0.0315817 2 1 0
0.0900338 0.0314333 0.0314333 2 1 0
0.0898523 0.0312854 0.0312854 2 1 0
0.0896708 0.0311381 0.0311381 2 1 0
0.0894891 0.0309912 0.0309912 2 1 0
0.0893073 0.0308449 0.0308449 2 1 0
0.0891254 0.0306992 0.0306992 2 1 0
0.0889433 0.030554 0.030554 2 1 0
0.0887611 0.0304094 0.0304094 2 1 0
0.0885786 0.0302653 0.0302653 2 1 0
0.088396 0.0301217 0.0301217 2 1 0
0.0882132 0.0299788 0.0299788 2 1 0
0.0880301 0.0298364 0.0298364 2 1 0
0.0878468 0.0296945 0.0296945 2 1 0
0.0876633 0.0295533 0.0295533 2 1 0
0.0874795 0.0294126 0.0294126 2 1 0
0.0872954 0.0292724 0.0292724 2 1 0
0.0871111 0.0291329 0.0291329 2 1 0
0.0869264 0.0289939 0.0289939 2 1 0
0.0867414 0.0288555 0.0288555 2 1 0
0.0865561 0.0287177 0.0287177 2 1 0
0.0863704 0.0285805 0.0285805 2 1 0
0.0861844 0.0284439 0.0284439 2 1 0
0.085998 0.0283078 0.0283078 2 1 0
0.0858112 0.0281724 0.0281724 2 1 0
0.0856241 0.0280376 0.0280376 2 1 0
0.0854365 0.0279033 0.0279033 2 1 0
0.0852484 0.0277697 0.0277697 2 1 0
0.0850599 0.0276367 0.0276367 2 1 0
0.084871 0.0275042 0.0275042 2 1 0
0.0846816 0.0273724 0.0273724 2 1 0
0.0844917 0.0272412 0.0272412 2 1 0
0.0843013 0.0271106 0.0271106 2 1 0
0.0841105 0.0269806 0.0269806 2 1 0
0.083919 0.0268513 0.0268513 2 1 0
0.0837271 0.0267225 0.0267225 2 1 0
0.0835346 0.0265944 0.0265944 2 1 0
0.0833415 0.0264669 0.0264669 2 1 0
0.0831478 0.02634 0.02634 2 1 0
0.0829536 0.0262137 0.0262137 2 1 0
0.0827587 0.0260881 0.0260881 2 1 0
0.0825632 0.025963 0.025963 2 1 0
0.0823671 0.0258387 0.0258387 2 1 0
0.0821703 0.0257149 0.0257149 2 1 0
0.0819729 0.0255918 0.0255918 2 1 0
0.0817748 0.0254693 0.0254693 2 1 0
0.081576 0.0253474 0.0253474 2 1 0
0.0813766 0.0252261 0.0252261 2 1 0
0.0811764 0.0251055 0.0251055 2 1 0
0.0809754 0.0249856 0.0249856 2 1 0
0.0807738 0.0248662 0.0248662 2 1 0
0.0805714 0.0247475 0.0247475 2 1 0
0.0803682 0.0246294 0.0246294 2 1 0
0.0801643 0.024512 0.024512 2 1 0
0.0799595 0.0243952 0.0243952 2 1 0
0.079754 0.024279 0.024279 2 1 0
0.0795477 0.0241635 0.0241635 2 1 0
0.0793405 0.0240486 0.0240486 2 1 0
0.0791325 0.0239343 0.0239343 2 1 0
0.0789236 0.0238207 0.0238207 2 1 0
0.0787139 0.0237077 0.0237077 2 1 0
0.0785033 0.0235954 0.0235954 2 1 0
0.0782919 0.0234836 0.0234836 2 1 0
0.0780795 0.0233726 0.0233726 2 1 0
0.0778662 0.0232621 0.0232621 2 1 0
0.077652 0.0231523 0.0231523 2 1 0
0.0774369 0.0230431 0.0230431 2 1 0
0.0772209 0.0229346 0.0229346 2 1 0
0.0770039 0.0228266 0.0228266 2 1 0
0.0767859 0.0227193 0.0227193 2 1 0
0.076567 0.0226127 0.0226127 2 1 0
0.0763471 0.0225067 0.0225067 2 1 0
0.0761261 0.0224013 0.0224013 2 1 0
0.0759042 0.0222965 0.0222965 2 1 0
0.0756813 0.0221923 0.0221923 2 1 0
0.0754574 0.0220888 0.0220888 2 1 0
0.0752324 0.0219859 0.0219859 2 1 0
0.0750064 0.0218836 0.0218836 2 1 0
0.0748928 0.0218327 0.0218327 2 1 0
0.0746653 0.0217314 0.0217314 1 1 0
0.0744367 0.0216306 0.0216306 1 1 0
0.0742069 0.0215305 0.0215305 1 1 0
0.0739761 0.021431 0.021431 1 1 0
0.0737442 0.0213321 0.0213321 1 1 0
0.0735112 0.0212339 0.0212339 1 1 0
0.073277 0.0211362 0.0211362 1 1 0
0.0730418 0.0210392 0.0210392 1 1 0
0.0728054 0.0209427 0.0209427 1 1 0
0.0725679 0.0208469 0.0208469 1 1 0
0.0723292 0.0207517 0.0207517 1 1 0
0.0720894 0.020657 0.020657 1 1 0
0.0718485 0.020563 0.020563 1 1 0
0.0716063 0.0204696 0.0204696 1 1 0
0.071363 0.0203767 0.0203767 1 1 0
0.0711185 0.0202845 0.0202845 1 1 0
0.0708729 0.0201928 0.0201928 1 1 0
0.070626 0.0201018 0.0201018 1 1 0
0.0703779 0.0200113 0.0200113 1 1 0
0.0701286 0.0199214 0.0199214 1 1 0
0.0698781 0.0198321 0.0198321 1 1 0
0.0696264 0.0197433 0.0197433 1 1 0
0.0693734 0.0196552 0.0196552 1 1 0
0.0691193 0.0195676 0.0195676 1 1 0
0.0688638 0.0194806 0.0194806 1 1 0
0.0686071 0.0193941 0.0193941 1 1 0
0.0683492 0.0193082 0.0193082 1 1 0
0.06809 0.0192229 0.0192229 1 1 0
0.0678295 0.0191382 0.0191382 1 1 0
0.0675678 0.019054 0.019054 1 1 0
0.0673048 0.0189703 0.0189703 1 1 0
0.0670405 0.0188872 0.0188872 1 1 0
0.0667749 0.0188047 0.0188047 1 1 0
0.066508 0.0187227 0.0187227 1 1 0
0.0662399 0.0186413 0.0186413 1 1 0
0.0659704 0.0185604 0.0185604 1 1 0
0.0656996 0.01848 0.01848 1 1 0
0.0654275 0.0184002 0.0184002 1 1 0
0.0651541 0.0183209 0.0183209 1 1 0
0.0648794 0.0182421 0.0182421 1 1 0
0.0646034 0.0181639 0.0181639 1 1 0
0.064326 0.0180861 0.0180861 1 1 0
0.0640473 0.018009 0.018009 1 1 0
0.0637672 0.0179323 0.0179323 1 1 0
0.0634859 0.0178561 0.0178561 1 1 0
0.0632031 0.0177805 0.0177805 1 1 0
0.0629191 0.0177053 0.0177053 1 1 0
0.0626336 0.0176307 0.0176307 1 1 0
0.0623469 0.0175566 0.0175566 1 1 0
0.0620588 0.017483 0.017483 1 1 0
0.0617693 0.0174098 0.0174098 1 1 0
0.0614784 0.0173372 0.0173372 1 1 0
0.0611862 0.0172651 0.0172651 1 1 0
0.0608927 0.0171934 0.0171934 1 1 0
0.0605977 0.0171222 0.0171222 1 1 0
0.0603014 0.0170516 0.0170516 1 1 0
0.0600037 0.0169813 0.0169813 1 1 0
0.0597047 0.0169116 0.0169116 1 1 0
0.0594042 0.0168424 0.0168424 1 1 0
0.0591024 0.0167736 0.0167736 1 1 0
0.0587992 0.0167052 0.0167052 1 1 0
0.0584946 0.0166374 0.0166374 1 1 0
0.0581887 0.01657 0.01657 1 1 0
0.0578813 0.016503 0.016503 1 1 0
0.0575726 0.0164366 0.0164366 1 1 0
0.0572624 0.0163705 0.0163705 1 1 0
0.0569509 0.0163049 0.0163049 1 1 0
0.056638 0.0162398 0.0162398 1 1 0
0.0563237 0.0161751 0.0161751 1 1 0
0.056008 0.0161108 0.0161108 1 1 0
0.0556909 0.016047 0.016047 1 1 0
0.0553724 0.0159836 0.0159836 1 1 0
0.0550525 0.0159207 0.0159207 1 1 0
0.0547312 0.0158581 0.0158581 1 1 0
0.0544086 0.015796 0.015796 1 1 0
0.0540845 0.0157343 0.0157343 1 1 0
0.053759 0.015673 0.015673 1 1 0
0.0534321 0.0156122 0.0156122 1 1 0
0.0531038 0.0155517 0.0155517 1 1 0
0.0527741 0.0154917 0.0154917 1 1 0
0.0524431 0.0154321 0.0154321 1 1 0
0.0521106 0.0153729 0.0153729 1 1 0
0.0517767 0.015314 0.015314 1 1 0
0.0514414 0.0152556 0.0152556 1 1 0
0.0511047 0.0151976 0.0151976 1 1 0
0.0507666 0.0151399 0.0151399 1 1 0
0.0504271 0.0150827 0.0150827 1 1 0
0.0500863 0.0150258 0.0150258 1 1 0
0.049744 0.0149693 0.0149693 1 1 0
0.0494003 0.0149132 0.0149132 1 1 0
0.0490552 0.0148575 0.0148575 1 1 0
0.0487087 0.0148021 0.0148021 1 1 0
0.0483608 0.0147471 0.0147471 1 1 0
0.0480116 0.0146925 0.0146925 1 1 0
0.0476609 0.0146382 0.0146382 1 1 0
0.0473088 0.0145844 0.0145844 1 1 0
0.0469554 0.0145308 0.0145308 1 1 0
0.0466005 0.0144777 0.0144777 1 1 0
0.0462443 0.0144248 0.0144248 1 1 0
0.0458866 0.0143724 0.0143724 1 1 0
0.0455276 0.0143203 0.0143203 1 1 0
0.0451672 0.0142685 0.0142685 1 1 0
0.0448054 0.0142171 0.0142171 1 1 0
0.0444422 0.014166 0.014166 1 1 0
0.0440776 0.0141152 0.0141152 1 1 0
0.0437116 0.0140648 0.0140648 1 1 0
0.0433443 0.0140148 0.0140148 1 1 0
0.0429755 0.013965 0.013965 1 1 0
0.0426054 0.0139156 0.0139156 1 1 0
0.0422339 0.0138665 0.0138665 1 1 0
0.0418611 0.0138177 0.0138177 1 1 0
0.0414868 0.0137693 0.0137693 1 1 0
0.0411112 0.0137212 0.0137212 1 1 0
0.0407342 0.0136733 0.0136733 1 1 0
0.0403559 0.0136258 0.0136258 1 1 0
0.0399761 0.0135787 0.0135787 1 1 0
0.0395951 0.0135318 0.0135318 1 1 0
0.0392126 0.0134852 0.0134852 1 1 0
0.0388288 0.0134389 0.0134389 1 1 0
0.0384436 0.013393 0.013393 1 1 0
0.038057 0.0133473 0.0133473 1 1 0
0.0376691 0.0133019 0.0133019 1 1 0
0.0372799 0.0132568 0.0132568 1 1 0
0.0368892 0.013212 0.013212 1 1 0
0.0364973 0.0131675 0.0131675 1 1 0
0.036104 0.0131233 0.0131233 1 1 0
0.0357093 0.0130794 0.0130794 1 1 0
0.0353133 0.0130357 0.0130357 1 1 0
0.0349159 0.0129924 0.0129924 1 1 0
0.0345172 0.0129493 0.0129493 1 1 0
0.0341172 0.0129065 0.0129065 1 1 0
0.0337158 0.0128639 0.0128639 1 1 0
0.0333131 0.0128217 0.0128217 1 1 0
0.0329091 0.0127797 0.0127797 1 1 0
0.0325037 0.0127379 0.0127379 1 1 0
0.032097 0.0126965 0.0126965 1 1 0
0.031689 0.0126553 0.0126553 1 1 0
0.0312797 0.0126143 0.0126143 1 1 0
0.030869 0.0125737 0.0125737 1 1 0
0.030457 0.0125332 0.0125332 1 1 0
0.0300437 0.0124931 0.0124931 1 1 0
0.0296291 0.0124531 0.0124531 1 1 0
0.0292132 0.0124135 0.0124135 1 1 0
0.028796 0.012374 0.012374 1 1 0
0.0283774 0.0123349 0.0123349 1 1 0
0.0279576 0.0122959 0.0122959 1 1 0
0.0275365 0.0122573 0.0122573 1 1 0
0.027114 0.0122188 0.0122188 1 1 0
0.0266903 0.0121806 0.0121806 1 1 0
0.0262653 0.0121426 0.0121426 1 1 0
0.025839 0.0121049 0.0121049 1 1 0
0.0254114 0.0120674 0.0120674 1 1 0
0.0249825 0.0120301 0.0120301 1 1 0
0.0245523 0.0119931 0.0119931 1 1 0
0.0241209 0.0119563 0.0119563 1 1 0
0.0236881 0.0119197 0.0119197 1 1 0
0.0232542 0.0118834 0.0118834 1 1 0
0.0228189 0.0118472 0.0118472 1 1 0
0.0223824 0.0118113 0.0118113 1 1 0
0.0219446 0.0117756 0.0117756 1 1 0
0.0215055 0.0117401 0.0117401 1 1 0
0.0210652 0.0117049 0.0117049 1 1 0
0.0206236 0.0116698 0.0116698 1 1 0
0.0201808 0.011635 0.011635 1 1 0
0.0197367 0.0116003 0.0116003 1 1 0
0.0192913 0.0115659 0.0115659 1 1 0
0.0188448 0.0115317 0.0115317 1 1 0
0.0183969 0.0114977 0.0114977 1 1 0
0.0179479 0.0114639 0.0114639 1 1 0
0.0174976 0.0114303 0.0114303 1 1 0
0.0170461 0.0113969 0.0113969 1 1 0
0.0165933 0.0113637 0.0113637 1 1 0
0.0161393 0.0113307 0.0113307 1 1 0
0.0156841 0.0112979 0.0112979 1 1 0
0.0152276 0.0112653 0.0112653 1 1 0
0.01477 0.0112329 0.0112329 1 1 0
0.0143111 0.0112006 0.0112006 1 1 0
0.013851 0.0111686 0.0111686 1 1 0
0.0133897 0.0111367 0.0111367 1 1 0
0.0129272 0.0111051 0.0111051 1 1 0
0.0124635 0.0110736 0.0110736 1 1 0
0.0119986 0.0110423 0.0110423 1 1 0
0.0115325 0.0110112 0.0110112 1 1 0
0.0110652 0.0109803 0.0109803 1 1 0
0.0105967 0.0109495 0.0109495 1 1 0
0.010127 0.010919 0.010919 1 1 0
0.00965613 0.0108886 0.0108886 1 1 0
0.00918407 0.0108583 0.0108583 1 1 0
0.00871083 0.0108283 0.0108283 1 1 0
0.00823641 0.0107984 0.0107984 1 1 0
0.00776082 0.0107687 0.0107687 1 1 0
0.00728406 0.0107392 0.0107392 1 1 0
0.00680612 0.0107098 0.0107098 1 1 0
0.00632703 0.0106807 0.0106807 1 1 0
0.00584677 0.0106516 0.0106516 1 1 0
0.00536534 0.0106228 0.0106228 1 1 0
0.00488277 0.0105941 0.0105941 1 1 0
0.00439904 0.0105655 0.0105655 1 1 0
0.00391416 0.0105372 0.0105372 1 1 0
0.00342813 0.010509 0.010509 1 1 0
0.00294095 0.0104809 0.0104809 1 1 0
0.00245264 0.010453 0.010453 1 1 0
0.00196319 0.0104253 0.0104253 1 1 0
0.0014726 0.0103977 0.0103977 1 1 0
0.000980877 0.0103703 0.0103703 1 1 0
0.000488027 0.010343 0.010343 1 1 0
-5.9491e-06 0.0103159 0.0103159 1 1 0
0.0748929 0.0218327 0.0218327 4 4 0
0.0748928 0.0218342 0.0218311 4 4 0
0.0748928 0.021836 0.0218293 4 4 0
0.0748928 0.0218421 0.0218232 3 4 0
0.0748928 0.0218543 0.0218111 4 4 0
0.0748928 0.0218726 0.0217929 4 4 0
0.0748928 0.0219001 0.0217656 4 4 0
0.0748928 0.0219414 0.0217248 4 4 0
0.0748927 0.0220036 0.0216637 4 4 0
0.0748925 0.0220974 0.0215727 4 4 0
0.0748921 0.0222393 0.0214371 4 4 0
0.0748914 0.0223966 0.0212898 4 4 0
0.0748904 0.0225556 0.021144 4 4 0
0.0748893 0.0227164 0.0209997 4 4 0
0.074888 0.0228789 0.0208567 4 4 0
0.0748864 0.0230433 0.0207152 4 4 0
0.0748847 0.0232095 0.020575 4 4 0
0.0748827 0.0233776 0.0204362 4 4 0
0.0748806 0.0235476 0.0202988 4 4 0
0.0748784 0.0237196 0.0201626 4 4 0
0.0748759 0.0238936 0.0200277 4 4 0
0.0748734 0.0240697 0.0198941 4 4 0
0.0748706 0.0242478 0.0197617 4 4 0
0.0748678 0.024428 0.0196305 4 4 0
0.0748649 0.0246104 0.0195006 4 4 0
0.0748618 0.024795 0.0193718 4 4 0
0.0748587 0.0249819 0.0192441 4 4 0
0.0748555 0.025171 0.0191177 4 4 0
0.0748523 0.0253624 0.0189923 4 4 0
0.074849 0.0255562 0.0188681 4 4 0
0.0748457 0.0257524 0.0187449 4 4 0
0.0748424 0.025951 0.0186229 4 4 0
0.0748391 0.0261521 0.0185019 4 4 0
0.0748359 0.0263557 0.018382 4 4 0
0.0748327 0.0265618 0.0182631 4 4 0
0.0748295 0.0267706 0.0181453 4 4 0
0.0748264 0.026982 0.0180284 4 4 0
0.0748233 0.0271961 0.0179126 4 4 0
0.0748204 0.0274129 0.0177978 4 4 0
0.0748175 0.0276324 0.017684 4 4 0
0.0748148 0.0278548 0.0175712 4 4 0
0.0748121 0.0280799 0.0174593 4 4 0
0.0748096 0.028308 0.0173484 4 4 0
0.0748072 0.0285389 0.0172385 4 4 0
0.0748049 0.0287728 0.0171295 4 4 0
0.0748028 0.0290097 0.0170214 4 4 0
0.0748008 0.0292496 0.0169143 4 4 0
0.0747989 0.0294925 0.0168081 4 4 0
0.0747972 0.0297386 0.0167029 4 4 0
0.0747956 0.0299877 0.0165985 4 4 0
0.0747941 0.03024 0.0164951 4 4 0
0.0747927 0.0304955 0.0163926 4 4 0
0.0747915 0.0307543 0.016291 4 4 0
0.0747904 0.0310163 0.0161903 4 4 0
0.0747894 0.0312816 0.0160905 4 4 0
0.0747885 0.0315501 0.0159915 4 4 0
0.0747877 0.0318222 0.0158935 4 4 0
0.0747869 0.0320975 0.0157964 4 4 0
0.0747863 0.0323763 0.0157001 4 4 0
0.0747857 0.0326586 0.0156047 4 4 0
0.0747852 0.0329442 0.0155103 4 4 0
0.0747848 0.0332335 0.0154167 4 4 0
0.0747844 0.0335263 0.0153239 4 4 0
0.0747841 0.0338227 0.015232 4 4 0
0.0747838 0.0341227 0.015141 4 4 0
0.0747836 0.0344263 0.0150508 4 4 0
0.0747834 0.0347336 0.0149615 4 4 0
0.0747832 0.0350446 0.0148731 4 4 0
0.074783 0.0353593 0.0147855 4 4 0
0.0747829 0.0356779 0.0146988 4 4 0
0.0747828 0.0360003 0.0146129 4 4 0
0.0747827 0.0363264 0.0145278 4 4 0
0.0747826 0.0366566 0.0144437 4 4 0
0.0747826 0.0369906 0.0143602 4 4 0
0.0747825 0.0373286 0.0142777 4 4 0
0.0747825 0.0376705 0.0141959 4 4 0
0.0747825 0.0380167 0.0141151 4 4 0
0.0747824 0.0383667 0.0140349 4 4 0
0.0747824 0.0387211 0.0139557 4 4 0
0.0747824 0.0390793 0.0138772 4 4 0
0.0747824 0.0394422 0.0137995 4 4 0
0.0747824 0.0398092 0.0137226 4 4 0
0.0747824 0.0401803 0.0136465 4 4 0
0.0747823 0.040556 0.0135712 4 4 0
0.0747823 0.0409362 0.0134966 4 4 0
0.0747823 0.0413207 0.0134228 4 4 0
0.0747823 0.0417096 0.0133498 4 4 0
0.0747823 0.0421035 0.0132775 4 4 0
0.0747823 0.0425018 0.013206 4 4 0
0.0747823 0.0429047 0.0131352 4 4 0
0.0747823 0.0433125 0.0130651 4 4 0
0.0747823 0.0437252 0.0129959 4 4 0
0.0747823 0.0441428 0.0129273 4 4 0
0.0747823 0.0445655 0.0128594 4 4 0
0.0747823 0.0449931 0.0127922 4 4 0
0.0747823 0.0454258 0.0127258 4 4 0
0.0747823 0.0458636 0.01266 4 4 0
0.0747823 0.0463068 0.012595 4 4 0
0.0747823 0.0467553 0.0125306 4 4 0
0.0747823 0.0471569 0.0124742 3 4 0
0.0747823 0.0476157 0.0124111 3 4 0
0.0747823 0.0480801 0.0123487 3 4 0
0.0747823 0.0485501 0.012287 3 4 0
0.0747823 0.0490259 0.0122259 3 4 0
0.0747823 0.0495076 0.0121654 3 4 0
0.0747823 0.0499949 0.0121056 3 4 0
0.0747823 0.0504888 0.0120465 3 4 0
0.0747823 0.0509886 0.011988 3 4 0
0.0747823 0.0514945 0.0119302 3 4 0
0.0747823 0.052007 0.0118729 3 4 0
0.0747823 0.0525257 0.0118163 3 4 0
0.0747823 0.0530513 0.0117603 3 4 0
0.0747823 0.0535832 0.0117049 3 4 0
0.0747823 0.0541221 0.0116501 3 4 0
0.0747823 0.0546681 0.011596 3 4 0
0.0747823 0.0552206 0.0115425 3 4 0
0.0747823 0.0557811 0.0114895 3 4 0
0.0747823 0.0563482 0.0114371 3 4 0
0.0747823 0.0569232 0.0113853 3 4 0
0.0747823 0.0575054 0.0113342 3 4 0
0.0747823 0.0580953 0.0112836 3 4 0
0.0747823 0.0586937 0.0112336 3 4 0
0.0747823 0.0592994 0.0111842 3 4 0
0.0747823 0.0599137 0.0111353 3 4 0
0.0747823 0.0605359 0.0110871 3 4 0
0.0747823 0.0611664 0.0110394 3 4 0
0.0747823 0.0618059 0.0109923 3 4 0
0.0747823 0.0624541 0.0109458 3 4 0
0.0747823 0.0631114 0.0108998 3 4 0
0.0747823 0.0637773 0.0108544 3 4 0
0.0747823 0.0644528 0.0108097 3 4 0
0.0747823 0.0651373 0.0107654 3 4 0
0.0747823 0.0658311 0.0107218 3 4 0
0.0747823 0.0665352 0.0106788 3 4 0
0.0747823 0.0672488 0.0106363 3 4 0
0.0747823 0.0679722 0.0105944 3 4 0
0.0747823 0.0687058 0.0105532 3 4 0
0.0747823 0.0694496 0.0105125 3 4 0
0.0747823 0.0702034 0.0104724 3 4 0
0.0747823 0.0709678 0.0104329 3 4 0
0.0747823 0.0717426 0.0103941 3 4 0
0.0747823 0.0725275 0.0103558 3 4 0
0.0747823 0.0733235 0.0103182 3 4 0
0.0747823 0.07413 0.0102812 3 4 0
0.0747823 0.074947 0.0102449 3 4 0
0.0747823 0.0757741 0.0102092 3 4 0
0.0747823 0.0766116 0.0101742 3 4 0
0.0747823 0.0774602 0.0101398 3 4 0
0.0747823 0.0783179 0.0101062 3 4 0
0.0747823 0.0791857 0.0100732 3 4 0
0.0747823 0.0800628 0.010041 3 4 0
0.0747823 0.08095 0.0100095 3 4 0
0.0747823 0.0818449 0.00997868 3 4 0
0.0747823 0.0827485 0.00994869 3 4 0
0.0747823 0.0836597 0.00991939 3 4 0
0.0747823 0.084578 0.00989095 3 4 0
0.0747823 0.0855026 0.00986325 3 4 0
0.0747823 0.0864321 0.00983635 3 4 0
0.0747823 0.0873669 0.00981028 3 4 0
0.0747823 0.0883043 0.00978505 3 4 0
0.0747823 0.0892461 0.00976066 3 4 0
0.0747823 0.0901884 0.00973706 3 4 0
0.0747823 0.0911308 0.00971433 3 4 0
0.0747823 0.0920727 0.00969246 3 4 0
0.0747823 0.0930135 0.00967146 3 4 0
0.0747823 0.0939496 0.00965127 3 4 0
0.0747823 0.0948831 0.00963188 3 4 0
0.0747823 0.0958101 0.00961333 3 4 0
0.0747823 0.0967305 0.00959563 3 4 0
0.0747823 0.0976422 0.00957874 3 4 0
0.0747823 0.0985454 0.00956263 3 4 0
0.0747823 0.0994396 0.00954726 3 4 0
0.0747823 0.100322 0.00953266 3 4 0
0.0747823 0.101193 0.00951878 3 4 0
0.0747823 0.102053 0.00950555 3 4 0
0.0747823 0.102898 0.00949305 3 4 0
0.0747823 0.103729 0.0094812 3 4 0
0.0747823 0.104546 0.00946997 3 4 0
0.0747823 0.105348 0.00945934 3 4 0
0.0747823 0.106135 0.00944928 3 4 0
0.0747823 0.106906 0.00943979 3 4 0
0.0747823 0.107662 0.00943078 3 4 0
0.0747823 0.108403 0.00942227 3 4 0
0.0747823 0.109126 0.00941428 3 4 0
0.0747823 0.109835 0.00940666 3 4 0
0.0747823 0.110527 0.00939947 3 4 0
0.0747823 0.111203 0.0093927 3 4 0
0.0747823 0.111864 0.00938628 3 4 0
0.0747823 0.11251 0.00938023 3 4 0
0.0747823 0.113139 0.00937452 3 4 0
0.0747823 0.113755 0.00936911 3 4 0
0.0747823 0.114355 0.00936395 3 4 0
0.0747823 0.11494 0.00935916 3 4 0
0.0747823 0.115512 0.00935452 3 4 0
0.0747823 0.116068 0.00935017 3 4 0
0.0747824 0.116613 0.00934604 3 4 0
0.0747824 0.117143 0.00934218 3 4 0
0.0747824 0.117661 0.00933846 3 4 0
0.0747824 0.118165 0.00933493 3 4 0
0.0747824 0.118658 0.00933162 3 4 0
0.0747824 0.119138 0.00932846 3 4 0
0.0747824 0.119606 0.00932547 3 4 0
0.0747824 0.120064 0.00932257 3 4 0
0.0747825 0.120509 0.00931989 3 4 0
0.0747825 0.120944 0.00931727 3 4 0
0.0747825 0.121369 0.00931487 3 4 0
0.0747826 0.121783 0.00931247 3 4 0
0.0747826 0.122188 0.0093103 3 4 0
0.0747827 0.122582 0.0093081 3 4 0
0.0747828 0.122967 0.00930611 3 4 0
0.0747829 0.123343 0.00930413 3 4 0
0.074783 0.12371 0.00930234 3 4 0
0.0747831 0.124068 0.00930053 3 4 0
0.0747832 0.124417 0.00929884 3 4 0
0.0747834 0.124759 0.0092973 3 4 0
0.0747836 0.125092 0.00929568 3 4 0
0.0747839 0.125417 0.00929428 3 4 0
0.0747842 0.125735 0.00929281 3 4 0
0.0747845 0.126045 0.0092915 3 4 0
0.0747849 0.126348 0.00929023 3 4 0
0.0747853 0.126644 0.00928893 3 4 0
0.0747859 0.126933 0.00928782 3 4 0
0.0747865 0.127215 0.00928662 3 4 0
0.0747872 0.127491 0.00928555 3 4 0
0.0747881 0.127759 0.00928451 3 4 0
0.0747891 0.128022 0.00928349 3 4 0
0.0747902 0.128279 0.00928263 3 4 0
0.0747915 0.128529 0.00928162 3 4 0
0.074793 0.128774 0.0092808 3 4 0
0.0747947 0.129013 0.00927992 3 4 0
0.0747966 0.129246 0.00927915 3 4 0
0.0747988 0.129474 0.00927838 3 4 0
0.0748013 0.129696 0.00927762 3 4 0
0.0748042 0.129913 0.00927694 3 4 0
0.0748074 0.130125 0.00927627 3 4 0
0.074811 0.130332 0.00927562 3 4 0
0.0748151 0.130534 0.00927503 3 4 0
0.0748196 0.130731 0.00927448 3 4 0
0.0748247 0.130924 0.00927388 3 4 0
0.0748304 0.131112 0.0092734 3 4 0
0.0748367 0.131296 0.00927293 3 4 0
0.0748436 0.131475 0.00927241 3 4 0
0.0748513 0.13165 0.00927203 3 4 0
0.0748597 0.131821 0.00927165 3 4 0
0.074869 0.131989 0.00927119 3 4 0
0.0748791 0.132152 0.00927092 3 4 0
0.0748901 0.132312 0.00927055 3 4 0
0.0749021 0.132468 0.00927023 3 4 0
0.0749151 0.13262 0.00926998 3 4 0
0.0749292 0.13277 0.00926972 3 4 0
0.0749444 0.132916 0.0092695 3 4 0
0.0749607 0.133058 0.00926932 3 4 0
0.0749782 0.133198 0.00926912 3 4 0
0.0749969 0.133335 0.00926906 3 4 0
0.0750169 0.133469 0.00926887 3 4 0
0.0750382 0.133601 0.00926879 3 4 0
0.0750608 0.133729 0.00926878 3 4 0
0.0750848 0.133856 0.00926868 3 4 0
0.0751101 0.13398 0.00926871 3 4 0
0.0751368 0.134101 0.0092687 3 4 0
0.075165 0.134221 0.00926875 3 4 0
0.0751946 0.134338 0.00926885 3 4 0
0.0752257 0.134454 0.00926888 3 4 0
0.0752582 0.134567 0.00926903 3 4 0
0.0752922 0.134679 0.0092692 3 4 0
0.0753277 0.134788 0.00926929 3 4 0
0.0753648 0.134896 0.00926953 3 4 0
0.0754033 0.135003 0.00926974 3 4 0
0.0754433 0.135108 0.00926992 3 4 0
0.0754848 0.135211 0.00927026 3 4 0
0.0755279 0.135313 0.0092705 3 4 0
0.0755725 0.135414 0.00927077 3 4 0
0.0756185 0.135513 0.00927113 3 4 0
0.0756661 0.135611 0.00927145 3 4 0
0.0757152 0.135708 0.00927184 3 4 0
0.0757657 0.135804 0.00927222 3 4 0
0.0758178 0.135898 0.00927262 3 4 0
0.0758713 0.135991 0.00927311 3 4 0
0.0759263 0.136084 0.00927352 3 4 0
0.0759827 0.136175 0.00927399 3 4 0
0.0760407 0.136266 0.0092746 3 4 0
0.0761 0.136356 0.00927501 3 4 0
0.0761608 0.136444 0.00927556 3 4 0
0.076223 0.136532 0.00927618 3 4 0
0.0762866 0.136619 0.0092767 3 4 0
0.0763516 0.136705 0.00927731 3 4 0
0.076418 0.136791 0.00927799 3 4 0
0.0764858 0.136875 0.00927858 3 4 0
0.0765549 0.13696 0.00927923 3 4 0
0.0766254 0.137043 0.00927998 3 4 0
0.0766972 0.137126 0.00928061 3 4 0
0.0767704 0.137208 0.00928135 3 4 0
0.0768449 0.137289 0.0092821 3 4 0
0.0769206 0.13737 0.00928284 3 4 0
0.0769977 0.137451 0.00928363 3 4 0
0.077076 0.13753 0.0092844 3 4 0
0.0771556 0.137609 0.00928523 3 4 0
0.0772364 0.137688 0.00928612 3 4 0
0.0773185 0.137766 0.00928686 3 4 0
0.0774018 0.137844 0.00928782 3 4 0
0.0774863 0.137921 0.00928868 3 4 0
0.0775721 0.137998 0.00928949 3 4 0
0.077659 0.138074 0.00929051 3 4 0
0.0777471 0.13815 0.00929141 3 4 0
0.0778363 0.138225 0.00929228 3 4 0
0.0779267 0.1383 0.00929333 3 4 0
0.0780183 0.138375 0.0092943 3 4 0
0.0781109 0.138449 0.00929521 3 4 0
0.0782047 0.138523 0.00929632 3 4 0
0.0782996 0.138596 0.00929734 3 4 0
0.0783956 0.138669 0.00929828 3 4 0
0.0784927 0.138742 0.00929942 3 4 0
0.0785909 0.138815 0.00930052 3 4 0
0.0786901 0.138887 0.00930149 3 4 0
0.0787904 0.138958 0.00930269 3 4 0
0.0788917 0.13903 0.00930379 3 4 0
0.078994 0.139101 0.00930483 3 4 0
0.0790974 0.139171 0.0093061 3 4 0
0.0792017 0.139241 0.00930723 3 4 0
0.0793071 0.139312 0.00930831 3 4 0
0.0794135 0.139382 0.00930962 3 4 0
0.0795208 0.139451 0.00931079 3 4 0
0.0796291 0.13952 0.00931191 3 4 0
0.0797384 0.139589 0.00931327 3 4 0
0.0798486 0.139658 0.0093145 3 4 0
0.0799598 0.139727 0.00931564 3 4 0
0.0800719 0.139794 0.00931699 3 4 0
0.0801849 0.139863 0.00931831 3 4 0
0.0802989 0.13993 0.00931949 3 4 0
0.0804137 0.139998 0.00932092 3 4 0
0.0805294 0.140065 0.00932222 3 4 0
0.0806461 0.140132 0.00932346 3 4 0
0.0807636 0.140199 0.00932495 3 4 0
0.0808819 0.140265 0.00932627 3 4 0
0.0810012 0.140331 0.00932755 3 4 0
0.0811213 0.140397 0.00932907 3 4 0
0.0812422 0.140463 0.00933042 3 4 0
0.081364 0.140529 0.00933175 3 4 0
0.0814866 0.140594 0.0093333 3 4 0
0.08161 0.140659 0.00933465 3 4 0
0.0817343 0.140725 0.00933608 3 4 0
0.0818594 0.140789 0.0093376 3 4 0
0.0819852 0.140854 0.00933901 3 4 0
0.0821119 0.140918 0.00934054 3 4 0
0.0822393 0.140982 0.00934202 3 4 0
0.0823675 0.141046 0.0093435 3 4 0
0.0824965 0.14111 0.00934511 3 4 0
0.0826262 0.141173 0.00934658 3 4 0
0.0827567 0.141237 0.00934811 3 4 0
0.082888 0.1413 0.00934975 3 4 0
0.08302 0.141363 0.00935125 3 4 0
0.0831527 0.141426 0.00935282 3 4 0
0.0832862 0.141489 0.00935455 3 4 0
0.0834204 0.141552 0.00935601 3 4 0
0.0835553 0.141614 0.00935765 3 4 0
0.0836909 0.141676 0.00935933 3 4 0
0.0838272 0.141738 0.0093609 3 4 0
0.0839643 0.1418 0.0093626 3 4 0
0.084102 0.141861 0.00936423 3 4 0
0.0842404 0.141923 0.0093659 3 4 0
0.0843795 0.141984 0.00936768 3 4 0
0.0845192 0.142046 0.00936926 3 4 0
0.0846596 0.142107 0.00937101 3 4 0
0.0848007 0.142168 0.00937281 3 4 0
0.0849425 0.142228 0.0093744 3 4 0
0.0850849 0.142289 0.00937621 3 4 0
0.0852279 0.142349 0.00937794 3 4 0
0.0853716 0.14241 0.00937965 3 4 0
0.0855159 0.14247 0.00938153 3 4 0
0.0856609 0.14253 0.0093832 3 4 0
0.0858064 0.14259 0.00938503 3 4 0
0.0859526 0.142649 0.00938682 3 4 0
0.0860994 0.142709 0.00938859 3 4 0
0.0862468 0.142768 0.00939054 3 4 0
0.0863949 0.142828 0.00939226 3 4 0
0.0865435 0.142887 0.00939411 3 4 0
0.0866927 0.142946 0.00939605 3 4 0
0.0868425 0.143004 0.00939781 3 4 0
0.0869929 0.143063 0.00939975 3 4 0
0.0871439 0.143122 0.0094016 3 4 0
0.0872954 0.143181 0.00940348 3 4 0
0.0874475 0.143239 0.00940549 3 4 0
0.0876002 0.143297 0.00940728 3 4 0
0.0877535 0.143355 0.00940928 3 4 0
0.0879072 0.143413 0.00941117 3 4 0
0.0880616 0.143471 0.00941309 3 4 0
0.0882165 0.143529 0.00941516 3 4 0
0.0883719 0.143586 0.009417 3 4 0
0.0885279 0.143644 0.00941903 3 4 0
0.0886845 0.143701 0.00942101 3 4 0
0.0888415 0.143759 0.00942295 3 4 0
0.0889991 0.143815 0.00942511 3 4 0
0.0891572 0.143873 0.00942697 3 4 0
0.0893158 0.14393 0.00942904 3 4 0
0.0894749 0.143986 0.00943107 3 4 0
0.0896346 0.144042 0.00943307 3 4 0
0.0897947 0.144099 0.00943525 3 4 0
0.0899554 0.144156 0.00943718 3 4 0
0.0901165 0.144212 0.00943932 3 4 0
0.0902782 0.144268 0.00944138 3 4 0
0.0904403 0.144324 0.00944343 3 4 0
0.090603 0.14438 0.00944568 3 4 0
0.0907661 0.144436 0.00944763 3 4 0
0.0909297 0.144492 0.00944981 3 4 0
0.0910937 0.144548 0.00945194 3 4 0
0.0912583 0.144603 0.00945403 3 4 0
0.0914233 0.144658 0.00945631 3 4 0
0.0915888 0.144713 0.00945832 3 4 0
0.0917547 0.144769 0.00946056 3 4 0
0.0919211 0.144823 0.0094627 3 4 0
0.092088 0.144879 0.00946486 3 4 0
0.0922553 0.144934 0.0094672 3 4 0
0.092423 0.144989 0.00946925 3 4 0
0.0925913 0.145043 0.00947152 3 4 0
0.0927599 0.145098 0.00947376 3 4 0
0.092929 0.145152 0.00947592 3 4 0
0.0930985 0.145206 0.0094783 3 4 0
0.0932685 0.145261 0.00948043 3 4 0
0.0934389 0.145315 0.00948271 3 4 0
0.0936097 0.145369 0.00948504 3 4 0
0.0937809 0.145423 0.00948722 3 4 0
0.0939526 0.145477 0.00948961 3 4 0
0.0941246 0.14553 0.00949184 3 4 0
0.0942971 0.145584 0.00949412 3 4 0
0.09447 0.145638 0.0094966 3 4 0
0.0946433 0.145691 0.00949877 3 4 0
0.094817 0.145745 0.0095011 3 4 0
0.0949912 0.145798 0.00950359 3 4 0
0.0951657 0.145851 0.00950579 3 4 0
0.0953406 0.145904 0.00950814 3 4 0
0.0955159 0.145957 0.0095106 3 4 0
0.0956916 0.14601 0.00951295 3 4 0
0.0958677 0.146063 0.00951532 3 4 0
0.0960442 0.146116 0.00951778 3 4 0
0.096221 0.146169 0.00952009 3 4 0
0.0963983 0.146221 0.0095226 3 4 0
0.0965759 0.146273 0.00952497 3 4 0
0.0967539 0.146325 0.00952738 3 4 0
0.0969322 0.146378 0.0095299 3 4 0
0.097111 0.14643 0.00953226 3 4 0
0.0972901 0.146482 0.00953483 3 4 0
0.0974695 0.146534 0.00953721 3 4 0
0.0976494 0.146586 0.00953972 3 4 0
0.0978295 0.146638 0.00954227 3 4 0
0.0980101 0.146689 0.00954469 3 4 0
0.098191 0.146742 0.0095473 3 4 0
0.0983722 0.146793 0.00954969 3 4 0
0.0985538 0.146844 0.00955237 3 4 0
0.0987358 0.146896 0.00955476 3 4 0
0.0989181 0.146947 0.00955735 3 4 0
0.0991007 0.146998 0.00955985 3 4 0
0.0992837 0.14705 0.00956253 3 4 0
0.099467 0.147101 0.00956502 3 4 0
0.0996506 0.147151 0.00956756 3 4 0
0.0998346 0.147202 0.00957026 3 4 0
0.100019 0.147253 0.00957279 3 4 0
0.100204 0.147304 0.00957539 3 4 0
0.100389 0.147354 0.00957798 3 4 0
0.100574 0.147405 0.00958077 3 4 0
0.100759 0.147456 0.00958326 3 4 0
0.100945 0.147505 0.00958603 3 4 0
0.101132 0.147557 0.00958853 3 4 0
0.101318 0.147606 0.00959132 3 4 0
0.101505 0.147657 0.00959386 3 4 0
0.101692 0.147707 0.00959661 3 4 0
0.10188 0.147757 0.00959923 3 4 0
0.102068 0.147807 0.009602 3 4 0
0.102256 0.147857 0.00960471 3 4 0
0.102444 0.147907 0.00960739 3 4 0
0.102633 0.147956 0.0096102 3 4 0
0.102822 0.148005 0.00961281 3 4 0
0.103011 0.148055 0.00961557 3 4 0
0.103201 0.148104 0.00961851 3 4 0
0.103391 0.148154 0.00962109 3 4 0
0.103581 0.148203 0.00962395 3 4 0
0.103771 0.148252 0.00962669 3 4 0
0.103962 0.148302 0.00962942 3 4 0
0.104153 0.148351 0.00963229 3 4 0
0.104344 0.1484 0.00963502 3 4 0
0.104536 0.148448 0.00963796 3 4 0
0.104728 0.148497 0.0096408 3 4 0
0.10492 0.148547 0.00964356 3 4 0
0.105112 0.148595 0.00964635 3 4 0
0.105305 0.148644 0.00964925 3 4 0
0.105498 0.148692 0.0096522 3 4 0
0.105691 0.14874 0.00965494 3 4 0
0.105885 0.14879 0.00965782 3 4 0
0.106079 0.148837 0.0096608 3 4 0
0.106273 0.148886 0.00966369 3 4 0
0.106467 0.148934 0.00966664 3 4 0
0.106662 0.148982 0.00966944 3 4 0
0.106856 0.149031 0.00967245 3 4 0
0.107052 0.149079 0.00967531 3 4 0
0.107247 0.149126 0.00967831 3 4 0
0.107442 0.149174 0.00968136 3 4 0
0.107638 0.149221 0.00968431 3 4 0
0.107834 0.14927 0.00968715 3 4 0
0.108031 0.149317 0.00969021 3 4 0
0.108227 0.149365 0.00969328 3 4 0
0.108424 0.149412 0.00969614 3 4 0
0.108621 0.14946 0.0096992 3 4 0
0.108819 0.149507 0.00970218 3 4 0
0.109016 0.149555 0.00970526 3 4 0
0.109214 0.149601 0.0097084 3 4 0
0.109412 0.149649 0.00971131 3 4 0
0.10961 0.149695 0.0097144 3 4 0
0.109809 0.149743 0.0097176 3 4 0
0.110007 0.149789 0.00972056 3 4 0
0.110206 0.149837 0.00972375 3 4 0
0.110405 0.149884 0.0097267 3 4 0
0.110605 0.14993 0.00972993 3 4 0
0.110805 0.149977 0.00973293 3 4 0
0.111004 0.150023 0.00973613 3 4 0
0.111204 0.15007 0.00973919 3 4 0
0.111405 0.150116 0.0097424 3 4 0
0.111605 0.150163 0.00974565 3 4 0
0.111806 0.15021 0.00974867 3 4 0
0.112007 0.150256 0.00975189 3 4 0
0.112208 0.150302 0.00975518 3 4 0
0.112409 0.150348 0.00975823 3 4 0
0.112611 0.150394 0.00976149 3 4 0
0.112813 0.150441 0.00976478 3 4 0
0.113015 0.150487 0.00976787 3 4 0
0.113217 0.150532 0.0097712 3 4 0
0.113419 0.150578 0.00977448 3 4 0
0.113622 0.150624 0.00977762 3 4 0
0.113825 0.15067 0.00978092 3 4 0
0.114028 0.150715 0.00978433 3 4 0
0.114231 0.150761 0.00978744 3 4 0
0.114434 0.150807 0.00979083 3 4 0
0.114638 0.150851 0.00979414 3 4 0
0.114842 0.150897 0.0097976 3 4 0
0.115046 0.150943 0.00980071 3 4 0
0.11525 0.150987 0.00980403 3 4 0
0.115454 0.151033 0.00980743 3 4 0
0.115659 0.151079 0.00981088 3 4 0
0.115864 0.151123 0.00981409 3 4 0
0.116068 0.151169 0.00981751 3 4 0
0.116274 0.151213 0.00982103 3 4 0
0.116479 0.151258 0.00982426 3 4 0
0.116684 0.151303 0.00982767 3 4 0
0.11689 0.151348 0.00983111 3 4 0
0.117096 0.151392 0.00983475 3 4 0
0.117302 0.151437 0.00983809 3 4 0
0.117508 0.151482 0.00984148 3 4 0
0.117714 0.151527 0.00984485 3 4 0
0.117921 0.151571 0.00984854 3 4 0
0.118127 0.151615 0.00985183 3 4 0
0.118334 0.15166 0.00985532 3 4 0
0.118541 0.151704 0.0098588 3 4 0
0.118749 0.151748 0.00986236 3 4 0
0.118956 0.151792 0.00986602 3 4 0
0.119163 0.151837 0.00986937 3 4 0
0.119371 0.15188 0.00987305 3 4 0
0.119579 0.151925 0.00987655 3 4 0
0.119787 0.151969 0.00988016 3 4 0
0.119995 0.152012 0.00988373 3 4 0
0.120203 0.152057 0.0098872 3 4 0
0.120412 0.152101 0.00989082 3 4 0
0.120621 0.152144 0.00989444 3 4 0
0.120829 0.152188 0.00989828 3 4 0
0.121038 0.152232 0.00990187 3 4 0
0.121247 0.152274 0.00990533 3 4 0
0.121457 0.152318 0.00990899 3 4 0
0.121666 0.152362 0.00991282 3 4 0
0.121875 0.152405 0.00991636 3 4 0
0.122085 0.152448 0.00992 3 4 0
0.122295 0.152492 0.0099237 3 4 0
0.122505 0.152535 0.00992743 3 4 0
0.122715 0.152578 0.00993138 3 4 0
0.122925 0.152621 0.00993496 3 4 0
0.123136 0.152664 0.0099386 3 4 0
0.123346 0.152707 0.00994245 3 4 0
0.123557 0.15275 0.00994614 3 4 0
0.123767 0.152793 0.00994993 3 4 0
0.123978 0.152835 0.00995394 3 4 0
0.124189 0.152879 0.00995751 3 4 0
0.124401 0.152921 0.00996133 3 4 0
0.124612 0.152964 0.00996537 3 4 0
0.124823 0.153006 0.00996915 3 4 0
0.125035 0.153049 0.0099729 3 4 0
0.125247 0.153091 0.00997667 3 4 0
0.125458 0.153133 0.00998065 3 4 0
0.12567 0.153177 0.00998442 3 4 0
0.125882 0.153218 0.00998842 3 4 0
0.126094 0.15326 0.00999233 3 4 0
0.126307 0.153303 0.0099963 3 4 0
0.126519 0.153345 0.0100001 3 4 0
0.126732 0.153388 0.010004 3 4 0
0.126944 0.153429 0.0100082 3 4 0
0.127157 0.153471 0.010012 3 4 0
0.12737 0.153513 0.010016 3 4 0
0.127583 0.153554 0.0100202 3 4 0
0.127796 0.153597 0.010024 3 4 0
0.128009 0.153638 0.010028 3 4 0
0.128222 0.15368 0.010032 3 4 0
0.128436 0.153722 0.0100363 3 4 0
0.128649 0.153763 0.0100401 3 4 0
0.128863 0.153805 0.0100444 3 4 0
0.129077 0.153846 0.0100482 3 4 0
0.12929 0.153888 0.0100526 3 4 0
0.129504 0.153929 0.0100564 3 4 0
0.129718 0.153971 0.0100606 3 4 0
0.129932 0.154011 0.0100647 3 4 0
0.130146 0.154053 0.0100688 3 4 0
0.130361 0.154094 0.0100731 3 4 0
0.130575 0.154136 0.0100772 3 4 0
0.13079 0.154176 0.0100813 3 4 0
0.131004 0.154218 0.0100857 3 4 0
0.131219 0.154258 0.0100898 3 4 0
0.131433 0.1543 0.0100942 3 4 0
0.131648 0.15434 0.0100982 3 4 0
0.131863 0.154381 0.0101024 3 4 0
0.132078 0.154421 0.0101068 3 4 0
0.132293 0.154463 0.0101111 3 4 0
0.132508 0.154503 0.0101154 3 4 0
0.132724 0.154544 0.0101196 3 4 0
0.132939 0.154585 0.010124 3 4 0
0.133154 0.154624 0.0101283 3 4 0
0.13337 0.154665 0.0101326 3 4 0
0.133585 0.154706 0.0101371 3 4 0
0.133801 0.154746 0.0101413 3 4 0
0.134016 0.154786 0.0101457 3 4 0
0.134232 0.154827 0.0101504 3 4 0
0.134448 0.154866 0.0101548 3 4 0
0.134664 0.154907 0.010159 3 4 0
0.13488 0.154947 0.0101634 3 4 0
0.135096 0.154987 0.010168 3 4 0
0.135312 0.155027 0.0101723 3 4 0
0.135528 0.155066 0.0101768 3 4 0
0.135744 0.155106 0.0101815 3 4 0
0.13596 0.155146 0.0101859 3 4 0
0.136177 0.155185 0.0101903 3 4 0
0.136393 0.155225 0.0101949 3 4 0
0.136609 0.155265 0.0101997 3 4 0
0.136826 0.155305 0.0102041 3 4 0
0.137042 0.155343 0.0102088 3 4 0
0.137259 0.155384 0.0102134 3 4 0
0.137475 0.155423 0.0102178 3 4 0
0.137692 0.155462 0.0102225 3 4 0
0.137909 0.155501 0.0102272 3 4 0
0.138126 0.155541 0.0102321 3 4 0
0.138342 0.155581 0.0102367 3 4 0
0.138559 0.155619 0.0102412 3 4 0
0.138776 0.155659 0.0102459 3 4 0
0.138993 0.155698 0.0102509 3 4 0
0.13921 0.155736 0.0102554 3 4 0
0.139427 0.155776 0.0102601 3 4 0
0.139644 0.155814 0.0102649 3 4 0
0.139861 0.155854 0.0102697 3 4 0
0.140078 0.155892 0.0102748 3 4 0
0.140295 0.155931 0.0102794 3 4 0
0.140512 0.15597 0.0102844 3 4 0
0.140729 0.156008 0.010289 3 4 0
0.140947 0.156047 0.0102942 3 4 0
0.141164 0.156085 0.0102988 3 4 0
0.141381 0.156124 0.0103037 3 4 0
0.141598 0.156162 0.0103088 3 4 0
0.141816 0.156201 0.0103135 3 4 0
0.142033 0.156239 0.0103185 3 4 0
0.14225 0.156276 0.0103235 3 4 0
0.142468 0.156316 0.0103285 3 4 0
0.142685 0.156353 0.0103337 3 4 0
0.142902 0.156392 0.0103386 3 4 0
0.14312 0.156429 0.0103437 3 4 0
0.143337 0.156468 0.0103486 3 4 0
0.143554 0.156505 0.0103536 3 4 0
0.143772 0.156544 0.010359 3 4 0
0.143989 0.156581 0.010364 3 4 0
0.144207 0.15662 0.0103692 3 4 0
0.144424 0.156656 0.0103741 3 4 0
0.144642 0.156695 0.0103793 3 4 0
0.144859 0.156732 0.0103846 3 4 0
0.145076 0.15677 0.0103897 3 4 0
0.145294 0.156808 0.010395 3 4 0
0.145511 0.156845 0.0104004 3 4 0
0.145729 0.156883 0.0104054 3 4 0
0.145946 0.15692 0.0104107 3 4 0
0.146163 0.156958 0.0104161 3 4 0
0.146381 0.156995 0.0104213 3 4 0
0.146598 0.157032 0.0104268 3 4 0
0.146815 0.157069 0.0104322 3 4 0
0.147033 0.157106 0.0104374 3 4 0
0.14725 0.157143 0.0104428 3 4 0
0.147467 0.157181 0.0104481 3 4 0
0.147684 0.157217 0.0104538 3 4 0
0.147902 0.157254 0.0104592 3 4 0
0.148119 0.157291 0.0104646 3 4 0
0.148336 0.157328 0.01047 3 4 0
0.148553 0.157364 0.0104757 3 4 0
0.14877 0.157401 0.010481 3 4 0
0.148987 0.157438 0.0104867 3 4 0
0.149204 0.157475 0.0104925 3 4 0
0.149421 0.157511 0.0104978 3 4 0
0.149638 0.157548 0.0105034 3 4 0
0.149855 0.157583 0.0105092 3 4 0
0.150072 0.157621 0.0105147 3 4 0
0.150289 0.157656 0.0105205 3 4 0
0.150506 0.157694 0.0105263 3 4 0
0.150723 0.15773 0.0105318 3 4 0
0.150939 0.157765 0.0105376 3 4 0
0.151156 0.157802 0.0105437 3 4 0
0.151372 0.157838 0.0105491 3 4 0
0.151589 0.157873 0.010555 3 4 0
0.151805 0.15791 0.0105611 3 4 0
0.152022 0.157944 0.0105668 3 4 0
0.152238 0.157982 0.0105726 3 4 0
0.152455 0.158017 0.0105783 3 4 0
0.152671 0.158052 0.0105843 3 4 0
0.152887 0.158089 0.0105904 3 4 0
0.153103 0.158125 0.0105964 3 4 0
0.153319 0.158159 0.0106022 3 4 0
0.153535 0.158196 0.0106083 3 4 0
0.153751 0.15823 0.0106146 3 4 0
0.153967 0.158266 0.0106207 3 4 0
0.154182 0.158302 0.0106264 3 4 0
0.154398 0.158336 0.0106325 3 4 0
0.154614 0.158372 0.0106386 3 4 0
0.154829 0.158407 0.010645 3 4 0
0.155045 0.158442 0.0106512 3 4 0
0.15526 0.158478 0.0106572 3 4 0
0.155475 0.158513 0.0106634 3 4 0
0.15569 0.158546 0.01067 3 4 0
0.155905 0.158582 0.0106761 3 4 0
0.15612 0.158617 0.0106827 3 4 0
0.156335 0.158652 0.0106887 3 4 0
0.15655 0.158687 0.0106953 3 4 0
0.156764 0.15872 0.0107014 3 4 0
0.156979 0.158756 0.0107078 3 4 0
0.157193 0.158791 0.0107143 3 4 0
0.157407 0.158825 0.0107211 3 4 0
0.157622 0.158859 0.0107273 3 4 0
0.157836 0.158894 0.010734 3 4 0
0.15805 0.158927 0.0107405 3 4 0
0.158263 0.158963 0.0107469 3 4 0
0.158477 0.158997 0.0107537 3 4 0
0.158691 0.159031 0.0107604 3 4 0
0.158904 0.159064 0.0107668 3 4 0
0.159117 0.159098 0.0107736 3 4 0
0.159331 0.159133 0.0107802 3 4 0
0.159544 0.159166 0.0107872 3 4 0
0.159757 0.1592 0.0107938 3 4 0
0.159969 0.159234 0.0108006 3 4 0
0.160182 0.159268 0.0108077 3 4 0
0.160394 0.159302 0.0108143 3 4 0
0.160607 0.159336 0.0108213 3 4 0
0.160819 0.159368 0.0108285 3 4 0
0.161031 0.159402 0.0108354 3 4 0
0.161243 0.159436 0.0108424 3 4 0
0.161454 0.15947 0.0108491 3 4 0
0.161666 0.159503 0.0108562 3 4 0
0.161877 0.159536 0.0108637 3 4 0
0.162088 0.159569 0.0108706 3 4 0
0.162299 0.159602 0.0108778 3 4 0
0.16251 0.159636 0.0108851 3 4 0
0.162721 0.159667 0.010892 3 4 0
0.162931 0.159702 0.0108994 3 4 0
0.163142 0.159733 0.0109069 3 4 0
0.163352 0.159767 0.0109139 3 4 0
0.163562 0.159799 0.0109216 3 4 0
0.163772 0.159833 0.0109287 3 4 0
0.163981 0.159864 0.0109361 3 4 0
0.16419 0.159897 0.0109437 3 4 0
0.1644 0.15993 0.0109515 3 4 0
0.164608 0.159963 0.0109587 3 4 0
0.164817 0.159995 0.0109666 3 4 0
0.165026 0.160027 0.0109738 3 4 0
0.165234 0.160058 0.0109814 3 4 0
0.165442 0.160091 0.0109892 3 4 0
0.16565 0.160124 0.0109973 3 4 0
0.165858 0.160156 0.0110047 3 4 0
0.166065 0.160187 0.0110124 3 4 0
0.166272 0.16022 0.0110205 3 4 0
0.166479 0.16025 0.0110284 3 4 0
0.166686 0.160283 0.0110363 3 4 0
0.166892 0.160314 0.0110443 3 4 0
0.167098 0.160347 0.011052 3 4 0
0.167304 0.160378 0.01106 3 4 0
0.16751 0.160409 0.0110683 3 4 0
0.167715 0.160441 0.0110768 3 4 0
0.167921 0.160472 0.0110845 3 4 0
0.168125 0.160503 0.0110926 3 4 0
0.16833 0.160535 0.0111012 3 4 0
0.168534 0.160564 0.0111094 3 4 0
0.168738 0.160597 0.0111175 3 4 0
0.168942 0.160628 0.011126 3 4 0
0.169146 0.160659 0.0111346 3 4 0
0.169349 0.160689 0.0111435 3 4 0
0.169552 0.160719 0.0111515 3 4 0
0.169754 0.160751 0.01116 3 4 0
0.169957 0.16078 0.0111691 3 4 0
0.170159 0.160812 0.0111774 3 4 0
0.17036 0.160842 0.0111863 3 4 0
0.170562 0.160873 0.0111949 3 4 0
0.170763 0.160902 0.0112035 3 4 0
0.170964 0.160933 0.0112125 3 4 0
0.171164 0.160964 0.0112212 3 4 0
0.171364 0.160992 0.0112304 3 4 0
0.171564 0.161022 0.0112394 3 4 0
0.171763 0.161054 0.0112489 3 4 0
0.171962 0.161083 0.0112575 3 4 0
0.172161 0.161111 0.0112671 3 4 0
0.172359 0.161143 0.0112758 3 4 0
0.172557 0.161172 0.0112851 3 4 0
0.172754 0.161201 0.0112948 3 4 0
0.172952 0.161231 0.0113038 3 4 0
0.173148 0.161259 0.0113133 3 4 0
0.173345 0.16129 0.0113231 3 4 0
0.173541 0.161319 0.0113325 3 4 0
0.173736 0.161347 0.0113419 3 4 0
0.173932 0.161376 0.0113516 3 4 0
0.174126 0.161405 0.0113615 3 4 0
0.174321 0.161435 0.0113716 3 4 0
0.174515 0.161462 0.0113814 3 4 0
0.174708 0.161492 0.0113909 3 4 0
0.174901 0.16152 0.0114009 3 4 0
0.175094 0.161549 0.0114111 3 4 0
0.175286 0.161577 0.011421 3 4 0
0.175478 0.161604 0.0114314 3 4 0
0.175669 0.161633 0.011442 3 4 0
0.17586 0.161661 0.0114519 3 4 0
0.17605 0.16169 0.0114621 3 4 0
0.17624 0.161717 0.0114731 3 4 0
0.17643 0.161745 0.0114834 3 4 0
0.176618 0.161773 0.0114937 3 4 0
0.176807 0.161799 0.0115045 3 4 0
0.176995 0.161828 0.0115158 3 4 0
0.177182 0.161855 0.011526 3 4 0
0.177369 0.161882 0.0115373 3 4 0
0.177555 0.16191 0.0115478 3 4 0
0.177741 0.161936 0.0115588 3 4 0
0.177926 0.161964 0.0115703 3 4 0
0.178111 0.161991 0.0115816 3 4 0
0.178295 0.162016 0.0115924 3 4 0
0.178478 0.162045 0.0116038 3 4 0
0.178661 0.16207 0.0116158 3 4 0
0.178844 0.162097 0.0116269 3 4 0
0.179026 0.162124 0.0116382 3 4 0
0.179207 0.16215 0.0116503 3 4 0
0.179387 0.162175 0.0116623 3 4 0
0.179567 0.162201 0.0116736 3 4 0
0.179747 0.162228 0.0116858 3 4 0
0.179925 0.162253 0.0116983 3 4 0
0.180103 0.16228 0.0117102 3 4 0
0.180281 0.162304 0.011722 3 4 0
0.180458 0.162331 0.0117344 3 4 0
0.180634 0.162356 0.0117469 3 4 0
0.180809 0.16238 0.0117593 3 4 0
0.180984 0.162406 0.0117724 3 4 0
0.181158 0.16243 0.0117846 3 4 0
0.181331 0.162456 0.0117978 3 4 0
0.181503 0.16248 0.011811 3 4 0
0.181675 0.162506 0.0118235 3 4 0
0.181846 0.162529 0.0118367 3 4 0
0.182017 0.162554 0.0118506 3 4 0
0.182186 0.162577 0.0118635 3 4 0
0.182355 0.162602 0.0118768 3 4 0
0.182523 0.162626 0.0118909 3 4 0
0.18269 0.16265 0.0119043 3 4 0
0.182856 0.162673 0.0119189 3 4 0
0.183022 0.162697 0.0119322 3 4 0
0.183187 0.16272 0.0119462 3 4 0
0.183351 0.162743 0.0119604 3 4 0
0.183514 0.162767 0.0119754 3 4 0
0.183676 0.16279 0.0119899 3 4 0
0.183837 0.162812 0.012004 3 4 0
0.183997 0.162835 0.0120187 3 4 0
0.184157 0.162858 0.0120344 3 4 0
0.184315 0.162878 0.0120488 3 4 0
0.184473 0.162902 0.0120639 3 4 0
0.18463 0.162924 0.0120797 3 4 0
0.184785 0.162945 0.0120952 3 4 0
0.18494 0.162968 0.0121104 3 4 0
0.185094 0.162988 0.0121266 3 4 0
0.185246 0.163011 0.0121422 3 4 0
0.185398 0.163032 0.0121585 3 4 0
0.185549 0.163052 0.0121746 3 4 0
0.185698 0.163073 0.0121913 3 4 0
0.185847 0.163095 0.0122086 3 4 0
0.185994 0.163115 0.0122247 3 4 0
0.186141 0.163135 0.0122424 3 4 0
0.186286 0.163155 0.0122589 3 4 0
0.18643 0.163175 0.0122763 3 4 0
0.186573 0.163196 0.0122937 3 4 0
0.186715 0.163214 0.0123121 3 4 0
0.186856 0.163235 0.01233 3 4 0
0.186996 0.163253 0.0123476 3 4 0
0.187134 0.163272 0.0123663 3 4 0
0.187271 0.16329 0.0123846 3 4 0
0.187407 0.16331 0.0124039 3 4 0
0.187542 0.163329 0.012423 3 4 0
0.187675 0.163347 0.0124418 3 4 0
0.187807 0.163364 0.0124618 3 4 0
0.187938 0.163383 0.0124815 3 4 0
0.188067 0.163398 0.0125014 3 4 0
0.188196 0.163418 0.0125218 3 4 0
0.188322 0.163434 0.0125418 3 4 0
0.188448 0.163452 0.0125627 3 4 0
0.188572 0.163467 0.0125845 3 4 0
0.188695 0.163485 0.012605 3 4 0
0.188816 0.163501 0.0126267 3 4 0
0.188936 0.163516 0.0126485 3 4 0
0.189054 0.163533 0.0126714 3 4 0
0.189171 0.163549 0.0126932 3 4 0
0.189287 0.163563 0.0127161 3 4 0
0.1894 0.163579 0.0127396 3 4 0
0.189513 0.163593 0.0127628 3 4 0
0.189624 0.163609 0.0127868 3 4 0
0.189733 0.163621 0.0128105 3 4 0
0.189841 0.163636 0.012835 3 4 0
0.189947 0.163651 0.0128601 3 4 0
0.190052 0.163662 0.0128857 3 4 0
0.190155 0.163677 0.0129115 3 4 0
0.190257 0.16369 0.0129367 3 4 0
0.190356 0.163702 0.0129634 3 4 0
0.190455 0.163715 0.0129901 3 4 0
0.190551 0.163728 0.0130181 3 4 0
0.190646 0.163738 0.013045 3 4 0
0.190739 0.163751 0.0130737 3 4 0
0.190831 0.163761 0.0131017 3 4 0
0.19092 0.163773 0.0131314 3 4 0
0.191009 0.163784 0.0131606 3 4 0
0.191095 0.163794 0.0131906 3 4 0
0.19118 0.163804 0.0132219 3 4 0
0.191263 0.163814 0.0132532 3 4 0
0.191344 0.163823 0.013284 3 4 0
0.191423 0.163831 0.0133165 3 4 0
0.191501 0.163841 0.0133491 3 4 0
0.191577 0.163848 0.013383 3 4 0
0.191651 0.163858 0.0134168 3 4 0
0.191724 0.163864 0.0134513 3 4 0
0.191795 0.163873 0.0134874 3 4 0
0.191864 0.163879 0.0135234 3 4 0
0.191931 0.163885 0.0135597 3 4 0
0.191996 0.163893 0.0135974 3 4 0
0.19206 0.163897 0.0136351 3 4 0
0.192122 0.163903 0.0136742 3 4 0
0.192183 0.163908 0.0137144 3 4 0
0.192241 0.163913 0.0137544 3 4 0
0.192298 0.163916 0.0137959 3 4 0
0.192353 0.163922 0.0138388 3 4 0
0.192407 0.163923 0.0138813 3 4 0
0.192459 0.163928 0.0139257 3 4 0
0.192509 0.16393 0.0139709 3 4 0
0.192558 0.163932 0.0140166 3 4 0
0.192605 0.163934 0.0140645 3 4 0
0.19265 0.163935 0.0141117 3 4 0
0.192694 0.163936 0.0141618 3 4 0
0.192737 0.163936 0.0142114 3 4 0
0.192778 0.163935 0.0142631 3 4 0
0.192817 0.163935 0.014316 3 4 0
0.192855 0.163934 0.0143695 3 4 0
0.192891 0.163931 0.0144258 3 4 0
0.192926 0.16393 0.0144814 3 4 0
0.19296 0.163925 0.0145396 3 4 0
0.192992 0.163923 0.0145994 3 4 0
0.193023 0.163917 0.0146599 3 4 0
0.193053 0.163912 0.0147227 3 4 0
0.193081 0.163907 0.0147865 3 4 0
0.193108 0.1639 0.0148528 3 4 0
0.193134 0.163893 0.0149198 3 4 0
0.193159 0.163885 0.0149893 3 4 0
0.193183 0.163876 0.01506 3 4 0
0.193205 0.163867 0.0151329 3 4 0
0.193227 0.163854 0.0152086 3 4 0
0.193247 0.163844 0.0152851 3 4 0
0.193267 0.163831 0.0153642 3 4 0
0.193285 0.163816 0.0154469 3 4 0
0.193303 0.163802 0.0155294 3 4 0
0.19332 0.163786 0.0156172 3 4 0
0.193336 0.163768 0.0157043 3 4 0
0.19335 0.163749 0.0157966 3 4 0
0.193365 0.163729 0.0158908 3 4 0
0.193378 0.163708 0.0159863 3 4 0
0.193391 0.163683 0.0160868 3 4 0
0.193403 0.163659 0.0161904 3 4 0
0.193414 0.163631 0.0162943 3 4 0
0.193425 0.163603 0.0164045 3 4 0
0.193435 0.163573 0.0165158 3 4 0
0.193444 0.16354 0.0166327 3 4 0
0.193453 0.163503 0.0167509 3 4 0
0.193461 0.163467 0.0168755 3 4 0
0.193469 0.163426 0.017001 3 4 0
0.193477 0.163382 0.0171336 3 4 0
0.193484 0.163338 0.0172678 3 4 0
0.19349 0.163288 0.0174064 3 4 0
0.193496 0.163235 0.0175504 3 4 0
0.193502 0.163181 0.0176993 3 4 0
0.193507 0.163122 0.0178503 3 4 0
0.193512 0.163059 0.0180092 3 4 0
0.193517 0.162992 0.0181715 3 4 0
0.193521 0.16292 0.0183364 3 4 0
0.193525 0.162845 0.0185096 3 4 0
0.193529 0.162766 0.0186851 3 4 0
0.193532 0.162681 0.0188687 3 4 0
0.193535 0.162592 0.0190542 3 4 0
0.193538 0.162499 0.019248 3 4 0
0.193541 0.1624 0.0194437 3 4 0
0.193544 0.162295 0.0196473 3 4 0
0.193546 0.162186 0.019854 3 4 0
0.193548 0.16207 0.0200682 3 4 0
0.19355 0.161949 0.0202854 3 4 0
0.193552 0.161823 0.0205081 3 4 0
0.193554 0.16169 0.020738 3 4 0
0.193556 0.161551 0.0209688 3 4 0
0.193557 0.161408 0.0212063 3 4 0
0.193559 0.161259 0.0214501 3 4 0
0.19356 0.161103 0.0216953 3 4 0
0.193561 0.160942 0.0219467 3 4 0
0.193562 0.160775 0.022201 3 4 0
0.193563 0.160603 0.022461 3 4 0
0.193564 0.160426 0.0227231 3 4 0
0.193565 0.160242 0.0229905 3 4 0
0.193566 0.160055 0.0232608 3 4 0
0.193566 0.159861 0.0235337 3 4 0
0.193567 0.159663 0.0238117 3 4 0
0.193568 0.15946 0.0240903 3 4 0
0.193568 0.159252 0.0243727 3 4 0
0.193569 0.15904 0.0246583 3 4 0
0.193569 0.158824 0.0249472 3 4 0
0.193569 0.158603 0.025237 3 4 0
0.19357 0.158379 0.025529 3 4 0
0.19357 0.15815 0.0258238 3 4 0
0.19357 0.157919 0.0261215 3 4 0
0.19357 0.157682 0.0264202 3 4 0
0.193571 0.157444 0.0267203 3 4 0
0.193571 0.157202 0.0270231 3 4 0
0.193571 0.156956 0.0273268 3 4 0
0.193571 0.156708 0.0276322 3 4 0
0.193571 0.156627 0.0277326 4 4 0
0.193571 0.156374 0.0280406 4 4 0
0.193571 0.156119 0.0283497 4 4 0
0.193571 0.155863 0.0286594 4 4 0
0.19357 0.155603 0.0289708 4 4 0
0.19357 0.15534 0.0292835 4 4 0
0.19357 0.155077 0.0295978 4 4 0
0.19357 0.15481 0.0299126 4 4 0
0.19357 0.154542 0.0302286 4 4 0
0.193569 0.154271 0.0305463 4 4 0
0.193569 0.153999 0.0308643 4 4 0
0.193568 0.153725 0.0311832 4 4 0
0.193568 0.153449 0.0315028 4 4 0
0.193568 0.153172 0.0318237 4 4 0
0.193567 0.152893 0.0321454 4 4 0
0.193566 0.152612 0.0324678 4 4 0
0.193566 0.15233 0.0327911 4 4 0
0.193565 0.152047 0.0331153 4 4 0
0.193564 0.151762 0.0334409 4 4 0
0.193564 0.151476 0.0337664 4 4 0
0.193563 0.151189 0.0340926 4 4 0
0.193562 0.150901 0.0344193 4 4 0
0.193561 0.150611 0.0347471 4 4 0
0.19356 0.150321 0.0350755 4 4 0
0.193559 0.150029 0.0354049 4 4 0
0.193558 0.149736 0.0357349 4 4 0
0.193557 0.149442 0.0360657 4 4 0
0.193555 0.149147 0.0363967 4 4 0
0.193554 0.148852 0.0367283 4 4 0
0.193553 0.148555 0.0370603 4 4 0
0.193551 0.148258 0.0373932 4 4 0
0.193549 0.147959 0.037727 4 4 0
0.193548 0.14766 0.0380614 4 4 0
0.193546 0.14736 0.0383956 4 4 0
0.193544 0.147059 0.0387313 4 4 0
0.193542 0.146758 0.0390671 4 4 0
0.19354 0.146455 0.0394033 4 4 0
0.193538 0.146152 0.03974 4 4 0
0.193536 0.145848 0.0400774 4 4 0
0.193533 0.145544 0.0404158 4 4 0
0.193531 0.145239 0.040754 4 4 0
0.193528 0.144933 0.0410931 4 4 0
0.193526 0.144627 0.0414327 4 4 0
0.193523 0.144319 0.0417728 4 4 0
0.19352 0.144012 0.0421138 4 4 0
0.193517 0.143704 0.0424551 4 4 0
0.193514 0.143395 0.0427963 4 4 0
0.19351 0.143085 0.0431382 4 4 0
0.193507 0.142775 0.043481 4 4 0
0.193503 0.142465 0.0438238 4 4 0
0.193499 0.142153 0.0441676 4 4 0
0.193495 0.141842 0.0445113 4 4 0
0.193491 0.141529 0.0448561 4 4 0
0.193486 0.141217 0.0452007 4 4 0
0.193482 0.140903 0.045546 4 4 0
0.193477 0.14059 0.0458917 4 4 0
0.193472 0.140275 0.0462384 4 4 0
0.193467 0.139961 0.0465848 4 4 0
0.193461 0.139645 0.0469317 4 4 0
0.193456 0.139329 0.047279 4 4 0
0.19345 0.139013 0.047627 4 4 0
0.193444 0.138696 0.0479751 4 4 0
0.193437 0.138379 0.0483243 4 4 0
0.193431 0.138061 0.0486729 4 4 0
0.193424 0.137743 0.0490227 4 4 0
0.193417 0.137425 0.0493721 4 4 0
0.19341 0.137105 0.0497224 4 4 0
0.193402 0.136786 0.0500731 4 4 0
0.193394 0.136466 0.0504239 4 4 0
0.193386 0.136145 0.0507753 4 4 0
0.193377 0.135824 0.0511269 4 4 0
0.193368 0.135503 0.051479 4 4 0
0.193359 0.135181 0.0518312 4 4 0
0.19335 0.134859 0.0521839 4 4 0
0.19334 0.134536 0.0525368 4 4 0
0.19333 0.134213 0.0528901 4 4 0
0.19332 0.13389 0.053244 4 4 0
0.193309 0.133565 0.0535976 4 4 0
0.193298 0.133241 0.0539519 4 4 0
0.193286 0.132916 0.0543064 4 4 0
0.193274 0.132591 0.0546614 4 4 0
0.193262 0.132265 0.0550162 4 4 0
0.193249 0.131939 0.0553719 4 4 0
0.193236 0.131613 0.0557272 4 4 0
0.193223 0.131286 0.0560832 4 4 0
0.193209 0.130959 0.0564393 4 4 0
0.193195 0.130631 0.0567956 4 4 0
0.193181 0.130303 0.0571522 4 4 0
0.193166 0.129975 0.0575091 4 4 0
0.19315 0.129646 0.0578663 4 4 0
0.193134 0.129317 0.0582235 4 4 0
0.193118 0.128988 0.0585808 4 4 0
0.193101 0.128658 0.0589387 4 4 0
0.193084 0.128328 0.0592967 4 4 0
0.193067 0.127997 0.0596544 4 4 0
0.193049 0.127666 0.0600127 4 4 0
0.193031 0.127335 0.0603713 4 4 0
0.193012 0.127004 0.0607296 4 4 0
0.192993 0.126672 0.0610883 4 4 0
0.192973 0.12634 0.0614474 4 4 0
0.192953 0.126007 0.0618063 4 4 0
0.192932 0.125675 0.0621653 4 4 0
0.192911 0.125342 0.0625246 4 4 0
0.19289 0.125008 0.0628842 4 4 0
0.192868 0.124675 0.0632434 4 4 0
0.192846 0.124341 0.0636029 4 4 0
0.192824 0.124007 0.0639626 4 4 0
0.192801 0.123672 0.0643226 4 4 0
0.192777 0.123337 0.0646823 4 4 0
0.192753 0.123003 0.0650421 4 4 0
0.192729 0.122667 0.0654019 4 4 0
0.192705 0.122332 0.065762 4 4 0
0.19268 0.121996 0.0661218 4 4 0
0.192655 0.12166 0.0664818 4 4 0
0.192629 0.121324 0.0668421 4 4 0
0.192603 0.120988 0.0672021 4 4 0
0.192577 0.120651 0.0675621 4 4 0
0.19255 0.120314 0.0679221 4 4 0
0.192523 0.119977 0.0682823 4 4 0
0.192496 0.11964 0.0686424 4 4 0
0.192468 0.119302 0.0690023 4 4 0
0.192441 0.118964 0.0693625 4 4 0
0.192413 0.118627 0.0697225 4 4 0
0.192384 0.118289 0.0700822 4 4 0
0.192356 0.11795 0.0704421 4 4 0
0.192327 0.117612 0.070802 4 4 0
0.192298 0.117273 0.0711618 4 4 0
0.192269 0.116934 0.0715214 4 4 0
0.19224 0.116595 0.071881 4 4 0
0.192211 0.116256 0.0722405 4 4 0
0.192181 0.115917 0.0725999 4 4 0
0.192152 0.115577 0.0729592 4 4 0
0.192122 0.115238 0.0733185 4 4 0
0.192092 0.114898 0.0736776 4 4 0
0.192063 0.114558 0.0740366 4 4 0
0.192033 0.114218 0.0743956 4 4 0
0.192003 0.113878 0.0747543 4 4 0
0.191973 0.113537 0.075113 4 4 0
0.191944 0.113197 0.0754715 4 4 0
0.191914 0.112856 0.0758298 4 4 0
0.191884 0.112515 0.076188 4 4 0
0.191855 0.112174 0.076546 4 4 0
0.191825 0.111833 0.0769039 4 4 0
0.191796 0.111492 0.0772617 4 4 0
0.191767 0.11115 0.0776193 4 4 0
0.191738 0.110809 0.0779768 4 4 0
0.19171 0.110467 0.078334 4 4 0
0.191681 0.110125 0.078691 4 4 0
0.191653 0.109783 0.079048 4 4 0
0.191625 0.109441 0.0794047 4 4 0
0.191597 0.109099 0.0797613 4 4 0
0.19157 0.108757 0.0801177 4 4 0
0.191543 0.108414 0.0804738 4 4 0
0.191516 0.108072 0.0808298 4 4 0
0.19149 0.107729 0.0811857 4 4 0
0.191464 0.107386 0.0815413 4 4 0
0.191439 0.107044 0.0818967 4 4 0
0.191414 0.1067 0.082252 4 4 0
0.191389 0.106357 0.082607 4 4 0
0.191365 0.106014 0.0829618 4 4 0
0.191342 0.105671 0.0833165 4 4 0
0.191319 0.105327 0.0836709 4 4 0
0.191296 0.104983 0.0840252 4 4 0
0.191274 0.104639 0.0843792 4 4 0
0.191253 0.104295 0.0847331 4 4 0
0.191232 0.103951 0.0850867 4 4 0
0.191212 0.103607 0.0854402 4 4 0
0.191192 0.103263 0.0857934 4 4 0
0.191173 0.102918 0.0861464 4 4 0
0.191155 0.102574 0.0864993 4 4 0
0.191137 0.102229 0.0868519 4 4 0
0.19112 0.101884 0.0872043 4 4 0
0.191104 0.101539 0.0875566 4 4 0
0.191088 0.101194 0.0879086 4 4 0
0.191074 0.100848 0.0882604 4 4 0
0.191059 0.100503 0.0886121 4 4 0
0.191046 0.100157 0.0889635 4 4 0
0.191033 0.0998114 0.0893147 4 4 0
0.191021 0.0994654 0.0896658 4 4 0
0.19101 0.0991193 0.0900166 4 4 0
0.191 0.0987731 0.0903673 4 4 0
0.190991 0.0984267 0.0907178 4 4 0
0.190982 0.0980802 0.091068 4 4 0
0.190974 0.0977335 0.0914181 4 4 0
0.190967 0.0973866 0.0917679 4 4 0
0.19096 0.0970396 0.0921176 4 4 0
0.190955 0.0966924 0.0924671 4 4 0
0.19095 0.096345 0.0928165 4 4 0
0.190947 0.0959975 0.0931656 4 4 0
0.190944 0.0956498 0.0935145 4 4 0
0.190941 0.0953019 0.0938633 4 4 0
0.19094 0.0949539 0.0942119 4 4 0
0.19094 0.0946057 0.0945603 3 4 0
0.19094 0.0945838 0.0945822 3 4 0
0.19094 0.0945839 0.0945821 4 4 0
0.19094 0.0949321 0.0942337 4 4 0
0.190941 0.0952802 0.0938851 4 4 0
0.190943 0.095628 0.0935364 4 4 0
0.190946 0.0959757 0.0931874 4 4 0
0.19095 0.0963233 0.0928383 4 4 0
0.190955 0.0966706 0.092489 4 4 0
0.19096 0.0970179 0.0921395 4 4 0
0.190966 0.0973649 0.0917898 4 4 0
0.190973 0.0977118 0.09144 4 4 0
0.190981 0.0980585 0.0910899 4 4 0
0.19099 0.098405 0.0907397 4 4 0
0.190999 0.0987515 0.0903892 4 4 0
0.19101 0.0990977 0.0900386 4 4 0
0.191021 0.0994438 0.0896878 4 4 0
0.191033 0.0997897 0.0893367 4 4 0
0.191045 0.100136 0.0889855 4 4 0
0.191059 0.100481 0.0886341 4 4 0
0.191073 0.100827 0.0882825 4 4 0
0.191087 0.101172 0.0879306 4 4 0
0.191103 0.101517 0.0875786 4 4 0
0.191119 0.101862 0.0872264 4 4 0
0.191136 0.102207 0.086874 4 4 0
0.191154 0.102552 0.0865214 4 4 0
0.191172 0.102897 0.0861685 4 4 0
0.191191 0.103241 0.0858155 4 4 0
0.19121 0.103586 0.0854623 4 4 0
0.191231 0.10393 0.0851089 4 4 0
0.191251 0.104274 0.0847552 4 4 0
0.191273 0.104618 0.0844014 4 4 0
0.191295 0.104962 0.0840474 4 4 0
0.191317 0.105305 0.0836931 4 4 0
0.19134 0.105649 0.0833387 4 4 0
0.191364 0.105992 0.082984 4 4 0
0.191388 0.106336 0.0826292 4 4 0
0.191412 0.106679 0.0822742 4 4 0
0.191437 0.107022 0.0819189 4 4 0
0.191463 0.107365 0.0815636 4 4 0
0.191489 0.107708 0.0812079 4 4 0
0.191515 0.10805 0.0808521 4 4 0
0.191541 0.108393 0.0804962 4 4 0
0.191568 0.108736 0.0801399 4 4 0
0.191596 0.109078 0.0797835 4 4 0
0.191623 0.10942 0.079427 4 4 0
0.191651 0.109762 0.0790703 4 4 0
0.191679 0.110104 0.0787134 4 4 0
0.191708 0.110446 0.0783563 4 4 0
0.191736 0.110787 0.077999 4 4 0
0.191765 0.111129 0.0776416 4 4 0
0.191794 0.11147 0.0772841 4 4 0
0.191824 0.111812 0.0769263 4 4 0
0.191853 0.112153 0.0765684 4 4 0
0.191882 0.112494 0.0762104 4 4 0
0.191912 0.112835 0.0758522 4 4 0
0.191942 0.113175 0.0754939 4 4 0
0.191971 0.113516 0.0751353 4 4 0
0.192001 0.113856 0.0747767 4 4 0
0.192031 0.114197 0.074418 4 4 0
0.192061 0.114537 0.0740591 4 4 0
0.192091 0.114877 0.0737001 4 4 0
0.19212 0.115216 0.073341 4 4 0
0.19215 0.115556 0.0729817 4 4 0
0.19218 0.115896 0.0726224 4 4 0
0.192209 0.116235 0.072263 4 4 0
0.192238 0.116574 0.0719035 4 4 0
0.192268 0.116913 0.0715439 4 4 0
0.192297 0.117252 0.0711842 4 4 0
0.192325 0.117591 0.0708244 4 4 0
0.192354 0.117929 0.0704646 4 4 0
0.192383 0.118267 0.0701047 4 4 0
0.192411 0.118605 0.0697449 4 4 0
0.192439 0.118943 0.0693849 4 4 0
0.192467 0.119281 0.0690249 4 4 0
0.192494 0.119619 0.0686648 4 4 0
0.192521 0.119956 0.0683048 4 4 0
0.192548 0.120293 0.0679448 4 4 0
0.192575 0.12063 0.0675847 4 4 0
0.192601 0.120966 0.0672245 4 4 0
0.192627 0.121303 0.0668644 4 4 0
0.192653 0.121639 0.0665046 4 4 0
0.192678 0.121975 0.0661444 4 4 0
0.192703 0.122311 0.0657843 4 4 0
0.192728 0.122646 0.0654246 4 4 0
0.192752 0.122982 0.0650646 4 4 0
0.192776 0.123316 0.0647046 4 4 0
0.192799 0.123651 0.0643449 4 4 0
0.192822 0.123986 0.0639851 4 4 0
0.192845 0.12432 0.0636254 4 4 0
0.192867 0.124654 0.063266 4 4 0
0.192889 0.124987 0.0629066 4 4 0
0.19291 0.125321 0.0625471 4 4 0
0.192931 0.125654 0.062188 4 4 0
0.192952 0.125987 0.0618288 4 4 0
0.192972 0.126319 0.0614696 4 4 0
0.192991 0.126651 0.0611109 4 4 0
0.193011 0.126983 0.0607523 4 4 0
0.193029 0.127314 0.0603935 4 4 0
0.193048 0.127646 0.0600352 4 4 0
0.193066 0.127977 0.0596768 4 4 0
0.193083 0.128307 0.0593189 4 4 0
0.1931 0.128637 0.0589609 4 4 0
0.193117 0.128967 0.0586035 4 4 0
0.193133 0.129296 0.0582458 4 4 0
0.193149 0.129626 0.0578884 4 4 0
0.193165 0.129954 0.0575314 4 4 0
0.19318 0.130283 0.0571748 4 4 0
0.193194 0.130611 0.056818 4 4 0
0.193208 0.130938 0.0564616 4 4 0
0.193222 0.131266 0.0561053 4 4 0
0.193236 0.131592 0.0557498 4 4 0
0.193249 0.131919 0.0553938 4 4 0
0.193261 0.132245 0.0550387 4 4 0
0.193274 0.132571 0.0546835 4 4 0
0.193285 0.132896 0.0543286 4 4 0
0.193297 0.133221 0.0539743 4 4 0
0.193308 0.133545 0.0536198 4 4 0
0.193319 0.133869 0.0532662 4 4 0
0.193329 0.134193 0.0529122 4 4 0
0.19334 0.134516 0.0525589 4 4 0
0.193349 0.134839 0.0522062 4 4 0
0.193359 0.135161 0.0518532 4 4 0
0.193368 0.135483 0.0515009 4 4 0
0.193377 0.135804 0.0511491 4 4 0
0.193385 0.136125 0.0507971 4 4 0
0.193394 0.136446 0.050446 4 4 0
0.193401 0.136766 0.050095 4 4 0
0.193409 0.137085 0.0497443 4 4 0
0.193416 0.137405 0.049394 4 4 0
0.193424 0.137723 0.0490446 4 4 0
0.19343 0.138041 0.0486947 4 4 0
0.193437 0.138359 0.0483456 4 4 0
0.193443 0.138677 0.0479975 4 4 0
0.193449 0.138993 0.0476486 4 4 0
0.193455 0.13931 0.0473012 4 4 0
0.193461 0.139625 0.0469533 4 4 0
0.193466 0.139941 0.0466063 4 4 0
0.193472 0.140256 0.04626 4 4 0
0.193477 0.14057 0.0459134 4 4 0
0.193481 0.140884 0.0455676 4 4 0
0.193486 0.141197 0.0452225 4 4 0
0.19349 0.14151 0.0448773 4 4 0
0.193495 0.141822 0.0445331 4 4 0
0.193499 0.142134 0.0441888 4 4 0
0.193503 0.142445 0.0438455 4 4 0
0.193506 0.142756 0.0435025 4 4 0
0.19351 0.143066 0.0431596 4 4 0
0.193513 0.143375 0.0428178 4 4 0
0.193517 0.143684 0.0424762 4 4 0
0.19352 0.143992 0.042135 4 4 0
0.193523 0.1443 0.0417941 4 4 0
0.193526 0.144607 0.0414541 4 4 0
0.193528 0.144914 0.0411146 4 4 0
0.193531 0.14522 0.0407757 4 4 0
0.193533 0.145525 0.0404367 4 4 0
0.193536 0.145829 0.0400986 4 4 0
0.193538 0.146133 0.0397615 4 4 0
0.19354 0.146436 0.0394245 4 4 0
0.193542 0.146739 0.0390878 4 4 0
0.193544 0.14704 0.0387517 4 4 0
0.193546 0.147341 0.0384164 4 4 0
0.193548 0.147641 0.0380823 4 4 0
0.193549 0.14794 0.0377478 4 4 0
0.193551 0.148239 0.037414 4 4 0
0.193552 0.148536 0.037081 4 4 0
0.193554 0.148833 0.0367487 4 4 0
0.193555 0.149129 0.0364172 4 4 0
0.193556 0.149424 0.0360857 4 4 0
0.193558 0.149718 0.0357553 4 4 0
0.193559 0.150011 0.0354257 4 4 0
0.19356 0.150303 0.0350961 4 4 0
0.193561 0.150593 0.0347677 4 4 0
0.193562 0.150883 0.03444 4 4 0
0.193563 0.151171 0.0341129 4 4 0
0.193564 0.151458 0.0337866 4 4 0
0.193564 0.151745 0.033461 4 4 0
0.193565 0.15203 0.0331361 4 4 0
0.193566 0.152313 0.0328119 4 4 0
0.193566 0.152595 0.0324884 4 4 0
0.193567 0.152875 0.0321655 4 4 0
0.193568 0.153155 0.0318437 4 4 0
0.193568 0.153432 0.0315228 4 4 0
0.193568 0.153708 0.0312029 4 4 0
0.193569 0.153982 0.0308837 4 4 0
0.193569 0.154255 0.0305655 4 4 0
0.19357 0.154525 0.0302486 4 4 0
0.19357 0.154793 0.0299327 4 4 0
0.19357 0.155059 0.0296178 4 4 0
0.19357 0.155324 0.0293035 4 4 0
0.19357 0.155587 0.0289905 4 4 0
0.193571 0.155846 0.0286787 4 4 0
0.193571 0.156104 0.0283685 4 4 0
0.193571 0.156358 0.0280598 4 4 0
0.193571 0.15661 0.0277525 4 4 0
0.193571 0.156627 0.0277323 4 4 0
0.193571 0.156875 0.027426 3 4 0
0.193571 0.157122 0.0271215 3 4 0
0.193571 0.157365 0.0268193 3 4 0
0.19357 0.157605 0.0265175 3 4 0
0.19357 0.157842 0.0262178 3 4 0
0.19357 0.158075 0.0259203 3 4 0
0.19357 0.158304 0.0256249 3 4 0
0.19357 0.158531 0.0253322 3 4 0
0.193569 0.158752 0.0250407 3 4 0
0.193569 0.15897 0.0247526 3 4 0
0.193568 0.159183 0.0244655 3 4 0
0.193568 0.159393 0.0241823 3 4 0
0.193567 0.159597 0.0239021 3 4 0
0.193567 0.159797 0.0236234 3 4 0
0.193566 0.159991 0.023349 3 4 0
0.193565 0.160182 0.0230776 3 4 0
0.193564 0.160366 0.022811 3 4 0
0.193564 0.160545 0.022546 3 4 0
0.193563 0.16072 0.022285 3 4 0
0.193561 0.160889 0.0220296 3 4 0
0.19356 0.161052 0.0217764 3 4 0
0.193559 0.161209 0.0215285 3 4 0
0.193558 0.16136 0.021286 3 4 0
0.193556 0.161505 0.0210469 3 4 0
0.193555 0.161645 0.020812 3 4 0
0.193553 0.16178 0.0205817 3 4 0
0.193551 0.161909 0.0203571 3 4 0
0.193549 0.162031 0.0201382 3 4 0
0.193547 0.162148 0.019924 3 4 0
0.193545 0.162259 0.0197145 3 4 0
0.193542 0.162365 0.0195092 3 4 0
0.193539 0.162466 0.0193119 3 4 0
0.193536 0.162563 0.019118 3 4 0
0.193533 0.162654 0.0189274 3 4 0
0.19353 0.16274 0.0187451 3 4 0
0.193526 0.16282 0.0185665 3 4 0
0.193522 0.162897 0.0183919 3 4 0
0.193518 0.16297 0.0182246 3 4 0
0.193514 0.163038 0.0180601 3 4 0
0.193509 0.163102 0.0179017 3 4 0
0.193504 0.163162 0.0177472 3 4 0
0.193498 0.163219 0.0175975 3 4 0
0.193492 0.163272 0.0174537 3 4 0
0.193486 0.16332 0.0173119 3 4 0
0.193479 0.163368 0.0171757 3 4 0
0.193472 0.163411 0.0170444 3 4 0
0.193464 0.163454 0.016915 3 4 0
0.193456 0.163492 0.0167906 3 4 0
0.193447 0.163528 0.0166714 3 4 0
0.193438 0.163562 0.0165531 3 4 0
0.193428 0.163593 0.01644 3 4 0
0.193418 0.163623 0.0163296 3 4 0
0.193407 0.16365 0.0162233 3 4 0
0.193395 0.163676 0.0161199 3 4 0
0.193382 0.1637 0.0160184 3 4 0
0.193369 0.163721 0.0159217 3 4 0
0.193355 0.163742 0.0158259 3 4 0
0.19334 0.163763 0.0157349 3 4 0
0.193325 0.16378 0.0156442 3 4 0
0.193309 0.163797 0.0155577 3 4 0
0.193291 0.163812 0.015473 3 4 0
0.193273 0.163827 0.0153909 3 4 0
0.193254 0.16384 0.0153106 3 4 0
0.193234 0.16385 0.0152335 3 4 0
0.193213 0.163863 0.0151572 3 4 0
0.19319 0.163872 0.0150849 3 4 0
0.193167 0.163883 0.0150117 3 4 0
0.193143 0.163889 0.0149428 3 4 0
0.193117 0.163898 0.0148741 3 4 0
0.19309 0.163905 0.014808 3 4 0
0.193062 0.163911 0.0147431 3 4 0
0.193033 0.163916 0.01468 3 4 0
0.193002 0.163921 0.0146195 3 4 0
0.192971 0.163925 0.0145586 3 4 0
0.192937 0.163927 0.0145013 3 4 0
0.192903 0.163931 0.0144431 3 4 0
0.192867 0.163932 0.0143882 3 4 0
0.192829 0.163933 0.014333 3 4 0
0.192791 0.163936 0.0142811 3 4 0
0.19275 0.163935 0.014228 3 4 0
0.192708 0.163935 0.014178 3 4 0
0.192665 0.163936 0.0141276 3 4 0
0.19262 0.163933 0.0140801 3 4 0
0.192573 0.163933 0.0140319 3 4 0
0.192525 0.16393 0.0139858 3 4 0
0.192476 0.163929 0.0139401 3 4 0
0.192424 0.163926 0.0138958 3 4 0
0.192371 0.163922 0.0138525 3 4 0
0.192316 0.163919 0.0138096 3 4 0
0.19226 0.163914 0.0137678 3 4 0
0.192202 0.163911 0.0137276 3 4 0
0.192142 0.163903 0.0136871 3 4 0
0.192081 0.1639 0.0136478 3 4 0
0.192017 0.163893 0.0136096 3 4 0
0.191952 0.163888 0.0135721 3 4 0
0.191886 0.163882 0.0135353 3 4 0
0.191817 0.163874 0.0134987 3 4 0
0.191747 0.163868 0.0134628 3 4 0
0.191675 0.163859 0.0134288 3 4 0
0.191601 0.163852 0.0133936 3 4 0
0.191526 0.163843 0.0133603 3 4 0
0.191449 0.163834 0.0133275 3 4 0
0.19137 0.163827 0.0132949 3 4 0
0.191289 0.163816 0.0132625 3 4 0
0.191207 0.163807 0.0132315 3 4 0
0.191123 0.163796 0.0132007 3 4 0
0.191037 0.163788 0.0131702 3 4 0
0.190949 0.163777 0.0131405 3 4 0
0.19086 0.163764 0.0131119 3 4 0
0.190769 0.163755 0.0130824 3 4 0
0.190677 0.163742 0.0130547 3 4 0
0.190582 0.163732 0.0130262 3 4 0
0.190486 0.163718 0.0129992 3 4 0
0.190389 0.163707 0.0129719 3 4 0
0.190289 0.163695 0.0129455 3 4 0
0.190188 0.16368 0.0129197 3 4 0
0.190086 0.163667 0.012894 3 4 0
0.189982 0.163655 0.012868 3 4 0
0.189876 0.163641 0.0128434 3 4 0
0.189769 0.163627 0.0128184 3 4 0
0.18966 0.163613 0.0127945 3 4 0
0.189549 0.163597 0.0127709 3 4 0
0.189437 0.163584 0.0127469 3 4 0
0.189324 0.163568 0.0127235 3 4 0
0.189209 0.163554 0.0127012 3 4 0
0.189092 0.163539 0.0126785 3 4 0
0.188974 0.163521 0.0126561 3 4 0
0.188855 0.163507 0.0126336 3 4 0
0.188734 0.163489 0.0126119 3 4 0
0.188612 0.163474 0.012591 3 4 0
0.188488 0.163456 0.0125701 3 4 0
0.188363 0.163439 0.0125487 3 4 0
0.188237 0.163423 0.0125289 3 4 0
0.188109 0.163406 0.0125077 3 4 0
0.18798 0.163389 0.0124879 3 4 0
0.18785 0.163371 0.0124683 3 4 0
0.187718 0.163352 0.0124481 3 4 0
0.187585 0.163335 0.0124294 3 4 0
0.187451 0.163316 0.0124096 3 4 0
0.187315 0.163296 0.012391 3 4 0
0.187179 0.163279 0.0123723 3 4 0
0.187041 0.163259 0.0123536 3 4 0
0.186902 0.16324 0.0123358 3 4 0
0.186761 0.16322 0.0123173 3 4 0
0.18662 0.163202 0.0123 3 4 0
0.186477 0.163182 0.0122822 3 4 0
0.186333 0.163161 0.012265 3 4 0
0.186188 0.163142 0.0122472 3 4 0
0.186042 0.163122 0.0122302 3 4 0
0.185895 0.163101 0.0122134 3 4 0
0.185747 0.16308 0.0121965 3 4 0
0.185598 0.16306 0.0121804 3 4 0
0.185447 0.163037 0.0121636 3 4 0
0.185296 0.163018 0.0121477 3 4 0
0.185144 0.162996 0.0121319 3 4 0
0.18499 0.162973 0.0121155 3 4 0
0.184836 0.162953 0.0121004 3 4 0
0.18468 0.162931 0.0120845 3 4 0
0.184524 0.16291 0.012069 3 4 0
0.184367 0.162886 0.0120545 3 4 0
0.184209 0.162865 0.0120386 3 4 0
0.184049 0.162843 0.0120241 3 4 0
0.183889 0.162818 0.012009 3 4 0
0.183728 0.162797 0.011994 3 4 0
0.183566 0.162774 0.0119802 3 4 0
0.183404 0.16275 0.0119651 3 4 0
0.18324 0.162728 0.0119508 3 4 0
0.183076 0.162705 0.0119366 3 4 0
0.18291 0.16268 0.0119228 3 4 0
0.182744 0.162657 0.0119096 3 4 0
0.182577 0.162634 0.0118955 3 4 0
0.18241 0.162609 0.0118815 3 4 0
0.182241 0.162586 0.0118677 3 4 0
0.182072 0.162562 0.0118543 3 4 0
0.181902 0.162536 0.0118413 3 4 0
0.181731 0.162513 0.0118283 3 4 0
0.181559 0.162489 0.011815 3 4 0
0.181387 0.162462 0.0118022 3 4 0
0.181214 0.162439 0.0117889 3 4 0
0.18104 0.162413 0.0117766 3 4 0
0.180866 0.16239 0.0117636 3 4 0
0.180691 0.162363 0.0117508 3 4 0
0.180515 0.162338 0.0117388 3 4 0
0.180338 0.162313 0.0117264 3 4 0
0.180161 0.162288 0.0117137 3 4 0
0.179983 0.162262 0.0117022 3 4 0
0.179805 0.162237 0.0116896 3 4 0
0.179626 0.162209 0.0116775 3 4 0
0.179446 0.162185 0.0116658 3 4 0
0.179266 0.162158 0.0116544 3 4 0
0.179085 0.162132 0.0116421 3 4 0
0.178903 0.162104 0.0116311 3 4 0
0.178721 0.16208 0.011619 3 4 0
0.178538 0.162053 0.0116074 3 4 0
0.178355 0.162027 0.0115963 3 4 0
0.178171 0.161998 0.0115852 3 4 0
0.177986 0.161973 0.0115735 3 4 0
0.177801 0.161946 0.0115627 3 4 0
0.177616 0.161918 0.0115513 3 4 0
0.17743 0.161891 0.0115405 3 4 0
0.177243 0.161864 0.0115295 3 4 0
0.177056 0.161836 0.0115186 3 4 0
0.176868 0.16181 0.0115083 3 4 0
0.17668 0.161782 0.0114973 3 4 0
0.176491 0.161753 0.0114865 3 4 0
0.176302 0.161727 0.0114762 3 4 0
0.176112 0.161699 0.0114655 3 4 0
0.175922 0.161669 0.0114553 3 4 0
0.175731 0.161643 0.0114455 3 4 0
0.17554 0.161615 0.0114346 3 4 0
0.175349 0.161585 0.0114248 3 4 0
0.175157 0.161558 0.0114145 3 4 0
0.174964 0.161529 0.0114043 3 4 0
0.174771 0.161501 0.0113949 3 4 0
0.174578 0.161471 0.0113843 3 4 0
0.174384 0.161442 0.011375 3 4 0
0.17419 0.161415 0.0113646 3 4 0
0.173995 0.161386 0.0113547 3 4 0
0.1738 0.161357 0.011345 3 4 0
0.173605 0.161328 0.0113356 3 4 0
0.173409 0.161298 0.0113263 3 4 0
0.173212 0.16127 0.0113168 3 4 0
0.173016 0.16124 0.011307 3 4 0
0.172819 0.161211 0.0112974 3 4 0
0.172621 0.161182 0.0112886 3 4 0
0.172423 0.161152 0.0112788 3 4 0
0.172225 0.161122 0.0112696 3 4 0
0.172027 0.161093 0.0112606 3 4 0
0.171828 0.161062 0.0112512 3 4 0
0.171629 0.161033 0.0112423 3 4 0
0.171429 0.161003 0.0112332 3 4 0
0.171229 0.160973 0.0112246 3 4 0
0.171029 0.160943 0.0112154 3 4 0
0.170828 0.160912 0.0112064 3 4 0
0.170627 0.160882 0.0111981 3 4 0
0.170426 0.160852 0.0111889 3 4 0
0.170224 0.160821 0.0111801 3 4 0
0.170023 0.160792 0.0111719 3 4 0
0.16982 0.16076 0.0111628 3 4 0
0.169618 0.16073 0.0111542 3 4 0
0.169415 0.160699 0.0111462 3 4 0
0.169212 0.160668 0.0111372 3 4 0
0.169009 0.160637 0.0111289 3 4 0
0.168805 0.160607 0.0111206 3 4 0
0.168601 0.160575 0.0111119 3 4 0
0.168397 0.160544 0.0111041 3 4 0
0.168192 0.160514 0.0110954 3 4 0
0.167987 0.160481 0.0110871 3 4 0
0.167782 0.160451 0.0110792 3 4 0
0.167577 0.160419 0.0110708 3 4 0
0.167371 0.160388 0.0110628 3 4 0
0.167165 0.160357 0.0110546 3 4 0
0.166959 0.160324 0.0110468 3 4 0
0.166753 0.160293 0.0110391 3 4 0
0.166546 0.160262 0.0110307 3 4 0
0.16634 0.160229 0.0110231 3 4 0
0.166132 0.160198 0.0110152 3 4 0
0.165925 0.160165 0.0110072 3 4 0
0.165718 0.160134 0.0109998 3 4 0
0.16551 0.160101 0.0109918 3 4 0
0.165302 0.16007 0.0109839 3 4 0
0.165094 0.160038 0.0109763 3 4 0
0.164885 0.160004 0.0109691 3 4 0
0.164677 0.159973 0.0109614 3 4 0
0.164468 0.15994 0.0109535 3 4 0
0.164259 0.159909 0.010946 3 4 0
0.164049 0.159876 0.0109385 3 4 0
0.16384 0.159842 0.0109313 3 4 0
0.16363 0.15981 0.0109241 3 4 0
0.16342 0.159778 0.0109163 3 4 0
0.16321 0.159744 0.0109091 3 4 0
0.163 0.159712 0.0109022 3 4 0
0.16279 0.159679 0.0108944 3 4 0
0.162579 0.159646 0.0108872 3 4 0
0.162368 0.159612 0.0108804 3 4 0
0.162157 0.15958 0.0108727 3 4 0
0.161946 0.159546 0.0108658 3 4 0
0.161735 0.159514 0.010859 3 4 0
0.161523 0.15948 0.0108516 3 4 0
0.161312 0.159447 0.0108448 3 4 0
0.1611 0.159412 0.0108374 3 4 0
0.160888 0.15938 0.0108306 3 4 0
0.160676 0.159347 0.0108238 3 4 0
0.160464 0.159312 0.0108166 3 4 0
0.160251 0.159279 0.0108099 3 4 0
0.160039 0.159246 0.010803 3 4 0
0.159826 0.159211 0.010796 3 4 0
0.159613 0.159177 0.0107897 3 4 0
0.1594 0.159144 0.0107825 3 4 0
0.159187 0.15911 0.0107757 3 4 0
0.158974 0.159076 0.010769 3 4 0
0.15876 0.159041 0.0107623 3 4 0
0.158547 0.159008 0.0107559 3 4 0
0.158333 0.158974 0.010749 3 4 0
0.158119 0.158939 0.0107426 3 4 0
0.157905 0.158905 0.0107363 3 4 0
0.157691 0.158871 0.0107294 3 4 0
0.157477 0.158837 0.0107229 3 4 0
0.157263 0.158801 0.0107167 3 4 0
0.157049 0.158767 0.0107102 3 4 0
0.156834 0.158733 0.0107036 3 4 0
0.15662 0.158697 0.0106971 3 4 0
0.156405 0.158663 0.0106908 3 4 0
0.15619 0.158629 0.0106847 3 4 0
0.155975 0.158593 0.0106781 3 4 0
0.15576 0.158558 0.0106719 3 4 0
0.155545 0.158524 0.0106655 3 4 0
0.15533 0.158488 0.0106593 3 4 0
0.155115 0.158454 0.0106531 3 4 0
0.154899 0.158418 0.0106468 3 4 0
0.154684 0.158384 0.0106408 3 4 0
0.154468 0.158348 0.0106346 3 4 0
0.154253 0.158313 0.0106288 3 4 0
0.154037 0.158277 0.0106223 3 4 0
0.153821 0.158243 0.0106162 3 4 0
0.153605 0.158207 0.0106104 3 4 0
0.153389 0.158171 0.0106043 3 4 0
0.153173 0.158136 0.0105982 3 4 0
0.152957 0.1581 0.0105925 3 4 0
0.152741 0.158064 0.0105863 3 4 0
0.152525 0.158029 0.0105806 3 4 0
0.152309 0.157992 0.0105745 3 4 0
0.152092 0.157958 0.0105685 3 4 0
0.151876 0.157921 0.0105628 3 4 0
0.15166 0.157886 0.0105568 3 4 0
0.151443 0.157849 0.010551 3 4 0
0.151226 0.157813 0.0105452 3 4 0
0.15101 0.157778 0.0105395 3 4 0
0.150793 0.157741 0.010534 3 4 0
0.150576 0.157705 0.010528 3 4 0
0.15036 0.157668 0.0105222 3 4 0
0.150143 0.157633 0.0105167 3 4 0
0.149926 0.157596 0.0105109 3 4 0
0.149709 0.157559 0.0105052 3 4 0
0.149492 0.157523 0.0104998 3 4 0
0.149275 0.157486 0.010494 3 4 0
0.149058 0.15745 0.0104884 3 4 0
0.148841 0.157413 0.0104831 3 4 0
0.148624 0.157377 0.0104773 3 4 0
0.148407 0.15734 0.0104718 3 4 0
0.14819 0.157303 0.0104666 3 4 0
0.147972 0.157267 0.0104608 3 4 0
0.147755 0.157229 0.0104555 3 4 0
0.147538 0.157193 0.0104503 3 4 0
0.147321 0.157156 0.0104447 3 4 0
0.147103 0.157118 0.0104393 3 4 0
0.146886 0.157081 0.0104337 3 4 0
0.146669 0.157044 0.0104286 3 4 0
0.146451 0.157007 0.010423 3 4 0
0.146234 0.156969 0.0104178 3 4 0
0.146017 0.156933 0.0104124 3 4 0
0.145799 0.156894 0.0104071 3 4 0
0.145582 0.156858 0.0104021 3 4 0
0.145365 0.15682 0.0103967 3 4 0
0.145147 0.156782 0.0103917 3 4 0
0.14493 0.156745 0.0103862 3 4 0
0.144712 0.156708 0.0103813 3 4 0
0.144495 0.156669 0.0103759 3 4 0
0.144278 0.156632 0.0103706 3 4 0
0.14406 0.156594 0.0103655 3 4 0
0.143843 0.156555 0.0103606 3 4 0
0.143625 0.156518 0.0103555 3 4 0
0.143408 0.156481 0.0103503 3 4 0
0.143191 0.156442 0.0103455 3 4 0
0.142973 0.156404 0.0103402 3 4 0
0.142756 0.156366 0.0103353 3 4 0
0.142538 0.156328 0.0103301 3 4 0
0.142321 0.15629 0.0103251 3 4 0
0.142104 0.156251 0.0103201 3 4 0
0.141886 0.156213 0.0103154 3 4 0
0.141669 0.156175 0.0103103 3 4 0
0.141452 0.156136 0.0103053 3 4 0
0.141235 0.156098 0.0103006 3 4 0
0.141017 0.156059 0.0102955 3 4 0
0.1408 0.15602 0.0102907 3 4 0
0.140583 0.155982 0.0102857 3 4 0
0.140366 0.155944 0.010281 3 4 0
0.140149 0.155905 0.010276 3 4 0
0.139932 0.155865 0.0102714 3 4 0
0.139715 0.155827 0.0102666 3 4 0
0.139498 0.155788 0.0102617 3 4 0
0.139281 0.155749 0.0102569 3 4 0
0.139064 0.155711 0.0102524 3 4 0
0.138847 0.155671 0.0102474 3 4 0
0.13863 0.155633 0.0102427 3 4 0
0.138413 0.155593 0.0102382 3 4 0
0.138196 0.155554 0.0102334 3 4 0
0.137979 0.155514 0.0102289 3 4 0
0.137763 0.155476 0.010224 3 4 0
0.137546 0.155435 0.0102195 3 4 0
0.137329 0.155397 0.0102149 3 4 0
0.137113 0.155357 0.0102101 3 4 0
0.136896 0.155318 0.0102057 3 4 0
0.13668 0.155278 0.010201 3 4 0
0.136463 0.155238 0.0101964 3 4 0
0.136247 0.155198 0.0101921 3 4 0
0.136031 0.155159 0.0101873 3 4 0
0.135814 0.155119 0.0101828 3 4 0
0.135598 0.15508 0.0101784 3 4 0
0.135382 0.155039 0.0101738 3 4 0
0.135166 0.155 0.0101693 3 4 0
0.13495 0.15496 0.0101649 3 4 0
0.134734 0.15492 0.0101604 3 4 0
0.134518 0.154879 0.010156 3 4 0
0.134302 0.154839 0.0101515 3 4 0
0.134087 0.154799 0.0101472 3 4 0
0.133871 0.154758 0.0101429 3 4 0
0.133655 0.154719 0.0101383 3 4 0
0.13344 0.154678 0.0101341 3 4 0
0.133224 0.154637 0.0101298 3 4 0
0.133009 0.154598 0.0101255 3 4 0
0.132794 0.154557 0.0101211 3 4 0
0.132578 0.154516 0.0101167 3 4 0
0.132363 0.154476 0.0101126 3 4 0
0.132148 0.154435 0.0101082 3 4 0
0.131933 0.154394 0.0101038 3 4 0
0.131718 0.154354 0.0100996 3 4 0
0.131503 0.154312 0.0100953 3 4 0
0.131289 0.154272 0.0100912 3 4 0
0.131074 0.154231 0.0100871 3 4 0
0.130859 0.15419 0.0100828 3 4 0
0.130645 0.154148 0.0100785 3 4 0
0.130431 0.154108 0.0100745 3 4 0
0.130216 0.154067 0.0100702 3 4 0
0.130002 0.154025 0.0100661 3 4 0
0.129788 0.153984 0.0100621 3 4 0
0.129574 0.153943 0.0100578 3 4 0
0.12936 0.153902 0.0100537 3 4 0
0.129146 0.15386 0.0100497 3 4 0
0.128932 0.153819 0.0100455 3 4 0
0.128719 0.153777 0.0100415 3 4 0
0.128505 0.153736 0.0100375 3 4 0
0.128292 0.153694 0.0100333 3 4 0
0.128079 0.153652 0.0100293 3 4 0
0.127865 0.15361 0.0100253 3 4 0
0.127652 0.153569 0.0100212 3 4 0
0.127439 0.153527 0.0100174 3 4 0
0.127226 0.153484 0.0100132 3 4 0
0.127014 0.153443 0.0100094 3 4 0
0.126801 0.153401 0.0100055 3 4 0
0.126588 0.153359 0.0100014 3 4 0
0.126376 0.153316 0.00999755 3 4 0
0.126164 0.153275 0.00999365 3 4 0
0.125951 0.153233 0.00998965 3 4 0
0.125739 0.153189 0.00998593 3 4 0
0.125527 0.153148 0.00998183 3 4 0
0.125316 0.153105 0.00997815 3 4 0
0.125104 0.153063 0.00997409 3 4 0
0.124892 0.15302 0.00997025 3 4 0
0.124681 0.152978 0.00996638 3 4 0
0.124469 0.152935 0.0099626 3 4 0
0.124258 0.152892 0.00995897 3 4 0
0.124047 0.152849 0.00995501 3 4 0
0.123836 0.152807 0.00995113 3 4 0
0.123625 0.152764 0.00994747 3 4 0
0.123415 0.152721 0.00994364 3 4 0
0.123204 0.152678 0.00993982 3 4 0
0.122994 0.152635 0.00993622 3 4 0
0.122783 0.152592 0.00993235 3 4 0
0.122573 0.152549 0.0099288 3 4 0
0.122363 0.152505 0.00992496 3 4 0
0.122153 0.152463 0.00992121 3 4 0
0.121944 0.152419 0.00991772 3 4 0
0.121734 0.152376 0.00991388 3 4 0
0.121525 0.152333 0.00991015 3 4 0
0.121315 0.152288 0.00990659 3 4 0
0.121106 0.152246 0.009903 3 4 0
0.120897 0.152201 0.00989923 3 4 0
0.120689 0.152158 0.00989578 3 4 0
0.12048 0.152115 0.00989204 3 4 0
0.120271 0.152071 0.00988844 3 4 0
0.120063 0.152027 0.00988498 3 4 0
0.119855 0.151982 0.00988121 3 4 0
0.119647 0.151939 0.00987782 3 4 0
0.119439 0.151895 0.00987408 3 4 0
0.119231 0.151851 0.00987056 3 4 0
0.119023 0.151807 0.00986709 3 4 0
0.118816 0.151763 0.00986359 3 4 0
0.118609 0.151718 0.00985994 3 4 0
0.118402 0.151674 0.00985661 3 4 0
0.118195 0.15163 0.00985301 3 4 0
0.117988 0.151585 0.00984946 3 4 0
0.117782 0.151541 0.00984617 3 4 0
0.117575 0.151497 0.00984257 3 4 0
0.117369 0.151451 0.00983907 3 4 0
0.117163 0.151408 0.00983578 3 4 0
0.116957 0.151362 0.0098322 3 4 0
0.116751 0.151317 0.00982883 3 4 0
0.116546 0.151272 0.00982536 3 4 0
0.11634 0.151228 0.00982205 3 4 0
0.116135 0.151183 0.0098187 3 4 0
0.11593 0.151138 0.00981527 3 4 0
0.115725 0.151093 0.00981197 3 4 0
0.115521 0.151048 0.00980846 3 4 0
0.115316 0.151003 0.00980519 3 4 0
0.115112 0.150957 0.00980191 3 4 0
0.114908 0.150912 0.00979844 3 4 0
0.114704 0.150867 0.00979535 3 4 0
0.114501 0.150821 0.00979184 3 4 0
0.114297 0.150775 0.00978853 3 4 0
0.114094 0.15073 0.00978534 3 4 0
0.113891 0.150684 0.00978194 3 4 0
0.113688 0.150639 0.00977875 3 4 0
0.113485 0.150593 0.0097756 3 4 0
0.113283 0.150547 0.00977218 3 4 0
0.113081 0.150501 0.00976897 3 4 0
0.112879 0.150455 0.00976579 3 4 0
0.112677 0.15041 0.00976248 3 4 0
0.112475 0.150363 0.00975937 3 4 0
0.112274 0.150317 0.00975608 3 4 0
0.112072 0.150271 0.00975291 3 4 0
0.111871 0.150225 0.00974988 3 4 0
0.111671 0.150178 0.00974656 3 4 0
0.11147 0.150132 0.00974355 3 4 0
0.11127 0.150085 0.00974023 3 4 0
0.11107 0.150039 0.00973724 3 4 0
0.11087 0.149992 0.00973398 3 4 0
0.11067 0.149945 0.00973083 3 4 0
0.11047 0.149898 0.00972773 3 4 0
0.110271 0.149852 0.00972481 3 4 0
0.110072 0.149805 0.00972153 3 4 0
0.109873 0.149758 0.0097186 3 4 0
0.109675 0.149711 0.00971539 3 4 0
0.109476 0.149664 0.00971231 3 4 0
0.109278 0.149617 0.00970938 3 4 0
0.10908 0.14957 0.0097062 3 4 0
0.108883 0.149523 0.00970322 3 4 0
0.108685 0.149475 0.00970032 3 4 0
0.108488 0.149428 0.00969714 3 4 0
0.108291 0.14938 0.00969413 3 4 0
0.108095 0.149333 0.00969127 3 4 0
0.107898 0.149285 0.00968816 3 4 0
0.107702 0.149237 0.00968516 3 4 0
0.107506 0.14919 0.00968231 3 4 0
0.107311 0.149142 0.00967926 3 4 0
0.107115 0.149093 0.00967627 3 4 0
0.10692 0.149046 0.00967342 3 4 0
0.106725 0.148998 0.00967039 3 4 0
0.10653 0.148949 0.00966757 3 4 0
0.106336 0.148901 0.00966456 3 4 0
0.106142 0.148854 0.0096618 3 4 0
0.105948 0.148805 0.0096588 3 4 0
0.105754 0.148756 0.00965591 3 4 0
0.105561 0.148708 0.00965315 3 4 0
0.105368 0.14866 0.00965014 3 4 0
0.105175 0.148611 0.00964729 3 4 0
0.104983 0.148562 0.00964461 3 4 0
0.10479 0.148514 0.00964161 3 4 0
0.104598 0.148465 0.00963887 3 4 0
0.104407 0.148415 0.00963599 3 4 0
0.104215 0.148367 0.00963313 3 4 0
0.104024 0.148317 0.00963043 3 4 0
0.103833 0.148269 0.00962753 3 4 0
0.103643 0.14822 0.00962483 3 4 0
0.103453 0.14817 0.00962206 3 4 0
0.103263 0.148121 0.00961921 3 4 0
0.103073 0.148072 0.00961656 3 4 0
0.102883 0.148022 0.00961385 3 4 0
0.102694 0.147972 0.009611 3 4 0
0.102506 0.147922 0.00960826 3 4 0
0.102317 0.147873 0.00960555 3 4 0
0.102129 0.147823 0.00960283 3 4 0
0.101941 0.147773 0.00960028 3 4 0
0.101753 0.147723 0.00959743 3 4 0
0.101566 0.147673 0.00959476 3 4 0
0.101379 0.147623 0.00959221 3 4 0
0.101192 0.147573 0.00958939 3 4 0
0.101006 0.147523 0.00958684 3 4 0
0.10082 0.147472 0.00958414 3 4 0
0.100634 0.147421 0.00958147 3 4 0
0.100449 0.147371 0.009579 3 4 0
0.100264 0.147321 0.00957621 3 4 0
0.100079 0.14727 0.00957368 3 4 0
0.0998946 0.147219 0.00957099 3 4 0
0.0997105 0.147168 0.00956851 3 4 0
0.0995268 0.147117 0.00956598 3 4 0
0.0993434 0.147066 0.00956325 3 4 0
0.0991603 0.147015 0.00956073 3 4 0
0.0989775 0.146963 0.00955815 3 4 0
0.0987951 0.146913 0.0095556 3 4 0
0.0986131 0.146861 0.00955318 3 4 0
0.0984314 0.146809 0.00955051 3 4 0
0.09825 0.146758 0.00954805 3 4 0
