0.0748929 0.0189 0.0189 2 5 3
0.0748383 0.0188808 0.0188808 2 5 3
0.0747839 0.0188616 0.0188616 2 5 3
0.0746752 0.0188232 0.0188232 2 5 3
0.0744595 0.0187471 0.0187471 2 5 3
0.0741916 0.0186526 0.0186526 2 5 3
0.0739259 0.0185589 0.0185589 2 5 3
0.0736624 0.018466 0.018466 2 5 3
0.073401 0.0183738 0.0183738 2 5 3
0.0731418 0.0182823 0.0182823 2 5 3
0.0728848 0.0181917 0.0181917 2 5 3
0.0726298 0.0181017 0.0181017 2 5 3
0.0723769 0.0180125 0.0180125 2 5 3
0.0721261 0.0179241 0.0179241 2 5 3
0.0718773 0.0178363 0.0178363 2 5 3
0.0716306 0.0177493 0.0177493 2 5 3
0.0713858 0.0176629 0.0176629 2 5 3
0.071143 0.0175773 0.0175773 2 5 3
0.0709021 0.0174923 0.0174923 2 5 3
0.0706631 0.017408 0.017408 2 5 3
0.0704261 0.0173244 0.0173244 2 5 3
0.070191 0.0172415 0.0172415 2 5 3
0.0699577 0.0171592 0.0171592 2 5 3
0.0697263 0.0170775 0.0170775 2 5 3
0.0694966 0.0169966 0.0169966 2 5 3
0.0692688 0.0169162 0.0169162 2 5 3
0.0690428 0.0168365 0.0168365 2 5 3
0.0688186 0.0167574 0.0167574 2 5 3
0.0685961 0.0166789 0.0166789 2 5 3
0.0683754 0.016601 0.016601 2 5 3
0.0681563 0.0165238 0.0165238 2 5 3
0.067939 0.0164471 0.0164471 2 5 3
0.0677234 0.0163711 0.0163711 2 5 3
0.0675094 0.0162956 0.0162956 2 5 3
0.067297 0.0162207 0.0162207 2 5 3
0.0670863 0.0161464 0.0161464 2 5 3
0.0668772 0.0160726 0.0160726 2 5 3
0.0666697 0.0159994 0.0159994 2 5 3
0.0664638 0.0159268 0.0159268 2 5 3
0.0662594 0.0158547 0.0158547 2 5 3
0.0660566 0.0157832 0.0157832 2 5 3
0.0658554 0.0157122 0.0157122 2 5 3
0.0656556 0.0156417 0.0156417 2 5 3
0.0654573 0.0155718 0.0155718 2 5 3
0.0652606 0.0155024 0.0155024 2 5 3
0.0650653 0.0154335 0.0154335 2 5 3
0.0648714 0.0153651 0.0153651 2 5 3
0.0646791 0.0152973 0.0152973 2 5 3
0.0644881 0.0152299 0.0152299 2 5 3
0.0642985 0.0151631 0.0151631 2 5 3
0.0641104 0.0150967 0.0150967 2 5 3
0.0639236 0.0150308 0.0150308 2 5 3
0.0637383 0.0149654 0.0149654 2 5 3
0.0635542 0.0149005 0.0149005 2 5 3
0.0633715 0.0148361 0.0148361 2 5 3
0.0631902 0.0147721 0.0147721 2 5 3
0.0630102 0.0147086 0.0147086 2 5 3
0.0628315 0.0146456 0.0146456 2 5 3
0.0626541 0.014583 0.014583 2 5 3
0.0624779 0.0145209 0.0145209 2 5 3
0.0623031 0.0144592 0.0144592 2 5 3
0.0621294 0.014398 0.014398 2 5 3
0.0619571 0.0143372 0.0143372 2 5 3
0.061786 0.0142768 0.0142768 2 5 3
0.0616161 0.0142169 0.0142169 2 5 3
0.0614474 0.0141574 0.0141574 2 5 3
0.0612799 0.0140983 0.0140983 2 5 3
0.0611136 0.0140397 0.0140397 2 5 3
0.0609485 0.0139814 0.0139814 2 5 3
0.0607845 0.0139236 0.0139236 2 5 3
0.0606217 0.0138662 0.0138662 2 5 3
0.06046 0.0138092 0.0138092 2 5 3
0.0602995 0.0137526 0.0137526 2 5 3
0.0601401 0.0136963 0.0136963 2 5 3
0.0599818 0.0136405 0.0136405 2 5 3
0.0598246 0.0135851 0.0135851 2 5 3
0.0596685 0.01353 0.01353 2 5 3
0.0595135 0.0134753 0.0134753 2 5 3
0.0593596 0.013421 0.013421 2 5 3
0.0592067 0.0133671 0.0133671 2 5 3
0.0590538 0.0133132 0.0133132 2 5 3
0.0589031 0.01326 0.01326 2 5 3
0.0587533 0.0132072 0.0132072 2 5 3
0.0586046 0.0131548 0.0131548 2 5 3
0.0584569 0.0131027 0.0131027 2 5 3
0.0583102 0.0130509 0.0130509 2 5 3
0.0581645 0.0129995 0.0129995 2 5 3
0.0580198 0.0129485 0.0129485 2 5 3
0.0578761 0.0128978 0.0128978 2 5 3
0.0577333 0.0128474 0.0128474 2 5 3
0.0575915 0.0127974 0.0127974 2 5 3
0.0574507 0.0127478 0.0127478 2 5 3
0.0573107 0.0126984 0.0126984 2 5 3
0.0571718 0.0126494 0.0126494 2 5 3
0.0570337 0.0126007 0.0126007 2 5 3
0.0568966 0.0125523 0.0125523 2 5 3
0.0567604 0.0125043 0.0125043 2 5 3
0.0566251 0.0124566 0.0124566 2 5 3
0.0564907 0.0124092 0.0124092 2 5 3
0.0563571 0.0123621 0.0123621 2 5 3
0.0562245 0.0123153 0.0123153 2 5 3
0.0560927 0.0122688 0.0122688 2 5 3
0.0559618 0.0122226 0.0122226 2 5 3
0.0558317 0.0121768 0.0121768 2 5 3
0.0557025 0.0121312 0.0121312 2 5 3
0.0555741 0.0120859 0.0120859 2 5 3
0.0554466 0.0120409 0.0120409 2 5 3
0.0553199 0.0119962 0.0119962 2 5 3
0.055194 0.0119518 0.0119518 2 5 3
0.0550689 0.0119077 0.0119077 2 5 3
0.0549446 0.0118639 0.0118639 2 5 3
0.0548212 0.0118203 0.0118203 2 5 3
0.0546985 0.0117771 0.0117771 2 5 3
0.0545766 0.0117341 0.0117341 2 5 3
0.0544555 0.0116914 0.0116914 2 5 3
0.0543351 0.0116489 0.0116489 2 5 3
0.0542156 0.0116068 0.0116068 2 5 3
0.0540967 0.0115648 0.0115648 2 5 3
0.0539787 0.0115232 0.0115232 2 5 3
0.0538613 0.0114818 0.0114818 2 5 3
0.0537448 0.0114407 0.0114407 2 5 3
0.0536289 0.0113999 0.0113999 2 5 3
0.0535138 0.0113592 0.0113592 2 5 3
0.0533994 0.0113189 0.0113189 2 5 3
0.0532857 0.0112788 0.0112788 2 5 3
0.0531727 0.011239 0.011239 2 5 3
0.0530605 0.0111994 0.0111994 2 5 3
0.0529489 0.01116 0.01116 2 5 3
0.052838 0.0111209 0.0111209 2 5 3
0.0527278 0.011082 0.011082 2 5 3
0.0526183 0.0110434 0.0110434 2 5 3
0.0525095 0.011005 0.011005 2 5 3
0.0524013 0.0109669 0.0109669 2 5 3
0.0522938 0.010929 0.010929 2 5 3
0.0521869 0.0108913 0.0108913 2 5 3
0.0520807 0.0108538 0.0108538 2 5 3
0.0519752 0.0108166 0.0108166 2 5 3
0.0518703 0.0107796 0.0107796 2 5 3
0.051766 0.0107428 0.0107428 2 5 3
0.0516624 0.0107063 0.0107063 2 5 3
0.0515594 0.01067 0.01067 2 5 3
0.051457 0.0106338 0.0106338 2 5 3
0.0513552 0.010598 0.010598 2 5 3
0.0512541 0.0105623 0.0105623 2 5 3
0.0511535 0.0105268 0.0105268 2 5 3
0.0510536 0.0104916 0.0104916 2 5 3
0.0509542 0.0104565 0.0104565 2 5 3
0.0508555 0.0104217 0.0104217 2 5 3
0.0507573 0.0103871 0.0103871 2 5 3
0.0506597 0.0103527 0.0103527 2 5 3
0.0505627 0.0103185 0.0103185 2 5 3
0.0504663 0.0102844 0.0102844 2 5 3
0.0503705 0.0102506 0.0102506 2 5 3
0.0502752 0.010217 0.010217 2 5 3
0.0501804 0.0101836 0.0101836 2 5 3
0.0500863 0.0101504 0.0101504 2 5 3
0.0499926 0.0101174 0.0101174 2 5 3
0.0498996 0.0100846 0.0100846 2 5 3
0.049807 0.0100519 0.0100519 2 5 3
0.049715 0.0100195 0.0100195 2 5 3
0.0496236 0.00998723 0.00998723 2 5 3
0.0495326 0.00995516 0.00995516 2 5 3
0.0494422 0.00992328 0.00992328 2 5 3
0.0493524 0.00989158 0.00989158 2 5 3
0.049263 0.00986007 0.00986007 2 5 3
0.0491742 0.00982873 0.00982873 2 5 3
0.0490858 0.00979758 0.00979758 2 5 3
0.048998 0.00976661 0.00976661 2 5 3
0.0489107 0.00973581 0.00973581 2 5 3
0.0488239 0.00970519 0.00970519 2 5 3
0.0487375 0.00967475 0.00967475 2 5 3
0.0486517 0.00964447 0.00964447 2 5 3
0.0485664 0.00961437 0.00961437 2 5 3
0.0484815 0.00958445 0.00958445 2 5 3
0.0483971 0.00955469 0.00955469 2 5 3
0.0483132 0.00952509 0.00952509 2 5 3
0.0482298 0.00949567 0.00949567 2 5 3
0.0481468 0.00946641 0.00946641 2 5 3
0.0480643 0.00943732 0.00943732 2 5 3
0.0479823 0.00940839 0.00940839 2 5 3
0.0479007 0.00937962 0.00937962 2 5 3
0.0478196 0.00935101 0.00935101 2 5 3
0.0477389 0.00932256 0.00932256 2 5 3
0.0476587 0.00929427 0.00929427 2 5 3
0.0475789 0.00926614 0.00926614 2 5 3
0.0474996 0.00923816 0.00923816 2 5 3
0.0474207 0.00921034 0.00921034 2 5 3
0.0473423 0.00918268 0.00918268 2 5 3
0.0472643 0.00915516 0.00915516 2 5 3
0.0471867 0.0091278 0.0091278 2 5 3
0.0471095 0.00910058 0.00910058 2 5 3
0.0470328 0.00907352 0.00907352 2 5 3
0.0469565 0.00904661 0.00904661 2 5 3
0.0468806 0.00901984 0.00901984 2 5 3
0.0468051 0.00899322 0.00899322 2 5 3
0.04673 0.00896674 0.00896674 2 5 3
0.0466553 0.00894041 0.00894041 2 5 3
0.0465811 0.00891422 0.00891422 2 5 3
0.0465072 0.00888817 0.00888817 2 5 3
0.0464338 0.00886226 0.00886226 2 5 3
0.0463607 0.0088365 0.0088365 2 5 3
0.046288 0.00881087 0.00881087 2 5 3
0.0462157 0.00878538 0.00878538 2 5 3
0.0461439 0.00876003 0.00876003 2 5 3
0.0460724 0.00873481 0.00873481 2 5 3
0.0460012 0.00870973 0.00870973 2 5 3
0.0459305 0.00868478 0.00868478 2 5 3
0.0458601 0.00865996 0.00865996 2 5 3
0.0457901 0.00863528 0.00863528 2 5 3
0.0457205 0.00861073 0.00861073 2 5 3
0.0456513 0.00858631 0.00858631 2 5 3
0.0455824 0.00856201 0.00856201 2 5 3
0.0455139 0.00853785 0.00853785 2 5 3
0.0454457 0.00851381 0.00851381 2 5 3
0.0453779 0.0084899 0.0084899 2 5 3
0.0453105 0.00846612 0.00846612 2 5 3
0.0452434 0.00844246 0.00844246 2 5 3
0.0451767 0.00841892 0.00841892 2 5 3
0.0451103 0.00839551 0.00839551 2 5 3
0.0450442 0.00837222 0.00837222 2 5 3
0.0449785 0.00834905 0.00834905 2 5 3
0.0449132 0.00832601 0.00832601 2 5 3
0.0448482 0.00830308 0.00830308 2 5 3
0.0447835 0.00828027 0.00828027 2 5 3
0.0447192 0.00825758 0.00825758 2 5 3
0.0446551 0.008235 0.008235 2 5 3
0.0445915 0.00821255 0.00821255 2 5 3
0.0445281 0.0081902 0.0081902 2 5 3
0.0444651 0.00816798 0.00816798 2 5 3
0.0444024 0.00814586 0.00814586 2 5 3
0.04434 0.00812386 0.00812386 2 5 3
0.0442779 0.00810198 0.00810198 2 5 3
0.0442162 0.0080802 0.0080802 2 5 3
0.0441548 0.00805854 0.00805854 2 5 3
0.0440936 0.00803698 0.00803698 2 5 3
0.0440328 0.00801554 0.00801554 2 5 3
0.0439723 0.0079942 0.0079942 2 5 3
0.0439122 0.00797297 0.00797297 2 5 3
0.0438523 0.00795185 0.00795185 2 5 3
0.0437927 0.00793084 0.00793084 2 5 3
0.0437334 0.00790993 0.00790993 2 5 3
0.0436744 0.00788913 0.00788913 2 5 3
0.0436157 0.00786843 0.00786843 2 5 3
0.0435573 0.00784784 0.00784784 2 5 3
0.0434992 0.00782734 0.00782734 2 5 3
0.0434414 0.00780696 0.00780696 2 5 3
0.0433839 0.00778667 0.00778667 2 5 3
0.0433266 0.00776648 0.00776648 2 5 3
0.0432697 0.0077464 0.0077464 2 5 3
0.043213 0.00772641 0.00772641 2 5 3
0.0431566 0.00770652 0.00770652 2 5 3
0.0431005 0.00768673 0.00768673 2 5 3
0.0430447 0.00766704 0.00766704 2 5 3
0.0429891 0.00764745 0.00764745 2 5 3
0.0429338 0.00762795 0.00762795 2 5 3
0.0428788 0.00760855 0.00760855 2 5 3
0.042824 0.00758924 0.00758924 2 5 3
0.0427696 0.00757003 0.00757003 2 5 3
0.0427154 0.00755091 0.00755091 2 5 3
0.0426614 0.00753188 0.00753188 2 5 3
0.0426077 0.00751295 0.00751295 2 5 3
0.0425543 0.00749411 0.00749411 2 5 3
0.0425011 0.00747536 0.00747536 2 5 3
0.0424482 0.00745671 0.00745671 2 5 3
0.0423956 0.00743814 0.00743814 2 5 3
0.0423432 0.00741966 0.00741966 2 5 3
0.042291 0.00740127 0.00740127 2 5 3
0.0422392 0.00738297 0.00738297 2 5 3
0.0421875 0.00736476 0.00736476 2 5 3
0.0421361 0.00734664 0.00734664 2 5 3
0.042085 0.0073286 0.0073286 2 5 3
0.0420341 0.00731065 0.00731065 2 5 3
0.0419834 0.00729278 0.00729278 2 5 3
0.041933 0.007275 0.007275 2 5 3
0.0418828 0.00725731 0.00725731 2 5 3
0.0418329 0.0072397 0.0072397 2 5 3
0.0417832 0.00722217 0.00722217 2 5 3
0.0417337 0.00720473 0.00720473 2 5 3
0.0416845 0.00718737 0.00718737 2 5 3
0.0416355 0.00717009 0.00717009 2 5 3
0.0415867 0.00715289 0.00715289 2 5 3
0.0415382 0.00713577 0.00713577 2 5 3
0.0414899 0.00711874 0.00711874 2 5 3
0.0414418 0.00710178 0.00710178 2 5 3
0.041394 0.0070849 0.0070849 2 5 3
0.0413463 0.00706811 0.00706811 2 5 3
0.0412989 0.00705139 0.00705139 2 5 3
0.0412517 0.00703475 0.00703475 2 5 3
0.0412048 0.00701818 0.00701818 2 5 3
0.041158 0.0070017 0.0070017 2 5 3
0.0411115 0.00698529 0.00698529 2 5 3
0.0410652 0.00696895 0.00696895 2 5 3
0.0410191 0.0069527 0.0069527 2 5 3
0.0409732 0.00693651 0.00693651 2 5 3
0.0409275 0.00692041 0.00692041 2 5 3
0.040882 0.00690437 0.00690437 2 5 3
0.0408368 0.00688841 0.00688841 2 5 3
0.0407917 0.00687253 0.00687253 2 5 3
0.0407469 0.00685671 0.00685671 2 5 3
0.0407023 0.00684097 0.00684097 2 5 3
0.0406578 0.0068253 0.0068253 2 5 3
0.0406136 0.00680971 0.00680971 2 5 3
0.0405696 0.00679418 0.00679418 2 5 3
0.0405258 0.00677873 0.00677873 2 5 3
0.0404821 0.00676334 0.00676334 2 5 3
0.0404387 0.00674803 0.00674803 2 5 3
0.0403955 0.00673278 0.00673278 2 5 3
0.0403524 0.0067176 0.0067176 2 5 3
0.0403096 0.0067025 0.0067025 2 5 3
0.0402669 0.00668746 0.00668746 2 5 3
0.0402245 0.00667248 0.00667248 2 5 3
0.0401822 0.00665758 0.00665758 2 5 3
0.0401402 0.00664274 0.00664274 2 5 3
0.0400983 0.00662797 0.00662797 2 5 3
0.0400566 0.00661327 0.00661327 2 5 3
0.0400151 0.00659863 0.00659863 2 5 3
0.0399737 0.00658405 0.00658405 2 5 3
0.0399326 0.00656955 0.00656955 2 5 3
0.0398916 0.0065551 0.0065551 2 5 3
0.0398509 0.00654072 0.00654072 2 5 3
0.0398103 0.00652641 0.00652641 2 5 3
0.0397699 0.00651215 0.00651215 2 5 3
0.0397296 0.00649796 0.00649796 2 5 3
0.0396896 0.00648384 0.00648384 2 5 3
0.0396497 0.00646977 0.00646977 2 5 3
0.03961 0.00645577 0.00645577 2 5 3
0.0395704 0.00644183 0.00644183 2 5 3
0.0395311 0.00642795 0.00642795 2 5 3
0.0394919 0.00641413 0.00641413 2 5 3
0.0394529 0.00640038 0.00640038 2 5 3
0.0394141 0.00638668 0.00638668 2 5 3
0.0393754 0.00637304 0.00637304 2 5 3
0.0393369 0.00635946 0.00635946 2 5 3
0.0392985 0.00634595 0.00634595 2 5 3
0.0392604 0.00633249 0.00633249 2 5 3
0.0392224 0.00631908 0.00631908 2 5 3
0.0391845 0.00630574 0.00630574 2 5 3
0.0391469 0.00629245 0.00629245 2 5 3
0.0391094 0.00627923 0.00627923 2 5 3
0.039072 0.00626606 0.00626606 2 5 3
0.0390348 0.00625294 0.00625294 2 5 3
0.0389978 0.00623988 0.00623988 2 5 3
0.0389609 0.00622688 0.00622688 2 5 3
0.0389242 0.00621394 0.00621394 2 5 3
0.0388877 0.00620105 0.00620105 2 5 3
0.0388513 0.00618821 0.00618821 2 5 3
0.038815 0.00617543 0.00617543 2 5 3
0.0387789 0.00616271 0.00616271 2 5 3
0.038743 0.00615004 0.00615004 2 5 3
0.0387072 0.00613742 0.00613742 2 5 3
0.0386716 0.00612485 0.00612485 2 5 3
0.0386361 0.00611234 0.00611234 2 5 3
0.0386008 0.00609989 0.00609989 2 5 3
0.0385656 0.00608748 0.00608748 2 5 3
0.0385306 0.00607513 0.00607513 2 5 3
0.0384957 0.00606283 0.00606283 2 5 3
0.038461 0.00605058 0.00605058 2 5 3
0.0384264 0.00603839 0.00603839 2 5 3
0.038392 0.00602624 0.00602624 2 5 3
0.0383577 0.00601415 0.00601415 2 5 3
0.0383235 0.00600211 0.00600211 2 5 3
0.0382895 0.00599011 0.00599011 2 5 3
0.0382557 0.00597817 0.00597817 2 5 3
0.0382219 0.00596628 0.00596628 2 5 3
0.0381884 0.00595443 0.00595443 2 5 3
0.0381549 0.00594264 0.00594264 2 5 3
0.0381216 0.0059309 0.0059309 2 5 3
0.0380884 0.0059192 0.0059192 2 5 3
0.0380554 0.00590755 0.00590755 2 5 3
0.0380225 0.00589595 0.00589595 2 5 3
0.0379898 0.0058844 0.0058844 2 5 3
0.0379571 0.0058729 0.0058729 2 5 3
0.0379247 0.00586144 0.00586144 2 5 3
0.0378923 0.00585003 0.00585003 2 5 3
0.0378601 0.00583867 0.00583867 2 5 3
0.037828 0.00582735 0.00582735 2 5 3
0.037796 0.00581609 0.00581609 2 5 3
0.0377642 0.00580486 0.00580486 2 5 3
0.0377325 0.00579369 0.00579369 2 5 3
0.037701 0.00578255 0.00578255 2 5 3
0.0376695 0.00577147 0.00577147 2 5 3
0.0376382 0.00576043 0.00576043 2 5 3
0.037607 0.00574943 0.00574943 2 5 3
0.037576 0.00573848 0.00573848 2 5 3
0.0375451 0.00572757 0.00572757 2 5 3
0.0375143 0.00571671 0.00571671 2 5 3
0.0374836 0.00570589 0.00570589 2 5 3
0.037453 0.00569512 0.00569512 2 5 3
0.0374226 0.00568439 0.00568439 2 5 3
0.0373923 0.0056737 0.0056737 2 5 3
0.0373621 0.00566305 0.00566305 2 5 3
0.037332 0.00565245 0.00565245 2 5 3
0.0373021 0.00564189 0.00564189 2 5 3
0.0372723 0.00563137 0.00563137 2 5 3
0.0372426 0.0056209 0.0056209 2 5 3
0.037213 0.00561047 0.00561047 2 5 3
0.0371835 0.00560007 0.00560007 2 5 3
0.0371542 0.00558972 0.00558972 2 5 3
0.0371249 0.00557941 0.00557941 2 5 3
0.0370958 0.00556915 0.00556915 2 5 3
0.0370668 0.00555892 0.00555892 2 5 3
0.0370379 0.00554873 0.00554873 2 5 3
0.0370091 0.00553859 0.00553859 2 5 3
0.0369805 0.00552848 0.00552848 2 5 3
0.0369519 0.00551841 0.00551841 2 5 3
0.0369235 0.00550839 0.00550839 2 5 3
0.0368952 0.0054984 0.0054984 2 5 3
0.036867 0.00548845 0.00548845 2 5 3
0.0368389 0.00547854 0.00547854 2 5 3
0.0368109 0.00546867 0.00546867 2 5 3
0.036783 0.00545884 0.00545884 2 5 3
0.0367553 0.00544905 0.00544905 2 5 3
0.0367276 0.00543929 0.00543929 2 5 3
0.0367 0.00542958 0.00542958 2 5 3
0.0366726 0.0054199 0.0054199 2 5 3
0.0366453 0.00541026 0.00541026 2 5 3
0.036618 0.00540066 0.00540066 2 5 3
0.0365909 0.00539109 0.00539109 2 5 3
0.0365639 0.00538156 0.00538156 2 5 3
0.036537 0.00537207 0.00537207 2 5 3
0.0365101 0.00536261 0.00536261 2 5 3
0.0364834 0.00535319 0.00535319 2 5 3
0.0364568 0.00534381 0.00534381 2 5 3
0.0364303 0.00533447 0.00533447 2 5 3
0.0364039 0.00532516 0.00532516 2 5 3
0.0363776 0.00531588 0.00531588 2 5 3
0.0363514 0.00530664 0.00530664 2 5 3
0.0363253 0.00529744 0.00529744 2 5 3
0.0362993 0.00528827 0.00528827 2 5 3
0.0362734 0.00527914 0.00527914 2 5 3
0.0362476 0.00527004 0.00527004 2 5 3
0.0362219 0.00526098 0.00526098 2 5 3
0.0361963 0.00525195 0.00525195 2 5 3
0.0361708 0.00524295 0.00524295 2 5 3
0.0361454 0.00523399 0.00523399 2 5 3
0.0361201 0.00522507 0.00522507 2 5 3
0.0360949 0.00521617 0.00521617 2 5 3
0.0360698 0.00520732 0.00520732 2 5 3
0.0360447 0.00519849 0.00519849 2 5 3
0.0360198 0.0051897 0.0051897 2 5 3
0.035995 0.00518094 0.00518094 2 5 3
0.0359702 0.00517221 0.00517221 2 5 3
0.0359456 0.00516352 0.00516352 2 5 3
0.035921 0.00515486 0.00515486 2 5 3
0.0358966 0.00514623 0.00514623 2 5 3
0.0358722 0.00513764 0.00513764 2 5 3
0.0358479 0.00512907 0.00512907 2 5 3
0.0358237 0.00512054 0.00512054 2 5 3
0.0357996 0.00511204 0.00511204 2 5 3
0.0357756 0.00510357 0.00510357 2 5 3
0.0357517 0.00509514 0.00509514 2 5 3
0.0357278 0.00508673 0.00508673 2 5 3
0.0357041 0.00507836 0.00507836 2 5 3
0.0356804 0.00507002 0.00507002 2 5 3
0.0356569 0.00506171 0.00506171 2 5 3
0.0356334 0.00505342 0.00505342 2 5 3
0.03561 0.00504517 0.00504517 2 5 3
0.0355867 0.00503695 0.00503695 2 5 3
0.0355635 0.00502877 0.00502877 2 5 3
0.0355403 0.00502061 0.00502061 2 5 3
0.0355173 0.00501248 0.00501248 2 5 3
0.0354943 0.00500438 0.00500438 2 5 3
0.0354714 0.00499631 0.00499631 2 5 3
0.0354486 0.00498827 0.00498827 2 5 3
0.0354259 0.00498026 0.00498026 2 5 3
0.0354033 0.00497228 0.00497228 2 5 3
0.0353807 0.00496432 0.00496432 2 5 3
0.0353582 0.0049564 0.0049564 2 5 3
0.0353359 0.00494851 0.00494851 2 5 3
0.0353136 0.00494064 0.00494064 2 5 3
0.0352913 0.0049328 0.0049328 2 5 3
0.0352692 0.00492499 0.00492499 2 5 3
0.0352471 0.00491721 0.00491721 2 5 3
0.0352251 0.00490946 0.00490946 2 5 3
0.0352032 0.00490174 0.00490174 2 5 3
0.0351814 0.00489404 0.00489404 2 5 3
0.0351597 0.00488637 0.00488637 2 5 3
0.035138 0.00487873 0.00487873 2 5 3
0.0351164 0.00487112 0.00487112 2 5 3
0.0350949 0.00486353 0.00486353 2 5 3
0.0350735 0.00485598 0.00485598 2 5 3
0.0350521 0.00484844 0.00484844 2 5 3
0.0350308 0.00484094 0.00484094 2 5 3
0.0350096 0.00483346 0.00483346 2 5 3
0.0349885 0.00482601 0.00482601 2 5 3
0.0349674 0.00481859 0.00481859 2 5 3
0.0349465 0.00481119 0.00481119 2 5 3
0.0349256 0.00480382 0.00480382 2 5 3
0.0349047 0.00479647 0.00479647 2 5 3
0.034884 0.00478915 0.00478915 2 5 3
0.0348633 0.00478186 0.00478186 2 5 3
0.0348427 0.00477459 0.00477459 2 5 3
0.0348222 0.00476735 0.00476735 2 5 3
0.0348017 0.00476014 0.00476014 2 5 3
0.0347813 0.00475295 0.00475295 2 5 3
0.034761 0.00474578 0.00474578 2 5 3
0.0347407 0.00473864 0.00473864 2 5 3
0.0347206 0.00473153 0.00473153 2 5 3
0.0347005 0.00472444 0.00472444 2 5 3
0.0346804 0.00471737 0.00471737 2 5 3
0.0346605 0.00471033 0.00471033 2 5 3
0.0346406 0.00470332 0.00470332 2 5 3
0.0346207 0.00469632 0.00469632 2 5 3
0.034601 0.00468936 0.00468936 2 5 3
0.0345813 0.00468242 0.00468242 2 5 3
0.0345617 0.0046755 0.0046755 2 5 3
0.0345421 0.0046686 0.0046686 2 5 3
0.0345227 0.00466173 0.00466173 2 5 3
0.0345032 0.00465489 0.00465489 2 5 3
0.0344839 0.00464807 0.00464807 2 5 3
0.0344646 0.00464127 0.00464127 2 5 3
0.0344454 0.00463449 0.00463449 2 5 3
0.0344263 0.00462774 0.00462774 2 5 3
0.0344072 0.00462101 0.00462101 2 5 3
0.0343882 0.00461431 0.00461431 2 5 3
0.0343692 0.00460763 0.00460763 2 5 3
0.0343503 0.00460097 0.00460097 2 5 3
0.0343315 0.00459433 0.00459433 2 5 3
0.0343128 0.00458772 0.00458772 2 5 3
0.0342941 0.00458113 0.00458113 2 5 3
0.0342755 0.00457456 0.00457456 2 5 3
0.0342569 0.00456801 0.00456801 2 5 3
0.0342384 0.00456149 0.00456149 2 5 3
0.03422 0.00455499 0.00455499 2 5 3
0.0342016 0.00454851 0.00454851 2 5 3
0.0341833 0.00454206 0.00454206 2 5 3
0.034165 0.00453562 0.00453562 2 5 3
0.0341469 0.00452921 0.00452921 2 5 3
0.0341287 0.00452282 0.00452282 2 5 3
0.0341107 0.00451645 0.00451645 2 5 3
0.0340927 0.0045101 0.0045101 2 5 3
0.0340747 0.00450377 0.00450377 2 5 3
0.0340568 0.00449747 0.00449747 2 5 3
0.034039 0.00449119 0.00449119 2 5 3
0.0340213 0.00448492 0.00448492 2 5 3
0.0340036 0.00447868 0.00447868 2 5 3
0.0339859 0.00447246 0.00447246 2 5 3
0.0339684 0.00446626 0.00446626 2 5 3
0.0339508 0.00446009 0.00446009 2 5 3
0.0339334 0.00445393 0.00445393 2 5 3
0.033916 0.00444779 0.00444779 2 5 3
0.0338986 0.00444167 0.00444167 2 5 3
0.0338813 0.00443558 0.00443558 2 5 3
0.0338641 0.0044295 0.0044295 2 5 3
0.0338469 0.00442345 0.00442345 2 5 3
0.0338298 0.00441741 0.00441741 2 5 3
0.0338128 0.0044114 0.0044114 2 5 3
0.0337958 0.0044054 0.0044054 2 5 3
0.0337788 0.00439943 0.00439943 2 5 3
0.0337619 0.00439347 0.00439347 2 5 3
0.0337451 0.00438754 0.00438754 2 5 3
0.0337283 0.00438162 0.00438162 2 5 3
0.0337116 0.00437572 0.00437572 2 5 3
0.0336949 0.00436985 0.00436985 2 5 3
0.0336783 0.00436399 0.00436399 2 5 3
0.0336618 0.00435815 0.00435815 2 5 3
0.0336453 0.00435233 0.00435233 2 5 3
0.0336288 0.00434653 0.00434653 2 5 3
0.0336124 0.00434075 0.00434075 2 5 3
0.0335961 0.00433499 0.00433499 2 5 3
0.0335798 0.00432925 0.00432925 2 5 3
0.0335636 0.00432352 0.00432352 2 5 3
0.0335474 0.00431782 0.00431782 2 5 3
0.0335313 0.00431213 0.00431213 2 5 3
0.0335152 0.00430646 0.00430646 2 5 3
0.0334992 0.00430081 0.00430081 2 5 3
0.0334832 0.00429518 0.00429518 2 5 3
0.0334673 0.00428957 0.00428957 2 5 3
0.0334514 0.00428397 0.00428397 2 5 3
0.0334356 0.00427839 0.00427839 2 5 3
0.0334198 0.00427284 0.00427284 2 5 3
0.0334041 0.00426729 0.00426729 2 5 3
0.0333885 0.00426177 0.00426177 2 5 3
0.0333729 0.00425627 0.00425627 2 5 3
0.0333573 0.00425078 0.00425078 2 5 3
0.0333418 0.00424531 0.00424531 2 5 3
0.0333263 0.00423986 0.00423986 2 5 3
0.0333109 0.00423442 0.00423442 2 5 3
0.0332956 0.00422901 0.00422901 2 5 3
0.0332802 0.00422361 0.00422361 2 5 3
0.033265 0.00421823 0.00421823 2 5 3
0.0332498 0.00421286 0.00421286 2 5 3
0.0332346 0.00420751 0.00420751 2 5 3
0.0332195 0.00420218 0.00420218 2 5 3
0.0332044 0.00419687 0.00419687 2 5 3
0.0331894 0.00419157 0.00419157 2 5 3
0.0331744 0.00418629 0.00418629 2 5 3
0.0331595 0.00418103 0.00418103 2 5 3
0.0331446 0.00417578 0.00417578 2 5 3
0.0331298 0.00417055 0.00417055 2 5 3
0.033115 0.00416534 0.00416534 2 5 3
0.0331003 0.00416015 0.00416015 2 5 3
0.0330856 0.00415497 0.00415497 2 5 3
0.0330709 0.0041498 0.0041498 2 5 3
0.0330564 0.00414465 0.00414465 2 5 3
0.0330418 0.00413952 0.00413952 2 5 3
0.0330273 0.00413441 0.00413441 2 5 3
0.0330128 0.00412931 0.00412931 2 5 3
0.0329984 0.00412423 0.00412423 2 5 3
0.0329841 0.00411916 0.00411916 2 5 3
0.0329697 0.00411411 0.00411411 2 5 3
0.0329555 0.00410908 0.00410908 2 5 3
0.0329412 0.00410406 0.00410406 2 5 3
0.032927 0.00409905 0.00409905 2 5 3
0.0329129 0.00409407 0.00409407 2 5 3
0.0328988 0.00408909 0.00408909 2 5 3
0.0328847 0.00408414 0.00408414 2 5 3
0.0328707 0.0040792 0.0040792 2 5 3
0.0328568 0.00407427 0.00407427 2 5 3
0.0328428 0.00406936 0.00406936 2 5 3
0.032829 0.00406446 0.00406446 2 5 3
0.0328151 0.00405958 0.00405958 2 5 3
0.0328013 0.00405472 0.00405472 2 5 3
0.0327876 0.00404987 0.00404987 2 5 3
0.0327739 0.00404503 0.00404503 2 5 3
0.0327602 0.00404021 0.00404021 2 5 3
0.0327466 0.00403541 0.00403541 2 5 3
0.032733 0.00403062 0.00403062 2 5 3
0.0327194 0.00402584 0.00402584 2 5 3
0.0327059 0.00402108 0.00402108 2 5 3
0.0326925 0.00401634 0.00401634 2 5 3
0.0326791 0.00401161 0.00401161 2 5 3
0.0326657 0.00400689 0.00400689 2 5 3
0.0326523 0.00400219 0.00400219 2 5 3
0.0326391 0.0039975 0.0039975 2 5 3
0.0326258 0.00399282 0.00399282 2 5 3
0.0326126 0.00398817 0.00398817 2 5 3
0.0325994 0.00398352 0.00398352 2 5 3
0.0325863 0.00397889 0.00397889 2 5 3
0.0325732 0.00397427 0.00397427 2 5 3
0.0325601 0.00396967 0.00396967 2 5 3
0.0325471 0.00396508 0.00396508 2 5 3
0.0325341 0.00396051 0.00396051 2 5 3
0.0325212 0.00395594 0.00395594 2 5 3
0.0325083 0.0039514 0.0039514 2 5 3
0.0324955 0.00394686 0.00394686 2 5 3
0.0324826 0.00394234 0.00394234 2 5 3
0.0324699 0.00393784 0.00393784 2 5 3
0.0324571 0.00393335 0.00393335 2 5 3
0.0324444 0.00392887 0.00392887 2 5 3
0.0324318 0.0039244 0.0039244 2 5 3
0.0324191 0.00391995 0.00391995 2 5 3
0.0324066 0.00391551 0.00391551 2 5 3
0.032394 0.00391109 0.00391109 2 5 3
0.0323815 0.00390667 0.00390667 2 5 3
0.032369 0.00390228 0.00390228 2 5 3
0.0323566 0.00389789 0.00389789 2 5 3
0.0323442 0.00389352 0.00389352 2 5 3
0.0323318 0.00388916 0.00388916 2 5 3
0.0323195 0.00388481 0.00388481 2 5 3
0.0323072 0.00388048 0.00388048 2 5 3
0.032295 0.00387616 0.00387616 2 5 3
0.0322827 0.00387185 0.00387185 2 5 3
0.0322706 0.00386756 0.00386756 2 5 3
0.0322584 0.00386327 0.00386327 2 5 3
0.0322463 0.00385901 0.00385901 2 5 3
0.0322342 0.00385475 0.00385475 2 5 3
0.0322222 0.0038505 0.0038505 2 5 3
0.0322102 0.00384627 0.00384627 2 5 3
0.0321983 0.00384205 0.00384205 2 5 3
0.0321863 0.00383785 0.00383785 2 5 3
0.0321744 0.00383365 0.00383365 2 5 3
0.0321626 0.00382947 0.00382947 2 5 3
0.0321507 0.0038253 0.0038253 2 5 3
0.032139 0.00382115 0.00382115 2 5 3
0.0321272 0.003817 0.003817 2 5 3
0.0321155 0.00381287 0.00381287 2 5 3
0.0321038 0.00380875 0.00380875 2 5 3
0.0320922 0.00380464 0.00380464 2 5 3
0.0320805 0.00380054 0.00380054 2 5 3
0.032069 0.00379646 0.00379646 2 5 3
0.0320574 0.00379239 0.00379239 2 5 3
0.0320459 0.00378833 0.00378833 2 5 3
0.0320344 0.00378428 0.00378428 2 5 3
0.032023 0.00378024 0.00378024 2 5 3
0.0320115 0.00377622 0.00377622 2 5 3
0.0320002 0.0037722 0.0037722 2 5 3
0.0319888 0.0037682 0.0037682 2 5 3
0.0319775 0.00376421 0.00376421 2 5 3
0.0319662 0.00376023 0.00376023 2 5 3
0.031955 0.00375626 0.00375626 2 5 3
0.0319438 0.00375231 0.00375231 2 5 3
0.0319326 0.00374836 0.00374836 2 5 3
0.0319214 0.00374443 0.00374443 2 5 3
0.0319103 0.00374051 0.00374051 2 5 3
0.0318992 0.0037366 0.0037366 2 5 3
0.0318882 0.0037327 0.0037327 2 5 3
0.0318771 0.00372881 0.00372881 2 5 3
0.0318661 0.00372494 0.00372494 2 5 3
0.0318552 0.00372107 0.00372107 2 5 3
0.0318442 0.00371722 0.00371722 2 5 3
0.0318333 0.00371338 0.00371338 2 5 3
0.0318225 0.00370954 0.00370954 2 5 3
0.0318116 0.00370572 0.00370572 2 5 3
0.0318008 0.00370191 0.00370191 2 5 3
0.0317901 0.00369811 0.00369811 2 5 3
0.0317793 0.00369432 0.00369432 2 5 3
0.0317686 0.00369055 0.00369055 2 5 3
0.0317579 0.00368678 0.00368678 2 5 3
0.0317473 0.00368302 0.00368302 2 5 3
0.0317367 0.00367928 0.00367928 2 5 3
0.0317261 0.00367554 0.00367554 2 5 3
0.0317155 0.00367182 0.00367182 2 5 3
0.031705 0.0036681 0.0036681 2 5 3
0.0316945 0.0036644 0.0036644 2 5 3
0.031684 0.00366071 0.00366071 2 5 3
0.0316736 0.00365703 0.00365703 2 5 3
0.0316631 0.00365335 0.00365335 2 5 3
0.0316528 0.00364969 0.00364969 2 5 3
0.0316424 0.00364604 0.00364604 2 5 3
0.0316321 0.0036424 0.0036424 2 5 3
0.0316218 0.00363877 0.00363877 2 5 3
0.0316115 0.00363515 0.00363515 2 5 3
0.0316013 0.00363154 0.00363154 2 5 3
0.0315911 0.00362794 0.00362794 2 5 3
0.0315809 0.00362435 0.00362435 2 5 3
0.0315707 0.00362077 0.00362077 2 5 3
0.0315606 0.0036172 0.0036172 2 5 3
0.0315505 0.00361364 0.00361364 2 5 3
0.0315404 0.00361009 0.00361009 2 5 3
0.0315304 0.00360655 0.00360655 2 5 3
0.0315204 0.00360302 0.00360302 2 5 3
0.0315104 0.0035995 0.0035995 2 5 3
0.0315005 0.00359599 0.00359599 2 5 3
0.0314905 0.00359249 0.00359249 2 5 3
0.0314806 0.003589 0.003589 2 5 3
0.0314708 0.00358551 0.00358551 2 5 3
0.0314609 0.00358204 0.00358204 2 5 3
0.0314511 0.00357858 0.00357858 2 5 3
0.0314413 0.00357513 0.00357513 2 5 3
0.0314315 0.00357168 0.00357168 2 5 3
0.0314218 0.00356825 0.00356825 2 5 3
0.0314121 0.00356483 0.00356483 2 5 3
0.0314024 0.00356141 0.00356141 2 5 3
0.0313928 0.00355801 0.00355801 2 5 3
0.0313831 0.00355461 0.00355461 2 5 3
0.0313735 0.00355122 0.00355122 2 5 3
0.0313639 0.00354785 0.00354785 2 5 3
0.0313544 0.00354448 0.00354448 2 5 3
0.0313449 0.00354112 0.00354112 2 5 3
0.0313354 0.00353777 0.00353777 2 5 3
0.0313259 0.00353443 0.00353443 2 5 3
0.0313164 0.0035311 0.0035311 2 5 3
0.031307 0.00352778 0.00352778 2 5 3
0.0312976 0.00352446 0.00352446 2 5 3
0.0312883 0.00352116 0.00352116 2 5 3
0.0312789 0.00351786 0.00351786 2 5 3
0.0312696 0.00351458 0.00351458 2 5 3
0.0312603 0.0035113 0.0035113 2 5 3
0.031251 0.00350803 0.00350803 2 5 3
0.0312418 0.00350477 0.00350477 2 5 3
0.0312326 0.00350152 0.00350152 2 5 3
0.0312234 0.00349828 0.00349828 2 5 3
0.0312142 0.00349505 0.00349505 2 5 3
0.0312051 0.00349182 0.00349182 2 5 3
0.031196 0.00348861 0.00348861 2 5 3
0.0311869 0.0034854 0.0034854 2 5 3
0.0311778 0.0034822 0.0034822 2 5 3
0.0311687 0.00347901 0.00347901 2 5 3
0.0311597 0.00347583 0.00347583 2 5 3
0.0311507 0.00347266 0.00347266 2 5 3
0.0311418 0.00346949 0.00346949 2 5 3
0.0311328 0.00346634 0.00346634 2 5 3
0.0311239 0.00346319 0.00346319 2 5 3
0.031115 0.00346005 0.00346005 2 5 3
0.0311061 0.00345692 0.00345692 2 5 3
0.0310973 0.0034538 0.0034538 2 5 3
0.0310884 0.00345069 0.00345069 2 5 3
0.0310796 0.00344758 0.00344758 2 5 3
0.0310708 0.00344449 0.00344449 2 5 3
0.0310621 0.0034414 0.0034414 2 5 3
0.0310533 0.00343832 0.00343832 2 5 3
0.0310446 0.00343525 0.00343525 2 5 3
0.0310359 0.00343218 0.00343218 2 5 3
0.0310273 0.00342913 0.00342913 2 5 3
0.0310186 0.00342608 0.00342608 2 5 3
0.03101 0.00342304 0.00342304 2 5 3
0.0310014 0.00342001 0.00342001 2 5 3
0.0309928 0.00341698 0.00341698 2 5 3
0.0309843 0.00341397 0.00341397 2 5 3
0.0309758 0.00341096 0.00341096 2 5 3
0.0309673 0.00340796 0.00340796 2 5 3
0.0309588 0.00340497 0.00340497 2 5 3
0.0309503 0.00340198 0.00340198 2 5 3
0.0309419 0.00339901 0.00339901 2 5 3
0.0309335 0.00339604 0.00339604 2 5 3
0.0309251 0.00339308 0.00339308 2 5 3
0.0309167 0.00339013 0.00339013 2 5 3
0.0309083 0.00338718 0.00338718 2 5 3
0.0309 0.00338425 0.00338425 2 5 3
0.0308917 0.00338132 0.00338132 2 5 3
0.0308834 0.00337839 0.00337839 2 5 3
0.0308751 0.00337548 0.00337548 2 5 3
0.0308669 0.00337257 0.00337257 2 5 3
0.0308587 0.00336968 0.00336968 2 5 3
0.0308505 0.00336678 0.00336678 2 5 3
0.0308423 0.0033639 0.0033639 2 5 3
0.0308342 0.00336102 0.00336102 2 5 3
0.030826 0.00335815 0.00335815 2 5 3
0.0308179 0.00335529 0.00335529 2 5 3
0.0308098 0.00335244 0.00335244 2 5 3
0.0308017 0.00334959 0.00334959 2 5 3
0.0307937 0.00334675 0.00334675 2 5 3
0.0307857 0.00334392 0.00334392 2 5 3
0.0307776 0.0033411 0.0033411 2 5 3
0.0307697 0.00333828 0.00333828 2 5 3
0.0307617 0.00333547 0.00333547 2 5 3
0.0307537 0.00333267 0.00333267 2 5 3
0.0307458 0.00332987 0.00332987 2 5 3
0.0307379 0.00332708 0.00332708 2 5 3
0.03073 0.0033243 0.0033243 2 5 3
0.0307222 0.00332153 0.00332153 2 5 3
0.0307143 0.00331876 0.00331876 2 5 3
0.0307065 0.003316 0.003316 2 5 3
0.0306987 0.00331325 0.00331325 2 5 3
0.0306909 0.0033105 0.0033105 2 5 3
0.0306831 0.00330777 0.00330777 2 5 3
0.0306754 0.00330504 0.00330504 2 5 3
0.0306677 0.00330231 0.00330231 2 5 3
0.0306599 0.00329959 0.00329959 2 5 3
0.0306523 0.00329688 0.00329688 2 5 3
0.0306446 0.00329418 0.00329418 2 5 3
0.0306369 0.00329148 0.00329148 2 5 3
0.0306293 0.00328879 0.00328879 2 5 3
0.0306217 0.00328611 0.00328611 2 5 3
0.0306141 0.00328343 0.00328343 2 5 3
0.0306065 0.00328076 0.00328076 2 5 3
0.030599 0.0032781 0.0032781 2 5 3
0.0305915 0.00327544 0.00327544 2 5 3
0.030584 0.0032728 0.0032728 2 5 3
0.0305765 0.00327015 0.00327015 2 5 3
0.030569 0.00326752 0.00326752 2 5 3
0.0305615 0.00326489 0.00326489 2 5 3
0.0305541 0.00326227 0.00326227 2 5 3
0.0305467 0.00325965 0.00325965 2 5 3
0.0305393 0.00325704 0.00325704 2 5 3
0.0305319 0.00325444 0.00325444 2 5 3
0.0305245 0.00325184 0.00325184 2 5 3
0.0305172 0.00324925 0.00324925 2 5 3
0.0305099 0.00324667 0.00324667 2 5 3
0.0305026 0.00324409 0.00324409 2 5 3
0.0304953 0.00324152 0.00324152 2 5 3
0.030488 0.00323896 0.00323896 2 5 3
0.0304807 0.0032364 0.0032364 2 5 3
0.0304735 0.00323385 0.00323385 2 5 3
0.0304663 0.00323131 0.00323131 2 5 3
0.0304591 0.00322877 0.00322877 2 5 3
0.0304519 0.00322624 0.00322624 2 5 3
0.0304448 0.00322371 0.00322371 2 5 3
0.0304376 0.00322119 0.00322119 2 5 3
0.0304305 0.00321868 0.00321868 2 5 3
0.0304234 0.00321617 0.00321617 2 5 3
0.0304163 0.00321367 0.00321367 2 5 3
0.0304092 0.00321118 0.00321118 2 5 3
0.0304022 0.00320869 0.00320869 2 5 3
0.0303951 0.00320621 0.00320621 2 5 3
0.0303881 0.00320373 0.00320373 2 5 3
0.0303811 0.00320126 0.00320126 2 5 3
0.0303741 0.0031988 0.0031988 2 5 3
0.0303671 0.00319634 0.00319634 2 5 3
0.0303602 0.00319389 0.00319389 2 5 3
0.0303533 0.00319144 0.00319144 2 5 3
0.0303463 0.003189 0.003189 2 5 3
0.0303394 0.00318657 0.00318657 2 5 3
0.0303326 0.00318414 0.00318414 2 5 3
0.0303257 0.00318172 0.00318172 2 5 3
0.0303188 0.00317931 0.00317931 2 5 3
0.030312 0.0031769 0.0031769 2 5 3
0.0303052 0.00317449 0.00317449 2 5 3
0.0302984 0.00317209 0.00317209 2 5 3
0.0302916 0.0031697 0.0031697 2 5 3
0.0302848 0.00316732 0.00316732 2 5 3
0.0302781 0.00316494 0.00316494 2 5 3
0.0302714 0.00316256 0.00316256 2 5 3
0.0302646 0.00316019 0.00316019 2 5 3
0.0302579 0.00315783 0.00315783 2 5 3
0.0302513 0.00315547 0.00315547 2 5 3
0.0302446 0.00315312 0.00315312 2 5 3
0.0302379 0.00315078 0.00315078 2 5 3
0.0302313 0.00314844 0.00314844 2 5 3
0.0302247 0.0031461 0.0031461 2 5 3
0.0302181 0.00314377 0.00314377 2 5 3
0.0302115 0.00314145 0.00314145 2 5 3
0.0302049 0.00313913 0.00313913 2 5 3
0.0301984 0.00313682 0.00313682 2 5 3
0.0301918 0.00313452 0.00313452 2 5 3
0.0301853 0.00313222 0.00313222 2 5 3
0.0301788 0.00312992 0.00312992 2 5 3
0.0301723 0.00312763 0.00312763 2 5 3
0.0301658 0.00312535 0.00312535 2 5 3
0.0301594 0.00312307 0.00312307 2 5 3
0.0301529 0.0031208 0.0031208 2 5 3
0.0301465 0.00311853 0.00311853 2 5 3
0.0301401 0.00311627 0.00311627 2 5 3
0.0301337 0.00311401 0.00311401 2 5 3
0.0301273 0.00311176 0.00311176 2 5 3
0.0301209 0.00310951 0.00310951 2 5 3
0.0301146 0.00310727 0.00310727 2 5 3
0.0301082 0.00310504 0.00310504 2 5 3
0.0301019 0.00310281 0.00310281 2 5 3
0.0300956 0.00310059 0.00310059 2 5 3
0.0300893 0.00309837 0.00309837 2 5 3
0.030083 0.00309615 0.00309615 2 5 3
0.0300768 0.00309394 0.00309394 2 5 3
0.0300705 0.00309174 0.00309174 2 5 3
0.0300643 0.00308954 0.00308954 2 5 3
0.0300581 0.00308735 0.00308735 2 5 3
0.0300519 0.00308516 0.00308516 2 5 3
0.0300457 0.00308298 0.00308298 2 5 3
0.0300395 0.0030808 0.0030808 2 5 3
0.0300333 0.00307863 0.00307863 2 5 3
0.0300272 0.00307647 0.00307647 2 5 3
0.0300211 0.0030743 0.0030743 2 5 3
0.030015 0.00307215 0.00307215 2 5 3
0.0300089 0.00307 0.00307 2 5 3
0.0300028 0.00306785 0.00306785 2 5 3
0.0299967 0.00306571 0.00306571 2 5 3
0.0299906 0.00306357 0.00306357 2 5 3
0.0299846 0.00306144 0.00306144 2 5 3
0.0299786 0.00305931 0.00305931 2 5 3
0.0299725 0.00305719 0.00305719 2 5 3
0.0299665 0.00305508 0.00305508 2 5 3
0.0299606 0.00305297 0.00305297 2 5 3
0.0299546 0.00305086 0.00305086 2 5 3
0.0299486 0.00304876 0.00304876 2 5 3
0.0299427 0.00304666 0.00304666 2 5 3
0.0299368 0.00304457 0.00304457 2 5 3
0.0299308 0.00304248 0.00304248 2 5 3
0.0299249 0.0030404 0.0030404 2 5 3
0.029919 0.00303833 0.00303833 2 5 3
0.0299132 0.00303625 0.00303625 2 5 3
0.0299073 0.00303419 0.00303419 2 5 3
0.0299015 0.00303212 0.00303212 2 5 3
0.0298956 0.00303007 0.00303007 2 5 3
0.0298898 0.00302801 0.00302801 2 5 3
0.029884 0.00302597 0.00302597 2 5 3
0.0298782 0.00302392 0.00302392 2 5 3
0.0298724 0.00302188 0.00302188 2 5 3
0.0298666 0.00301985 0.00301985 2 5 3
0.0298609 0.00301782 0.00301782 2 5 3
0.0298552 0.0030158 0.0030158 2 5 3
0.0298494 0.00301378 0.00301378 2 5 3
0.0298437 0.00301176 0.00301176 2 5 3
0.029838 0.00300975 0.00300975 2 5 3
0.0298323 0.00300775 0.00300775 2 5 3
0.0298266 0.00300574 0.00300574 2 5 3
0.029821 0.00300375 0.00300375 2 5 3
0.0298153 0.00300176 0.00300176 2 5 3
0.0298097 0.00299977 0.00299977 2 5 3
0.0298041 0.00299779 0.00299779 2 5 3
0.0297985 0.00299581 0.00299581 2 5 3
0.0297929 0.00299383 0.00299383 2 5 3
0.0297873 0.00299187 0.00299187 2 5 3
0.0297817 0.0029899 0.0029899 2 5 3
0.0297762 0.00298794 0.00298794 2 5 3
0.0297706 0.00298599 0.00298599 2 5 3
0.0297651 0.00298403 0.00298403 2 5 3
0.0297596 0.00298209 0.00298209 2 5 3
0.0297541 0.00298015 0.00298015 2 5 3
0.0297486 0.00297821 0.00297821 2 5 3
0.0297431 0.00297627 0.00297627 2 5 3
0.0297376 0.00297435 0.00297435 2 5 3
0.0297321 0.00297242 0.00297242 2 5 3
0.0297267 0.0029705 0.0029705 2 5 3
0.0297213 0.00296859 0.00296859 2 5 3
0.0297159 0.00296667 0.00296667 2 5 3
0.0297104 0.00296477 0.00296477 2 5 3
0.029705 0.00296286 0.00296286 2 5 3
0.0296997 0.00296097 0.00296097 2 5 3
0.0296943 0.00295907 0.00295907 2 5 3
0.0296889 0.00295718 0.00295718 2 5 3
0.0296836 0.0029553 0.0029553 2 5 3
0.0296783 0.00295341 0.00295341 2 5 3
0.0296729 0.00295154 0.00295154 2 5 3
0.0296676 0.00294966 0.00294966 2 5 3
0.0296623 0.0029478 0.0029478 2 5 3
0.029657 0.00294593 0.00294593 2 5 3
0.0296518 0.00294407 0.00294407 2 5 3
0.0296465 0.00294222 0.00294222 2 5 3
0.0296412 0.00294036 0.00294036 2 5 3
0.029636 0.00293852 0.00293852 2 5 3
0.0296308 0.00293667 0.00293667 2 5 3
0.0296256 0.00293483 0.00293483 2 5 3
0.0296204 0.002933 0.002933 2 5 3
0.0296152 0.00293117 0.00293117 2 5 3
0.02961 0.00292934 0.00292934 2 5 3
0.0296048 0.00292752 0.00292752 2 5 3
0.0295997 0.0029257 0.0029257 2 5 3
0.0295945 0.00292388 0.00292388 2 5 3
0.0295894 0.00292207 0.00292207 2 5 3
0.0295842 0.00292027 0.00292027 2 5 3
0.0295791 0.00291846 0.00291846 2 5 3
0.029574 0.00291666 0.00291666 2 5 3
0.0295689 0.00291487 0.00291487 2 5 3
0.0295639 0.00291308 0.00291308 2 5 3
0.0295588 0.00291129 0.00291129 2 5 3
0.0295537 0.00290951 0.00290951 2 5 3
0.0295487 0.00290773 0.00290773 2 5 3
0.0295437 0.00290596 0.00290596 2 5 3
0.0295386 0.00290418 0.00290418 2 5 3
0.0295336 0.00290242 0.00290242 2 5 3
0.0295286 0.00290065 0.00290065 2 5 3
0.0295236 0.00289889 0.00289889 2 5 3
0.0295187 0.00289714 0.00289714 2 5 3
0.0295137 0.00289539 0.00289539 2 5 3
0.0295087 0.00289364 0.00289364 2 5 3
0.0295038 0.0028919 0.0028919 2 5 3
0.0294989 0.00289016 0.00289016 2 5 3
0.0294939 0.00288842 0.00288842 2 5 3
0.029489 0.00288669 0.00288669 2 5 3
0.0294841 0.00288496 0.00288496 2 5 3
0.0294792 0.00288324 0.00288324 2 5 3
0.0294744 0.00288151 0.00288151 2 5 3
0.0294695 0.0028798 0.0028798 2 5 3
0.0294646 0.00287808 0.00287808 2 5 3
0.0294598 0.00287637 0.00287637 2 5 3
0.0294549 0.00287467 0.00287467 2 5 3
0.0294501 0.00287297 0.00287297 2 5 3
0.0294453 0.00287127 0.00287127 2 5 3
0.0294405 0.00286957 0.00286957 2 5 3
0.0294357 0.00286788 0.00286788 2 5 3
0.0294309 0.0028662 0.0028662 2 5 3
0.0294261 0.00286451 0.00286451 2 5 3
0.0294214 0.00286283 0.00286283 2 5 3
0.0294166 0.00286116 0.00286116 2 5 3
0.0294119 0.00285948 0.00285948 2 5 3
0.0294071 0.00285781 0.00285781 2 5 3
0.0294024 0.00285615 0.00285615 2 5 3
0.0293977 0.00285449 0.00285449 2 5 3
0.029393 0.00285283 0.00285283 2 5 3
0.0293883 0.00285117 0.00285117 2 5 3
0.0293836 0.00284952 0.00284952 2 5 3
0.029379 0.00284788 0.00284788 2 5 3
0.0293743 0.00284623 0.00284623 2 5 3
0.0293696 0.00284459 0.00284459 2 5 3
0.029365 0.00284295 0.00284295 2 5 3
0.0293604 0.00284132 0.00284132 2 5 3
0.0293558 0.00283969 0.00283969 2 5 3
0.0293511 0.00283807 0.00283807 2 5 3
0.0293465 0.00283644 0.00283644 2 5 3
0.0293419 0.00283482 0.00283482 2 5 3
0.0293374 0.00283321 0.00283321 2 5 3
0.0293328 0.00283159 0.00283159 2 5 3
0.0293282 0.00282999 0.00282999 2 5 3
0.0293237 0.00282838 0.00282838 2 5 3
0.0293191 0.00282678 0.00282678 2 5 3
0.0293146 0.00282518 0.00282518 2 5 3
0.0293101 0.00282359 0.00282359 2 5 3
0.0293056 0.00282199 0.00282199 2 5 3
0.0293011 0.00282041 0.00282041 2 5 3
0.0292966 0.00281882 0.00281882 2 5 3
0.0292921 0.00281724 0.00281724 2 5 3
0.0292876 0.00281566 0.00281566 2 5 3
0.0292831 0.00281409 0.00281409 2 5 3
0.0292787 0.00281251 0.00281251 2 5 3
0.0292742 0.00281095 0.00281095 2 5 3
0.0292698 0.00280938 0.00280938 2 5 3
0.0292654 0.00280782 0.00280782 2 5 3
0.029261 0.00280626 0.00280626 2 5 3
0.0292565 0.00280471 0.00280471 2 5 3
0.0292521 0.00280316 0.00280316 2 5 3
0.0292478 0.00280161 0.00280161 2 5 3
0.0292434 0.00280006 0.00280006 2 5 3
0.029239 0.00279852 0.00279852 2 5 3
0.0292346 0.00279698 0.00279698 2 5 3
0.0292303 0.00279545 0.00279545 2 5 3
0.0292259 0.00279392 0.00279392 2 5 3
0.0292216 0.00279239 0.00279239 2 5 3
0.0292173 0.00279086 0.00279086 2 5 3
0.029213 0.00278934 0.00278934 2 5 3
0.0292087 0.00278782 0.00278782 2 5 3
0.0292044 0.0027863 0.0027863 2 5 3
0.0292001 0.00278479 0.00278479 2 5 3
0.0291958 0.00278328 0.00278328 2 5 3
0.0291915 0.00278178 0.00278178 2 5 3
0.0291873 0.00278027 0.00278027 2 5 3
0.029183 0.00277877 0.00277877 2 5 3
0.0291788 0.00277728 0.00277728 2 5 3
0.0291745 0.00277578 0.00277578 2 5 3
0.0291703 0.00277429 0.00277429 2 5 3
0.0291661 0.0027728 0.0027728 2 5 3
0.0291619 0.00277132 0.00277132 2 5 3
0.0291577 0.00276984 0.00276984 2 5 3
0.0291535 0.00276836 0.00276836 2 5 3
0.0291493 0.00276688 0.00276688 2 5 3
0.0291451 0.00276541 0.00276541 2 5 3
0.0291409 0.00276394 0.00276394 2 5 3
0.0291368 0.00276248 0.00276248 2 5 3
0.0291326 0.00276101 0.00276101 2 5 3
0.0291285 0.00275955 0.00275955 2 5 3
0.0291244 0.0027581 0.0027581 2 5 3
0.0291202 0.00275664 0.00275664 2 5 3
0.0291161 0.00275519 0.00275519 2 5 3
0.029112 0.00275375 0.00275375 2 5 3
0.0291079 0.0027523 0.0027523 2 5 3
0.0291038 0.00275086 0.00275086 2 5 3
0.0290998 0.00274942 0.00274942 2 5 3
0.0290957 0.00274798 0.00274798 2 5 3
0.0290916 0.00274655 0.00274655 2 5 3
0.0290876 0.00274512 0.00274512 2 5 3
0.0290835 0.00274369 0.00274369 2 5 3
0.0290795 0.00274227 0.00274227 2 5 3
0.0290755 0.00274085 0.00274085 2 5 3
0.0290714 0.00273943 0.00273943 2 5 3
0.0290674 0.00273802 0.00273802 2 5 3
0.0290634 0.0027366 0.0027366 2 5 3
0.0290594 0.00273519 0.00273519 2 5 3
0.0290554 0.00273379 0.00273379 2 5 3
0.0290514 0.00273238 0.00273238 2 5 3
0.0290475 0.00273098 0.00273098 2 5 3
0.0290435 0.00272959 0.00272959 2 5 3
0.0290396 0.00272819 0.00272819 2 5 3
0.0290356 0.0027268 0.0027268 2 5 3
0.0290317 0.00272541 0.00272541 2 5 3
0.0290277 0.00272402 0.00272402 2 5 3
0.0290238 0.00272264 0.00272264 2 5 3
0.0290199 0.00272126 0.00272126 2 5 3
0.029016 0.00271988 0.00271988 2 5 3
0.0290121 0.0027185 0.0027185 2 5 3
0.0290082 0.00271713 0.00271713 2 5 3
0.0290043 0.00271576 0.00271576 2 5 3
0.0290004 0.00271439 0.00271439 2 5 3
0.0289966 0.00271303 0.00271303 2 5 3
0.0289927 0.00271167 0.00271167 2 5 3
0.0289889 0.00271031 0.00271031 2 5 3
0.028985 0.00270895 0.00270895 2 5 3
0.0289812 0.0027076 0.0027076 2 5 3
0.0289773 0.00270625 0.00270625 2 5 3
0.0289735 0.0027049 0.0027049 2 5 3
0.0289697 0.00270356 0.00270356 2 5 3
0.0289659 0.00270222 0.00270222 2 5 3
0.0289621 0.00270088 0.00270088 2 5 3
0.0289583 0.00269954 0.00269954 2 5 3
0.0289545 0.00269821 0.00269821 2 5 3
0.0289508 0.00269688 0.00269688 2 5 3
0.028947 0.00269555 0.00269555 2 5 3
0.0289432 0.00269422 0.00269422 2 5 3
0.0289395 0.0026929 0.0026929 2 5 3
0.0289357 0.00269158 0.00269158 2 5 3
0.028932 0.00269026 0.00269026 2 5 3
0.0289283 0.00268894 0.00268894 2 5 3
0.0289245 0.00268763 0.00268763 2 5 3
0.0289208 0.00268632 0.00268632 2 5 3
0.0289171 0.00268501 0.00268501 2 5 3
0.0289134 0.00268371 0.00268371 2 5 3
0.0289097 0.00268241 0.00268241 2 5 3
0.028906 0.00268111 0.00268111 2 5 3
0.0289024 0.00267981 0.00267981 2 5 3
0.0288987 0.00267851 0.00267851 2 5 3
0.028895 0.00267722 0.00267722 2 5 3
0.0288914 0.00267593 0.00267593 2 5 3
0.0288877 0.00267465 0.00267465 2 5 3
0.0288841 0.00267336 0.00267336 2 5 3
0.0288804 0.00267208 0.00267208 2 5 3
0.0288768 0.0026708 0.0026708 2 5 3
0.0288732 0.00266952 0.00266952 2 5 3
0.0288696 0.00266825 0.00266825 2 5 3
0.028866 0.00266698 0.00266698 2 5 3
0.0288624 0.00266571 0.00266571 2 5 3
0.0288588 0.00266444 0.00266444 2 5 3
0.0288552 0.00266318 0.00266318 2 5 3
0.0288516 0.00266192 0.00266192 2 5 3
0.028848 0.00266066 0.00266066 2 5 3
0.0288445 0.0026594 0.0026594 2 5 3
0.0288409 0.00265815 0.00265815 2 5 3
0.0288374 0.0026569 0.0026569 2 5 3
0.0288338 0.00265565 0.00265565 2 5 3
0.0288303 0.0026544 0.0026544 2 5 3
0.0288268 0.00265316 0.00265316 2 5 3
0.0288233 0.00265192 0.00265192 2 5 3
0.0288197 0.00265068 0.00265068 2 5 3
0.0288162 0.00264944 0.00264944 2 5 3
0.0288127 0.0026482 0.0026482 2 5 3
0.0288092 0.00264697 0.00264697 2 5 3
0.0288057 0.00264574 0.00264574 2 5 3
0.0288023 0.00264452 0.00264452 2 5 3
0.0287988 0.00264329 0.00264329 2 5 3
0.0287953 0.00264207 0.00264207 2 5 3
0.0287919 0.00264085 0.00264085 2 5 3
0.0287884 0.00263963 0.00263963 2 5 3
0.028785 0.00263842 0.00263842 2 5 3
0.0287815 0.0026372 0.0026372 2 5 3
0.0287781 0.00263599 0.00263599 2 5 3
0.0287747 0.00263479 0.00263479 2 5 3
0.0287713 0.00263358 0.00263358 2 5 3
0.0287678 0.00263238 0.00263238 2 5 3
0.0287644 0.00263117 0.00263117 2 5 3
0.028761 0.00262998 0.00262998 2 5 3
0.0287576 0.00262878 0.00262878 2 5 3
0.0287543 0.00262759 0.00262759 2 5 3
0.0287509 0.00262639 0.00262639 2 5 3
0.0287475 0.0026252 0.0026252 2 5 3
0.0287441 0.00262402 0.00262402 2 5 3
0.0287408 0.00262283 0.00262283 2 5 3
0.0287374 0.00262165 0.00262165 2 5 3
0.0287341 0.00262047 0.00262047 2 5 3
0.0287307 0.00261929 0.00261929 2 5 3
0.0287274 0.00261812 0.00261812 2 5 3
0.0287241 0.00261694 0.00261694 2 5 3
0.0287208 0.00261577 0.00261577 2 5 3
0.0287174 0.0026146 0.0026146 2 5 3
0.0287141 0.00261344 0.00261344 2 5 3
0.0287108 0.00261227 0.00261227 2 5 3
0.0287075 0.00261111 0.00261111 2 5 3
0.0287042 0.00260995 0.00260995 2 5 3
0.028701 0.00260879 0.00260879 2 5 3
0.0286977 0.00260764 0.00260764 2 5 3
0.0286944 0.00260648 0.00260648 2 5 3
0.0286912 0.00260533 0.00260533 2 5 3
0.0286879 0.00260418 0.00260418 2 5 3
0.0286846 0.00260304 0.00260304 2 5 3
0.0286814 0.00260189 0.00260189 2 5 3
0.0286782 0.00260075 0.00260075 2 5 3
0.0286749 0.00259961 0.00259961 2 5 3
0.0286717 0.00259847 0.00259847 2 5 3
0.0286685 0.00259734 0.00259734 2 5 3
0.0286653 0.0025962 0.0025962 2 5 3
0.0286621 0.00259507 0.00259507 2 5 3
0.0286589 0.00259394 0.00259394 2 5 3
0.0286557 0.00259282 0.00259282 2 5 3
0.0286525 0.00259169 0.00259169 2 5 3
0.0286493 0.00259057 0.00259057 2 5 3
0.0286461 0.00258945 0.00258945 2 5 3
0.0286429 0.00258833 0.00258833 2 5 3
0.0286398 0.00258721 0.00258721 2 5 3
0.0286366 0.0025861 0.0025861 2 5 3
0.0286335 0.00258499 0.00258499 2 5 3
0.0286303 0.00258388 0.00258388 2 5 3
0.0286272 0.00258277 0.00258277 2 5 3
0.028624 0.00258166 0.00258166 2 5 3
0.0286209 0.00258056 0.00258056 2 5 3
0.0286178 0.00257946 0.00257946 2 5 3
0.0286147 0.00257836 0.00257836 2 5 3
0.0286115 0.00257726 0.00257726 2 5 3
0.0286084 0.00257617 0.00257617 2 5 3
0.0286053 0.00257507 0.00257507 2 5 3
0.0286022 0.00257398 0.00257398 2 5 3
0.0285992 0.00257289 0.00257289 2 5 3
0.0285961 0.0025718 0.0025718 2 5 3
0.028593 0.00257072 0.00257072 2 5 3
0.0285899 0.00256964 0.00256964 2 5 3
0.0285869 0.00256856 0.00256856 2 5 3
0.0285838 0.00256748 0.00256748 2 5 3
0.0285807 0.0025664 0.0025664 2 5 3
0.0285777 0.00256532 0.00256532 2 5 3
0.0285747 0.00256425 0.00256425 2 5 3
0.0285716 0.00256318 0.00256318 2 5 3
0.0285686 0.00256211 0.00256211 2 5 3
0.0285656 0.00256104 0.00256104 2 5 3
0.0285625 0.00255998 0.00255998 2 5 3
0.0285595 0.00255892 0.00255892 2 5 3
0.0285565 0.00255786 0.00255786 2 5 3
0.0285535 0.0025568 0.0025568 2 5 3
0.0285505 0.00255574 0.00255574 2 5 3
0.0285475 0.00255468 0.00255468 2 5 3
0.0285445 0.00255363 0.00255363 2 5 3
0.0285416 0.00255258 0.00255258 2 5 3
0.0285386 0.00255153 0.00255153 2 5 3
0.0285356 0.00255048 0.00255048 2 5 3
0.0285326 0.00254944 0.00254944 2 5 3
0.0285297 0.0025484 0.0025484 2 5 3
0.0285267 0.00254735 0.00254735 2 5 3
0.0285238 0.00254631 0.00254631 2 5 3
0.0285208 0.00254528 0.00254528 2 5 3
0.0285179 0.00254424 0.00254424 2 5 3
0.028515 0.00254321 0.00254321 2 5 3
0.0285121 0.00254218 0.00254218 2 5 3
0.0285091 0.00254115 0.00254115 2 5 3
0.0285062 0.00254012 0.00254012 2 5 3
0.0285033 0.00253909 0.00253909 2 5 3
0.0285004 0.00253807 0.00253807 2 5 3
0.0284975 0.00253705 0.00253705 2 5 3
0.0284946 0.00253603 0.00253603 2 5 3
0.0284917 0.00253501 0.00253501 2 5 3
0.0284888 0.00253399 0.00253399 2 5 3
0.028486 0.00253298 0.00253298 2 5 3
0.0284831 0.00253196 0.00253196 2 5 3
0.0284802 0.00253095 0.00253095 2 5 3
0.0284774 0.00252994 0.00252994 2 5 3
0.0284745 0.00252894 0.00252894 2 5 3
0.0284717 0.00252793 0.00252793 2 5 3
0.0284688 0.00252693 0.00252693 2 5 3
0.028466 0.00252592 0.00252592 2 5 3
0.0284631 0.00252492 0.00252492 2 5 3
0.0284603 0.00252393 0.00252393 2 5 3
0.0284575 0.00252293 0.00252293 2 5 3
0.0284547 0.00252194 0.00252194 2 5 3
0.0284518 0.00252094 0.00252094 2 5 3
0.028449 0.00251995 0.00251995 2 5 3
0.0284462 0.00251896 0.00251896 2 5 3
0.0284434 0.00251798 0.00251798 2 5 3
0.0284406 0.00251699 0.00251699 2 5 3
0.0284378 0.00251601 0.00251601 2 5 3
0.0284351 0.00251502 0.00251502 2 5 3
0.0284323 0.00251404 0.00251404 2 5 3
0.0284295 0.00251307 0.00251307 2 5 3
0.0284267 0.00251209 0.00251209 2 5 3
0.028424 0.00251112 0.00251112 2 5 3
0.0284212 0.00251014 0.00251014 2 5 3
0.0284185 0.00250917 0.00250917 2 5 3
0.0284157 0.0025082 0.0025082 2 5 3
0.028413 0.00250723 0.00250723 2 5 3
0.0284102 0.00250627 0.00250627 2 5 3
0.0284075 0.0025053 0.0025053 2 5 3
0.0284048 0.00250434 0.00250434 2 5 3
0.028402 0.00250338 0.00250338 2 5 3
0.0283993 0.00250242 0.00250242 2 5 3
0.0283966 0.00250146 0.00250146 2 5 3
0.0283939 0.00250051 0.00250051 2 5 3
0.0283912 0.00249956 0.00249956 2 5 3
0.0283885 0.0024986 0.0024986 2 5 3
0.0283858 0.00249765 0.00249765 2 5 3
0.0283831 0.0024967 0.0024967 2 5 3
0.0283804 0.00249576 0.00249576 2 5 3
0.0283777 0.00249481 0.00249481 2 5 3
0.0283751 0.00249387 0.00249387 2 5 3
0.0283724 0.00249293 0.00249293 2 5 3
0.0283697 0.00249199 0.00249199 2 5 3
0.0283671 0.00249105 0.00249105 2 5 3
0.0283644 0.00249011 0.00249011 2 5 3
0.0283618 0.00248918 0.00248918 2 5 3
0.0283591 0.00248824 0.00248824 2 5 3
0.0283565 0.00248731 0.00248731 2 5 3
0.0283538 0.00248638 0.00248638 2 5 3
0.0283512 0.00248545 0.00248545 2 5 3
0.0283486 0.00248453 0.00248453 2 5 3
0.0283459 0.0024836 0.0024836 2 5 3
0.0283433 0.00248268 0.00248268 2 5 3
0.0283407 0.00248176 0.00248176 2 5 3
0.0283381 0.00248083 0.00248083 2 5 3
0.0283355 0.00247992 0.00247992 2 5 3
0.0283329 0.002479 0.002479 2 5 3
0.0283303 0.00247808 0.00247808 2 5 3
0.0283277 0.00247717 0.00247717 2 5 3
0.0283251 0.00247626 0.00247626 2 5 3
0.0283225 0.00247535 0.00247535 2 5 3
0.02832 0.00247444 0.00247444 2 5 3
0.0283174 0.00247353 0.00247353 2 5 3
0.0283148 0.00247263 0.00247263 2 5 3
0.0283123 0.00247172 0.00247172 2 5 3
0.0283097 0.00247082 0.00247082 2 5 3
0.0283071 0.00246992 0.00246992 2 5 3
0.0283046 0.00246902 0.00246902 2 5 3
0.028302 0.00246812 0.00246812 2 5 3
0.0282995 0.00246723 0.00246723 2 5 3
0.028297 0.00246633 0.00246633 2 5 3
0.0282944 0.00246544 0.00246544 2 5 3
0.0282919 0.00246455 0.00246455 2 5 3
0.0282894 0.00246366 0.00246366 2 5 3
0.0282869 0.00246277 0.00246277 2 5 3
0.0282844 0.00246188 0.00246188 2 5 3
0.0282818 0.002461 0.002461 2 5 3
0.0282793 0.00246012 0.00246012 2 5 3
0.0282768 0.00245923 0.00245923 2 5 3
0.0282743 0.00245835 0.00245835 2 5 3
0.0282718 0.00245747 0.00245747 2 5 3
0.0282694 0.0024566 0.0024566 2 5 3
0.0282669 0.00245572 0.00245572 2 5 3
0.0282644 0.00245485 0.00245485 2 5 3
0.0282619 0.00245397 0.00245397 2 5 3
0.0282595 0.0024531 0.0024531 2 5 3
0.028257 0.00245223 0.00245223 2 5 3
0.0282545 0.00245137 0.00245137 2 5 3
0.0282521 0.0024505 0.0024505 2 5 3
0.0282496 0.00244963 0.00244963 2 5 3
0.0282472 0.00244877 0.00244877 2 5 3
0.0282447 0.00244791 0.00244791 2 5 3
0.0282423 0.00244705 0.00244705 2 5 3
0.0282398 0.00244619 0.00244619 2 5 3
0.0282374 0.00244533 0.00244533 2 5 3
0.028235 0.00244447 0.00244447 2 5 3
0.0282326 0.00244362 0.00244362 2 5 3
0.0282301 0.00244277 0.00244277 2 5 3
0.0282277 0.00244192 0.00244192 2 5 3
0.0282253 0.00244106 0.00244106 2 5 3
0.0282229 0.00244022 0.00244022 2 5 3
0.0282205 0.00243937 0.00243937 2 5 3
0.0282181 0.00243852 0.00243852 2 5 3
0.0282157 0.00243768 0.00243768 2 5 3
0.0282133 0.00243684 0.00243684 2 5 3
0.0282109 0.00243599 0.00243599 2 5 3
0.0282086 0.00243515 0.00243515 2 5 3
0.0282062 0.00243432 0.00243432 2 5 3
0.0282038 0.00243348 0.00243348 2 5 3
0.0282014 0.00243264 0.00243264 2 5 3
0.0281991 0.00243181 0.00243181 2 5 3
0.0281967 0.00243098 0.00243098 2 5 3
0.0281944 0.00243015 0.00243015 2 5 3
0.028192 0.00242932 0.00242932 2 5 3
0.0281896 0.00242849 0.00242849 2 5 3
0.0281873 0.00242766 0.00242766 2 5 3
0.028185 0.00242683 0.00242683 2 5 3
0.0281826 0.00242601 0.00242601 2 5 3
0.0281803 0.00242519 0.00242519 2 5 3
0.028178 0.00242437 0.00242437 2 5 3
0.0281756 0.00242355 0.00242355 2 5 3
0.0281733 0.00242273 0.00242273 2 5 3
0.028171 0.00242191 0.00242191 2 5 3
0.0281687 0.0024211 0.0024211 2 5 3
0.0281664 0.00242028 0.00242028 2 5 3
0.0281641 0.00241947 0.00241947 2 5 3
0.0281618 0.00241866 0.00241866 2 5 3
0.0281595 0.00241785 0.00241785 2 5 3
0.0281572 0.00241704 0.00241704 2 5 3
0.0281549 0.00241623 0.00241623 2 5 3
0.0281526 0.00241542 0.00241542 2 5 3
0.0281503 0.00241462 0.00241462 2 5 3
0.028148 0.00241382 0.00241382 2 5 3
0.0281458 0.00241301 0.00241301 2 5 3
0.0281435 0.00241221 0.00241221 2 5 3
0.0281412 0.00241142 0.00241142 2 5 3
0.028139 0.00241062 0.00241062 2 5 3
0.0281367 0.00240982 0.00240982 2 5 3
0.0281345 0.00240903 0.00240903 2 5 3
0.0281322 0.00240823 0.00240823 2 5 3
0.02813 0.00240744 0.00240744 2 5 3
0.0281277 0.00240665 0.00240665 2 5 3
0.0281255 0.00240586 0.00240586 2 5 3
0.0281232 0.00240507 0.00240507 2 5 3
0.028121 0.00240428 0.00240428 2 5 3
0.0281188 0.0024035 0.0024035 2 5 3
0.0281166 0.00240271 0.00240271 2 5 3
0.0281143 0.00240193 0.00240193 2 5 3
0.0281121 0.00240115 0.00240115 2 5 3
0.0281099 0.00240037 0.00240037 2 5 3
0.0281077 0.00239959 0.00239959 2 5 3
0.0281055 0.00239881 0.00239881 2 5 3
0.0281033 0.00239803 0.00239803 2 5 3
0.0281011 0.00239726 0.00239726 2 5 3
0.0280989 0.00239649 0.00239649 2 5 3
0.0280967 0.00239571 0.00239571 2 5 3
0.0280945 0.00239494 0.00239494 2 5 3
0.0280923 0.00239417 0.00239417 2 5 3
0.0280902 0.0023934 0.0023934 2 5 3
0.028088 0.00239264 0.00239264 2 5 3
0.0280858 0.00239187 0.00239187 2 5 3
0.0280836 0.0023911 0.0023911 2 5 3
0.0280815 0.00239034 0.00239034 2 5 3
0.0280793 0.00238958 0.00238958 2 5 3
0.0280772 0.00238882 0.00238882 2 5 3
0.028075 0.00238806 0.00238806 2 5 3
0.0280728 0.0023873 0.0023873 2 5 3
0.0280707 0.00238654 0.00238654 2 5 3
0.0280686 0.00238579 0.00238579 2 5 3
0.0280664 0.00238503 0.00238503 2 5 3
0.0280643 0.00238428 0.00238428 2 5 3
0.0280621 0.00238353 0.00238353 2 5 3
0.02806 0.00238277 0.00238277 2 5 3
0.0280579 0.00238203 0.00238203 2 5 3
0.0280558 0.00238128 0.00238128 2 5 3
0.0280536 0.00238053 0.00238053 2 5 3
0.0280515 0.00237978 0.00237978 2 5 3
0.0280494 0.00237904 0.00237904 2 5 3
0.0280473 0.0023783 0.0023783 2 5 3
0.0280452 0.00237755 0.00237755 2 5 3
0.0280431 0.00237681 0.00237681 2 5 3
0.028041 0.00237607 0.00237607 2 5 3
0.0280389 0.00237533 0.00237533 2 5 3
0.0280368 0.0023746 0.0023746 2 5 3
0.0280347 0.00237386 0.00237386 2 5 3
0.0280327 0.00237313 0.00237313 2 5 3
0.0280306 0.00237239 0.00237239 2 5 3
0.0280285 0.00237166 0.00237166 2 5 3
0.0280264 0.00237093 0.00237093 2 5 3
0.0280243 0.0023702 0.0023702 2 5 3
0.0280223 0.00236947 0.00236947 2 5 3
0.0280202 0.00236874 0.00236874 2 5 3
0.0280182 0.00236802 0.00236802 2 5 3
0.0280161 0.00236729 0.00236729 2 5 3
0.028014 0.00236657 0.00236657 2 5 3
0.028012 0.00236584 0.00236584 2 5 3
0.02801 0.00236512 0.00236512 2 5 3
0.0280079 0.0023644 0.0023644 2 5 3
0.0280059 0.00236368 0.00236368 2 5 3
0.0280038 0.00236296 0.00236296 2 5 3
0.0280018 0.00236225 0.00236225 2 5 3
0.0279998 0.00236153 0.00236153 2 5 3
0.0279977 0.00236082 0.00236082 2 5 3
0.0279957 0.0023601 0.0023601 2 5 3
0.0279937 0.00235939 0.00235939 2 5 3
0.0279917 0.00235868 0.00235868 2 5 3
0.0279897 0.00235797 0.00235797 2 5 3
0.0279877 0.00235726 0.00235726 2 5 3
0.0279857 0.00235655 0.00235655 2 5 3
0.0279836 0.00235585 0.00235585 2 5 3
0.0279816 0.00235514 0.00235514 2 5 3
0.0279797 0.00235444 0.00235444 2 5 3
0.0279777 0.00235373 0.00235373 2 5 3
0.0279757 0.00235303 0.00235303 2 5 3
0.0279737 0.00235233 0.00235233 2 5 3
0.0279717 0.00235163 0.00235163 2 5 3
0.0279697 0.00235093 0.00235093 2 5 3
0.0279677 0.00235024 0.00235024 2 5 3
0.0279658 0.00234954 0.00234954 2 5 3
0.0279638 0.00234884 0.00234884 2 5 3
0.0279618 0.00234815 0.00234815 2 5 3
0.0279599 0.00234746 0.00234746 2 5 3
0.0279579 0.00234677 0.00234677 2 5 3
0.0279559 0.00234608 0.00234608 2 5 3
0.027954 0.00234539 0.00234539 2 5 3
0.027952 0.0023447 0.0023447 2 5 3
0.0279501 0.00234401 0.00234401 2 5 3
0.0279481 0.00234332 0.00234332 2 5 3
0.0279462 0.00234264 0.00234264 2 5 3
0.0279443 0.00234196 0.00234196 2 5 3
0.0279423 0.00234127 0.00234127 2 5 3
0.0279404 0.00234059 0.00234059 2 5 3
0.0279385 0.00233991 0.00233991 2 5 3
0.0279365 0.00233923 0.00233923 2 5 3
0.0279346 0.00233855 0.00233855 2 5 3
0.0279327 0.00233787 0.00233787 2 5 3
0.0279308 0.0023372 0.0023372 2 5 3
0.0279289 0.00233652 0.00233652 2 5 3
0.0279269 0.00233585 0.00233585 2 5 3
0.027925 0.00233518 0.00233518 2 5 3
0.0279231 0.0023345 0.0023345 2 5 3
0.0279212 0.00233383 0.00233383 2 5 3
0.0279193 0.00233316 0.00233316 2 5 3
0.0279174 0.0023325 0.0023325 2 5 3
0.0279155 0.00233183 0.00233183 2 5 3
0.0279136 0.00233116 0.00233116 2 5 3
0.0279118 0.0023305 0.0023305 2 5 3
0.0279099 0.00232983 0.00232983 2 5 3
0.027908 0.00232917 0.00232917 2 5 3
0.0279061 0.00232851 0.00232851 2 5 3
0.0279042 0.00232784 0.00232784 2 5 3
0.0279024 0.00232718 0.00232718 2 5 3
0.0279005 0.00232652 0.00232652 2 5 3
0.0278986 0.00232587 0.00232587 2 5 3
0.0278968 0.00232521 0.00232521 2 5 3
0.0278949 0.00232455 0.00232455 2 5 3
0.0278931 0.0023239 0.0023239 2 5 3
0.0278912 0.00232324 0.00232324 2 5 3
0.0278893 0.00232259 0.00232259 2 5 3
0.0278875 0.00232194 0.00232194 2 5 3
0.0278857 0.00232129 0.00232129 2 5 3
0.0278838 0.00232064 0.00232064 2 5 3
0.027882 0.00231999 0.00231999 2 5 3
0.0278801 0.00231934 0.00231934 2 5 3
0.0278783 0.0023187 0.0023187 2 5 3
0.0278765 0.00231805 0.00231805 2 5 3
0.0278746 0.00231741 0.00231741 2 5 3
0.0278728 0.00231676 0.00231676 2 5 3
0.027871 0.00231612 0.00231612 2 5 3
0.0278692 0.00231548 0.00231548 2 5 3
0.0278674 0.00231484 0.00231484 2 5 3
0.0278655 0.0023142 0.0023142 2 5 3
0.0278637 0.00231356 0.00231356 2 5 3
0.0278619 0.00231292 0.00231292 2 5 3
0.0278601 0.00231229 0.00231229 2 5 3
0.0278583 0.00231165 0.00231165 2 5 3
0.0278565 0.00231102 0.00231102 2 5 3
0.0278547 0.00231038 0.00231038 2 5 3
0.0278529 0.00230975 0.00230975 2 5 3
0.0278511 0.00230912 0.00230912 2 5 3
0.0278493 0.00230849 0.00230849 2 5 3
0.0278476 0.00230786 0.00230786 2 5 3
0.0278458 0.00230723 0.00230723 2 5 3
0.027844 0.0023066 0.0023066 2 5 3
0.0278422 0.00230598 0.00230598 2 5 3
0.0278404 0.00230535 0.00230535 2 5 3
0.0278387 0.00230472 0.00230472 2 5 3
0.0278369 0.0023041 0.0023041 2 5 3
0.0278351 0.00230348 0.00230348 2 5 3
0.0278334 0.00230286 0.00230286 2 5 3
0.0278316 0.00230224 0.00230224 2 5 3
0.0278299 0.00230162 0.00230162 2 5 3
0.0278281 0.002301 0.002301 2 5 3
0.0278264 0.00230038 0.00230038 2 5 3
0.0278246 0.00229976 0.00229976 2 5 3
0.0278229 0.00229915 0.00229915 2 5 3
0.0278211 0.00229853 0.00229853 2 5 3
0.0278194 0.00229792 0.00229792 2 5 3
0.0278176 0.0022973 0.0022973 2 5 3
0.0278159 0.00229669 0.00229669 2 5 3
0.0278142 0.00229608 0.00229608 2 5 3
0.0278124 0.00229547 0.00229547 2 5 3
0.0278107 0.00229486 0.00229486 2 5 3
0.027809 0.00229425 0.00229425 2 5 3
0.0278073 0.00229365 0.00229365 2 5 3
0.0278055 0.00229304 0.00229304 2 5 3
0.0278038 0.00229243 0.00229243 2 5 3
0.0278021 0.00229183 0.00229183 2 5 3
0.0278004 0.00229123 0.00229123 2 5 3
0.0277987 0.00229062 0.00229062 2 5 3
0.027797 0.00229002 0.00229002 2 5 3
0.0277953 0.00228942 0.00228942 2 5 3
0.0277936 0.00228882 0.00228882 2 5 3
0.0277919 0.00228822 0.00228822 2 5 3
0.0277902 0.00228762 0.00228762 2 5 3
0.0277885 0.00228703 0.00228703 2 5 3
0.0277868 0.00228643 0.00228643 2 5 3
0.0277851 0.00228584 0.00228584 2 5 3
0.0277834 0.00228524 0.00228524 2 5 3
0.0277817 0.00228465 0.00228465 2 5 3
0.0277801 0.00228406 0.00228406 2 5 3
0.0277784 0.00228346 0.00228346 2 5 3
0.0277767 0.00228287 0.00228287 2 5 3
0.027775 0.00228228 0.00228228 2 5 3
0.0277734 0.00228169 0.00228169 2 5 3
0.0277717 0.00228111 0.00228111 2 5 3
0.02777 0.00228052 0.00228052 2 5 3
0.0277684 0.00227993 0.00227993 2 5 3
0.0277667 0.00227935 0.00227935 2 5 3
0.0277651 0.00227876 0.00227876 2 5 3
0.0277634 0.00227818 0.00227818 2 5 3
0.0277617 0.0022776 0.0022776 2 5 3
0.0277601 0.00227702 0.00227702 2 5 3
0.0277585 0.00227643 0.00227643 2 5 3
0.0277568 0.00227585 0.00227585 2 5 3
0.0277552 0.00227528 0.00227528 2 5 3
0.0277535 0.0022747 0.0022747 2 5 3
0.0277519 0.00227412 0.00227412 2 5 3
0.0277503 0.00227354 0.00227354 2 5 3
0.0277486 0.00227297 0.00227297 2 5 3
0.027747 0.00227239 0.00227239 2 5 3
0.0277454 0.00227182 0.00227182 2 5 3
0.0277437 0.00227125 0.00227125 2 5 3
0.0277421 0.00227068 0.00227068 2 5 3
0.0277405 0.0022701 0.0022701 2 5 3
0.0277389 0.00226953 0.00226953 2 5 3
0.0277373 0.00226896 0.00226896 2 5 3
0.0277357 0.0022684 0.0022684 2 5 3
0.027734 0.00226783 0.00226783 2 5 3
0.0277324 0.00226726 0.00226726 2 5 3
0.0277308 0.0022667 0.0022667 2 5 3
0.0277292 0.00226613 0.00226613 2 5 3
0.0277276 0.00226557 0.00226557 2 5 3
0.027726 0.002265 0.002265 2 5 3
0.0277244 0.00226444 0.00226444 2 5 3
0.0277228 0.00226388 0.00226388 2 5 3
0.0277213 0.00226332 0.00226332 2 5 3
0.0277197 0.00226276 0.00226276 2 5 3
0.0277181 0.0022622 0.0022622 2 5 3
0.0277165 0.00226164 0.00226164 2 5 3
0.0277149 0.00226108 0.00226108 2 5 3
0.0277133 0.00226053 0.00226053 2 5 3
0.0277118 0.00225997 0.00225997 2 5 3
0.0277102 0.00225941 0.00225941 2 5 3
0.0277086 0.00225886 0.00225886 2 5 3
0.027707 0.00225831 0.00225831 2 5 3
0.0277055 0.00225775 0.00225775 2 5 3
0.0277039 0.0022572 0.0022572 2 5 3
0.0277023 0.00225665 0.00225665 2 5 3
0.0277008 0.0022561 0.0022561 2 5 3
0.0276992 0.00225555 0.00225555 2 5 3
0.0276977 0.002255 0.002255 2 5 3
0.0276961 0.00225446 0.00225446 2 5 3
0.0276946 0.00225391 0.00225391 2 5 3
0.027693 0.00225336 0.00225336 2 5 3
0.0276915 0.00225282 0.00225282 2 5 3
0.0276899 0.00225228 0.00225228 2 5 3
0.0276884 0.00225173 0.00225173 2 5 3
0.0276869 0.00225119 0.00225119 2 5 3
0.0276853 0.00225065 0.00225065 2 5 3
0.0276838 0.00225011 0.00225011 2 5 3
0.0276823 0.00224957 0.00224957 2 5 3
0.0276807 0.00224903 0.00224903 2 5 3
0.0276792 0.00224849 0.00224849 2 5 3
0.0276777 0.00224795 0.00224795 2 5 3
0.0276761 0.00224741 0.00224741 2 5 3
0.0276746 0.00224688 0.00224688 2 5 3
0.0276731 0.00224634 0.00224634 2 5 3
0.0276716 0.00224581 0.00224581 2 5 3
0.0276701 0.00224527 0.00224527 2 5 3
0.0276686 0.00224474 0.00224474 2 5 3
0.0276671 0.00224421 0.00224421 2 5 3
0.0276656 0.00224368 0.00224368 2 5 3
0.027664 0.00224315 0.00224315 2 5 3
0.0276625 0.00224262 0.00224262 2 5 3
0.027661 0.00224209 0.00224209 2 5 3
0.0276595 0.00224156 0.00224156 2 5 3
0.0276581 0.00224103 0.00224103 2 5 3
0.0276566 0.0022405 0.0022405 2 5 3
0.0276551 0.00223998 0.00223998 2 5 3
0.0276536 0.00223945 0.00223945 2 5 3
0.0276521 0.00223893 0.00223893 2 5 3
0.0276506 0.00223841 0.00223841 2 5 3
0.0276491 0.00223788 0.00223788 2 5 3
0.0276476 0.00223736 0.00223736 2 5 3
0.0276462 0.00223684 0.00223684 2 5 3
0.0276447 0.00223632 0.00223632 2 5 3
0.0276432 0.0022358 0.0022358 2 5 3
0.0276417 0.00223528 0.00223528 2 5 3
0.0276403 0.00223476 0.00223476 2 5 3
0.0276388 0.00223424 0.00223424 2 5 3
0.0276373 0.00223373 0.00223373 2 5 3
0.0276359 0.00223321 0.00223321 2 5 3
0.0276344 0.0022327 0.0022327 2 5 3
0.027633 0.00223218 0.00223218 2 5 3
0.0276315 0.00223167 0.00223167 2 5 3
0.02763 0.00223116 0.00223116 2 5 3
0.0276286 0.00223064 0.00223064 2 5 3
0.0276271 0.00223013 0.00223013 2 5 3
0.0276257 0.00222962 0.00222962 2 5 3
0.0276242 0.00222911 0.00222911 2 5 3
0.0276228 0.0022286 0.0022286 2 5 3
0.0276214 0.00222809 0.00222809 2 5 3
0.0276199 0.00222759 0.00222759 2 5 3
0.0276185 0.00222708 0.00222708 2 5 3
0.027617 0.00222657 0.00222657 2 5 3
0.0276156 0.00222607 0.00222607 2 5 3
0.0276142 0.00222556 0.00222556 2 5 3
0.0276128 0.00222506 0.00222506 2 5 3
0.0276113 0.00222455 0.00222455 2 5 3
0.0276099 0.00222405 0.00222405 2 5 3
0.0276085 0.00222355 0.00222355 2 5 3
0.0276071 0.00222305 0.00222305 2 5 3
0.0276056 0.00222255 0.00222255 2 5 3
0.0276042 0.00222205 0.00222205 2 5 3
0.0276028 0.00222155 0.00222155 2 5 3
0.0276014 0.00222105 0.00222105 2 5 3
0.0276 0.00222055 0.00222055 2 5 3
0.0275986 0.00222006 0.00222006 2 5 3
0.0275972 0.00221956 0.00221956 2 5 3
0.0275958 0.00221907 0.00221907 2 5 3
0.0275944 0.00221857 0.00221857 2 5 3
0.027593 0.00221808 0.00221808 2 5 3
0.0275916 0.00221759 0.00221759 2 5 3
0.0275902 0.00221709 0.00221709 2 5 3
0.0275888 0.0022166 0.0022166 2 5 3
0.0275874 0.00221611 0.00221611 2 5 3
0.027586 0.00221562 0.00221562 2 5 3
0.0275846 0.00221513 0.00221513 2 5 3
0.0275832 0.00221464 0.00221464 2 5 3
0.0275818 0.00221415 0.00221415 2 5 3
0.0275804 0.00221367 0.00221367 2 5 3
0.0275791 0.00221318 0.00221318 2 5 3
0.0275777 0.00221269 0.00221269 2 5 3
0.0275763 0.00221221 0.00221221 2 5 3
0.0275749 0.00221172 0.00221172 2 5 3
0.0275736 0.00221124 0.00221124 2 5 3
0.0275722 0.00221076 0.00221076 2 5 3
0.0275708 0.00221027 0.00221027 2 5 3
0.0275695 0.00220979 0.00220979 2 5 3
0.0275681 0.00220931 0.00220931 2 5 3
0.0275667 0.00220883 0.00220883 2 5 3
0.0275654 0.00220835 0.00220835 2 5 3
0.027564 0.00220787 0.00220787 2 5 3
0.0275627 0.00220739 0.00220739 2 5 3
0.0275613 0.00220691 0.00220691 2 5 3
0.0275599 0.00220644 0.00220644 2 5 3
0.0275586 0.00220596 0.00220596 2 5 3
0.0275572 0.00220548 0.00220548 2 5 3
0.0275559 0.00220501 0.00220501 2 5 3
0.0275546 0.00220454 0.00220454 2 5 3
0.0275532 0.00220406 0.00220406 2 5 3
0.0275519 0.00220359 0.00220359 2 5 3
0.0275505 0.00220312 0.00220312 2 5 3
0.0275492 0.00220264 0.00220264 2 5 3
0.0275479 0.00220217 0.00220217 2 5 3
0.0275465 0.0022017 0.0022017 2 5 3
0.0275452 0.00220123 0.00220123 2 5 3
0.0275439 0.00220076 0.00220076 2 5 3
0.0275425 0.0022003 0.0022003 2 5 3
0.0275412 0.00219983 0.00219983 2 5 3
0.0275399 0.00219936 0.00219936 2 5 3
0.0275386 0.0021989 0.0021989 2 5 3
0.0275372 0.00219843 0.00219843 2 5 3
0.0275359 0.00219796 0.00219796 2 5 3
0.0275346 0.0021975 0.0021975 2 5 3
0.0275333 0.00219704 0.00219704 2 5 3
0.027532 0.00219657 0.00219657 2 5 3
0.0275307 0.00219611 0.00219611 2 5 3
0.0275294 0.00219565 0.00219565 2 5 3
0.027528 0.00219519 0.00219519 2 5 3
0.0275267 0.00219473 0.00219473 2 5 3
0.0275254 0.00219427 0.00219427 2 5 3
0.0275241 0.00219381 0.00219381 2 5 3
0.0275228 0.00219335 0.00219335 2 5 3
0.0275215 0.00219289 0.00219289 2 5 3
0.0275202 0.00219244 0.00219244 2 5 3
0.0275189 0.00219198 0.00219198 2 5 3
0.0275177 0.00219152 0.00219152 2 5 3
0.0275164 0.00219107 0.00219107 2 5 3
0.0275151 0.00219061 0.00219061 2 5 3
0.0275138 0.00219016 0.00219016 2 5 3
0.0275125 0.00218971 0.00218971 2 5 3
0.0275112 0.00218925 0.00218925 2 5 3
0.0275099 0.0021888 0.0021888 2 5 3
0.0275087 0.00218835 0.00218835 2 5 3
0.0275074 0.0021879 0.0021879 2 5 3
0.0275061 0.00218745 0.00218745 2 5 3
0.0275048 0.002187 0.002187 2 5 3
0.0275036 0.00218655 0.00218655 2 5 3
0.0275023 0.0021861 0.0021861 2 5 3
0.027501 0.00218566 0.00218566 2 5 3
0.0274997 0.00218521 0.00218521 2 5 3
0.0274985 0.00218476 0.00218476 2 5 3
0.0274972 0.00218432 0.00218432 2 5 3
0.027496 0.00218387 0.00218387 2 5 3
0.0274947 0.00218343 0.00218343 2 5 3
0.0274934 0.00218298 0.00218298 2 5 3
0.0274922 0.00218254 0.00218254 2 5 3
0.0274909 0.0021821 0.0021821 2 5 3
0.0274897 0.00218165 0.00218165 2 5 3
0.0274884 0.00218121 0.00218121 2 5 3
0.0274872 0.00218077 0.00218077 2 5 3
0.0274859 0.00218033 0.00218033 2 5 3
0.0274847 0.00217989 0.00217989 2 5 3
0.0274834 0.00217945 0.00217945 2 5 3
0.0274822 0.00217902 0.00217902 2 5 3
0.0274809 0.00217858 0.00217858 2 5 3
0.0274797 0.00217814 0.00217814 2 5 3
0.0274785 0.0021777 0.0021777 2 5 3
0.0274772 0.00217727 0.00217727 2 5 3
0.027476 0.00217683 0.00217683 2 5 3
0.0274748 0.0021764 0.0021764 2 5 3
0.0274735 0.00217596 0.00217596 2 5 3
0.0274723 0.00217553 0.00217553 2 5 3
0.0274711 0.0021751 0.0021751 2 5 3
0.0274698 0.00217467 0.00217467 2 5 3
0.0274686 0.00217423 0.00217423 2 5 3
0.0274674 0.0021738 0.0021738 2 5 3
0.0274662 0.00217337 0.00217337 2 5 3
0.027465 0.00217294 0.00217294 2 5 3
0.0274637 0.00217251 0.00217251 2 5 3
0.0274625 0.00217208 0.00217208 2 5 3
0.0274613 0.00217166 0.00217166 2 5 3
0.0274601 0.00217123 0.00217123 2 5 3
0.0274589 0.0021708 0.0021708 2 5 3
0.0274577 0.00217038 0.00217038 2 5 3
0.0274565 0.00216995 0.00216995 2 5 3
0.0274553 0.00216952 0.00216952 2 5 3
0.0274541 0.0021691 0.0021691 2 5 3
0.0274529 0.00216868 0.00216868 2 5 3
0.0274517 0.00216825 0.00216825 2 5 3
0.0274505 0.00216783 0.00216783 2 5 3
0.0274493 0.00216741 0.00216741 2 5 3
0.0274481 0.00216699 0.00216699 2 5 3
0.0274469 0.00216656 0.00216656 2 5 3
0.0274457 0.00216614 0.00216614 2 5 3
0.0274445 0.00216572 0.00216572 2 5 3
0.0274433 0.0021653 0.0021653 2 5 3
0.0274421 0.00216489 0.00216489 2 5 3
0.0274409 0.00216447 0.00216447 2 5 3
0.0274397 0.00216405 0.00216405 2 5 3
0.0274386 0.00216363 0.00216363 2 5 3
0.0274374 0.00216322 0.00216322 2 5 3
0.0274362 0.0021628 0.0021628 2 5 3
0.027435 0.00216239 0.00216239 2 5 3
0.0274338 0.00216197 0.00216197 2 5 3
0.0274327 0.00216156 0.00216156 2 5 3
0.0274315 0.00216114 0.00216114 2 5 3
0.0274303 0.00216073 0.00216073 2 5 3
0.0274292 0.00216032 0.00216032 2 5 3
0.027428 0.0021599 0.0021599 2 5 3
0.0274268 0.00215949 0.00215949 2 5 3
0.0274257 0.00215908 0.00215908 2 5 3
0.0274245 0.00215867 0.00215867 2 5 3
0.0274233 0.00215826 0.00215826 2 5 3
0.0274222 0.00215785 0.00215785 2 5 3
0.027421 0.00215744 0.00215744 2 5 3
0.0274199 0.00215704 0.00215704 2 5 3
0.0274187 0.00215663 0.00215663 2 5 3
0.0274175 0.00215622 0.00215622 2 5 3
0.0274164 0.00215582 0.00215582 2 5 3
0.0274152 0.00215541 0.00215541 2 5 3
0.0274141 0.002155 0.002155 2 5 3
0.0274129 0.0021546 0.0021546 2 5 3
0.0274118 0.0021542 0.0021542 2 5 3
0.0274107 0.00215379 0.00215379 2 5 3
0.0274095 0.00215339 0.00215339 2 5 3
0.0274084 0.00215299 0.00215299 2 5 3
0.0274072 0.00215258 0.00215258 2 5 3
0.0274061 0.00215218 0.00215218 2 5 3
0.027405 0.00215178 0.00215178 2 5 3
0.0274038 0.00215138 0.00215138 2 5 3
0.0274027 0.00215098 0.00215098 2 5 3
0.0274015 0.00215058 0.00215058 2 5 3
0.0274004 0.00215018 0.00215018 2 5 3
0.0273993 0.00214978 0.00214978 2 5 3
0.0273982 0.00214939 0.00214939 2 5 3
0.027397 0.00214899 0.00214899 2 5 3
0.0273959 0.00214859 0.00214859 2 5 3
0.0273948 0.0021482 0.0021482 2 5 3
0.0273937 0.0021478 0.0021478 2 5 3
0.0273925 0.00214741 0.00214741 2 5 3
0.0273914 0.00214701 0.00214701 2 5 3
0.0273903 0.00214662 0.00214662 2 5 3
0.0273892 0.00214622 0.00214622 2 5 3
0.0273881 0.00214583 0.00214583 2 5 3
0.027387 0.00214544 0.00214544 2 5 3
0.0273859 0.00214505 0.00214505 2 5 3
0.0273847 0.00214466 0.00214466 2 5 3
0.0273836 0.00214427 0.00214427 2 5 3
0.0273825 0.00214387 0.00214387 2 5 3
0.0273814 0.00214349 0.00214349 2 5 3
0.0273803 0.0021431 0.0021431 2 5 3
0.0273792 0.00214271 0.00214271 2 5 3
0.0273781 0.00214232 0.00214232 2 5 3
0.027377 0.00214193 0.00214193 2 5 3
0.0273759 0.00214154 0.00214154 2 5 3
0.0273748 0.00214116 0.00214116 2 5 3
0.0273737 0.00214077 0.00214077 2 5 3
0.0273726 0.00214039 0.00214039 2 5 3
0.0273715 0.00214 0.00214 2 5 3
0.0273705 0.00213962 0.00213962 2 5 3
0.0273694 0.00213923 0.00213923 2 5 3
0.0273683 0.00213885 0.00213885 2 5 3
0.0273672 0.00213846 0.00213846 2 5 3
0.0273661 0.00213808 0.00213808 2 5 3
0.027365 0.0021377 0.0021377 2 5 3
0.0273639 0.00213732 0.00213732 2 5 3
0.0273629 0.00213694 0.00213694 2 5 3
0.0273618 0.00213656 0.00213656 2 5 3
0.0273607 0.00213618 0.00213618 2 5 3
0.0273596 0.0021358 0.0021358 2 5 3
0.0273585 0.00213542 0.00213542 2 5 3
0.0273575 0.00213504 0.00213504 2 5 3
0.0273564 0.00213466 0.00213466 2 5 3
0.0273553 0.00213428 0.00213428 2 5 3
0.0273543 0.00213391 0.00213391 2 5 3
0.0273532 0.00213353 0.00213353 2 5 3
0.0273521 0.00213315 0.00213315 2 5 3
0.0273511 0.00213278 0.00213278 2 5 3
0.02735 0.0021324 0.0021324 2 5 3
0.0273489 0.00213203 0.00213203 2 5 3
0.0273479 0.00213166 0.00213166 2 5 3
0.0273468 0.00213128 0.00213128 2 5 3
0.0273458 0.00213091 0.00213091 2 5 3
0.0273447 0.00213054 0.00213054 2 5 3
0.0273436 0.00213016 0.00213016 2 5 3
0.0273426 0.00212979 0.00212979 2 5 3
0.0273415 0.00212942 0.00212942 2 5 3
0.0273405 0.00212905 0.00212905 2 5 3
0.0273394 0.00212868 0.00212868 2 5 3
0.0273384 0.00212831 0.00212831 2 5 3
0.0273373 0.00212794 0.00212794 2 5 3
0.0273363 0.00212757 0.00212757 2 5 3
0.0273353 0.00212721 0.00212721 2 5 3
0.0273342 0.00212684 0.00212684 2 5 3
0.0273332 0.00212647 0.00212647 2 5 3
0.0273321 0.0021261 0.0021261 2 5 3
0.0273311 0.00212574 0.00212574 2 5 3
0.0273301 0.00212537 0.00212537 2 5 3
0.027329 0.00212501 0.00212501 2 5 3
0.027328 0.00212464 0.00212464 2 5 3
0.027327 0.00212428 0.00212428 2 5 3
0.0273259 0.00212391 0.00212391 2 5 3
0.0273249 0.00212355 0.00212355 2 5 3
0.0273239 0.00212319 0.00212319 2 5 3
0.0273228 0.00212282 0.00212282 2 5 3
0.0273218 0.00212246 0.00212246 2 5 3
0.0273208 0.0021221 0.0021221 2 5 3
0.0273198 0.00212174 0.00212174 2 5 3
0.0273187 0.00212138 0.00212138 2 5 3
0.0273177 0.00212102 0.00212102 2 5 3
0.0273167 0.00212066 0.00212066 2 5 3
0.0273157 0.0021203 0.0021203 2 5 3
0.0273147 0.00211994 0.00211994 2 5 3
0.0273136 0.00211958 0.00211958 2 5 3
0.0273126 0.00211923 0.00211923 2 5 3
0.0273116 0.00211887 0.00211887 2 5 3
0.0273106 0.00211851 0.00211851 2 5 3
0.0273096 0.00211816 0.00211816 2 5 3
0.0273086 0.0021178 0.0021178 2 5 3
0.0273076 0.00211744 0.00211744 2 5 3
0.0273066 0.00211709 0.00211709 2 5 3
0.0273056 0.00211673 0.00211673 2 5 3
0.0273046 0.00211638 0.00211638 2 5 3
0.0273036 0.00211603 0.00211603 2 5 3
0.0273026 0.00211567 0.00211567 2 5 3
0.0273016 0.00211532 0.00211532 2 5 3
0.0273006 0.00211497 0.00211497 2 5 3
0.0272996 0.00211462 0.00211462 2 5 3
0.0272986 0.00211427 0.00211427 2 5 3
0.0272976 0.00211392 0.00211392 2 5 3
0.0272966 0.00211356 0.00211356 2 5 3
0.0272956 0.00211321 0.00211321 2 5 3
0.0272946 0.00211287 0.00211287 2 5 3
0.0272936 0.00211252 0.00211252 2 5 3
0.0272926 0.00211217 0.00211217 2 5 3
0.0272916 0.00211182 0.00211182 2 5 3
0.0272906 0.00211147 0.00211147 2 5 3
0.0272897 0.00211112 0.00211112 2 5 3
0.0272887 0.00211078 0.00211078 2 5 3
0.0272877 0.00211043 0.00211043 2 5 3
0.0272867 0.00211009 0.00211009 2 5 3
0.0272857 0.00210974 0.00210974 2 5 3
0.0272848 0.0021094 0.0021094 2 5 3
0.0272838 0.00210905 0.00210905 2 5 3
0.0272828 0.00210871 0.00210871 2 5 3
0.0272818 0.00210836 0.00210836 2 5 3
0.0272808 0.00210802 0.00210802 2 5 3
0.0272799 0.00210768 0.00210768 2 5 3
0.0272789 0.00210733 0.00210733 2 5 3
0.0272779 0.00210699 0.00210699 2 5 3
0.027277 0.00210665 0.00210665 2 5 3
0.027276 0.00210631 0.00210631 2 5 3
0.027275 0.00210597 0.00210597 2 5 3
0.0272741 0.00210563 0.00210563 2 5 3
0.0272731 0.00210529 0.00210529 2 5 3
0.0272721 0.00210495 0.00210495 2 5 3
0.0272712 0.00210461 0.00210461 2 5 3
0.0272702 0.00210427 0.00210427 2 5 3
0.0272693 0.00210393 0.00210393 2 5 3
0.0272683 0.0021036 0.0021036 2 5 3
0.0272674 0.00210326 0.00210326 2 5 3
0.0272664 0.00210292 0.00210292 2 5 3
