0.0540577 0.02 0.02 2 2 3
0.0540488 0.0200145 0.0200145 2 2 3
0.05404 0.020029 0.020029 2 2 3
0.0540222 0.020058 0.020058 2 2 3
0.0539867 0.0201162 0.0201162 2 2 3
0.0539422 0.0201896 0.0201896 2 2 3
0.0538977 0.0202639 0.0202639 2 2 3
0.0538531 0.0203389 0.0203389 2 2 3
0.0538084 0.0204146 0.0204146 2 2 3
0.0537637 0.020491 0.020491 2 2 3
0.0537189 0.020568 0.020568 2 2 3
0.053674 0.0206458 0.0206458 2 2 3
0.0536291 0.0207243 0.0207243 2 2 3
0.0535842 0.0208036 0.0208036 2 2 3
0.0535392 0.0208836 0.0208836 2 2 3
0.0534942 0.0209643 0.0209643 2 2 3
0.0534492 0.0210457 0.0210457 2 2 3
0.0534041 0.0211279 0.0211279 2 2 3
0.053359 0.0212109 0.0212109 2 2 3
0.0533139 0.0212947 0.0212947 2 2 3
0.0532688 0.0213793 0.0213793 2 2 3
0.0532237 0.0214646 0.0214646 2 2 3
0.0531785 0.0215508 0.0215508 2 2 3
0.0531334 0.0216377 0.0216377 2 2 3
0.0530883 0.0217255 0.0217255 2 2 3
0.0530432 0.0218142 0.0218142 2 2 3
0.0529981 0.0219036 0.0219036 2 2 3
0.052953 0.021994 0.021994 2 2 3
0.052908 0.0220851 0.0220851 2 2 3
0.052863 0.0221772 0.0221772 2 2 3
0.052818 0.0222701 0.0222701 2 2 3
0.0527731 0.022364 0.022364 2 2 3
0.0527283 0.0224587 0.0224587 2 2 3
0.0526835 0.0225544 0.0225544 2 2 3
0.0526388 0.022651 0.022651 2 2 3
0.0525942 0.0227485 0.0227485 2 2 3
0.0525497 0.0228469 0.0228469 2 2 3
0.0525052 0.0229464 0.0229464 2 2 3
0.0524609 0.0230467 0.0230467 2 2 3
0.0524167 0.0231481 0.0231481 2 2 3
0.0523726 0.0232505 0.0232505 2 2 3
0.0523287 0.0233538 0.0233538 2 2 3
0.0522849 0.0234582 0.0234582 2 2 3
0.0522413 0.0235636 0.0235636 2 2 3
0.0521978 0.02367 0.02367 2 2 3
0.0521545 0.0237775 0.0237775 2 2 3
0.0521114 0.023886 0.023886 2 2 3
0.0520684 0.0239956 0.0239956 2 2 3
0.0520257 0.0241063 0.0241063 2 2 3
0.0519833 0.024218 0.024218 2 2 3
0.051941 0.0243309 0.0243309 2 2 3
0.051899 0.0244449 0.0244449 2 2 3
0.0518573 0.02456 0.02456 2 2 3
0.0518158 0.0246763 0.0246763 2 2 3
0.0517746 0.0247937 0.0247937 2 2 3
0.0517338 0.0249123 0.0249123 2 2 3
0.0516932 0.025032 0.025032 2 2 3
0.051653 0.025153 0.025153 2 2 3
0.0516131 0.0252752 0.0252752 2 2 3
0.0515736 0.0253985 0.0253985 2 2 3
0.0515345 0.0255231 0.0255231 2 2 3
0.0514958 0.025649 0.025649 2 2 3
0.0514575 0.0257761 0.0257761 2 2 3
0.0514196 0.0259044 0.0259044 2 2 3
0.0513822 0.0260341 0.0260341 2 2 3
0.0513452 0.026165 0.026165 2 2 3
0.0513088 0.0262973 0.0262973 2 2 3
0.0512728 0.0264308 0.0264308 2 2 3
0.0512374 0.0265657 0.0265657 2 2 3
0.0512025 0.026702 0.026702 2 2 3
0.0511682 0.0268395 0.0268395 2 2 3
0.0511346 0.0269785 0.0269785 2 2 3
0.0511015 0.0271189 0.0271189 2 2 3
0.0510691 0.0272606 0.0272606 2 2 3
0.0510373 0.0274038 0.0274038 2 2 3
0.0510063 0.0275484 0.0275484 2 2 3
0.0509759 0.0276944 0.0276944 2 2 3
0.0509463 0.0278418 0.0278418 2 2 3
0.0509175 0.0279908 0.0279908 2 2 3
0.0508895 0.0281412 0.0281412 2 2 3
0.0508623 0.0282931 0.0282931 2 2 3
0.0508359 0.0284465 0.0284465 2 2 3
0.0508105 0.0286014 0.0286014 2 2 3
0.0507859 0.0287578 0.0287578 2 2 3
0.0507624 0.0289158 0.0289158 2 2 3
0.0507398 0.0290753 0.0290753 2 2 3
0.0507182 0.0292364 0.0292364 2 2 3
0.0506976 0.029399 0.029399 2 2 3
0.0506793 0.0295649 0.0295649 2 2 3
0.050661 0.0297307 0.0297307 2 2 3
0.0506438 0.0298982 0.0298982 2 2 3
0.0506279 0.0300673 0.0300673 2 2 3
0.0506132 0.030238 0.030238 2 2 3
0.0505997 0.0304104 0.0304104 2 2 3
0.0505876 0.0305844 0.0305844 2 2 3
0.0505768 0.0307602 0.0307602 2 2 3
0.0505674 0.0309375 0.0309375 2 2 3
0.0505595 0.0311166 0.0311166 2 2 3
0.050553 0.0312974 0.0312974 2 2 3
0.0505481 0.0314798 0.0314798 2 2 3
0.0505447 0.031664 0.031664 2 2 3
0.050543 0.0318499 0.0318499 2 2 3
0.0505429 0.0320376 0.0320376 2 2 3
0.0505446 0.032227 0.032227 2 2 3
0.050548 0.0324181 0.0324181 2 2 3
0.0505533 0.032611 0.032611 2 2 3
0.0505604 0.0328057 0.0328057 2 2 3
0.0505695 0.0330021 0.0330021 2 2 3
0.0505806 0.0332003 0.0332003 2 2 3
0.0505937 0.0334003 0.0334003 2 2 3
0.0506089 0.0336021 0.0336021 2 2 3
0.0506263 0.0338057 0.0338057 2 2 3
0.0506459 0.0340111 0.0340111 2 2 3
0.0506678 0.0342182 0.0342182 2 2 3
0.050692 0.0344272 0.0344272 2 2 3
0.0507187 0.034638 0.034638 2 2 3
0.0507479 0.0348505 0.0348505 2 2 3
0.0507796 0.0350649 0.0350649 2 2 3
0.0508139 0.0352811 0.0352811 2 2 3
0.0508509 0.0354991 0.0354991 2 2 3
0.0508907 0.0357188 0.0357188 2 2 3
0.0509334 0.0359404 0.0359404 2 2 3
0.0509789 0.0361637 0.0361637 2 2 3
0.0510275 0.0363889 0.0363889 2 2 3
0.0510791 0.0366158 0.0366158 2 2 3
0.0511338 0.0368445 0.0368445 2 2 3
0.0511918 0.0370749 0.0370749 2 2 3
0.0512532 0.0373071 0.0373071 2 2 3
0.0513179 0.037541 0.037541 2 2 3
0.0513861 0.0377767 0.0377767 2 2 3
0.0514579 0.038014 0.038014 2 2 3
0.0515333 0.0382531 0.0382531 2 2 3
0.0516125 0.0384938 0.0384938 2 2 3
0.0516956 0.0387362 0.0387362 2 2 3
0.0517826 0.0389802 0.0389802 2 2 3
0.0518737 0.0392259 0.0392259 2 2 3
0.0519689 0.0394731 0.0394731 2 2 3
0.0520683 0.0397219 0.0397219 2 2 3
0.0521721 0.0399723 0.0399723 2 2 3
0.0522803 0.0402241 0.0402241 2 2 3
0.0523931 0.0404775 0.0404775 2 2 3
0.0525106 0.0407322 0.0407322 2 2 3
0.0526328 0.0409884 0.0409884 2 2 3
0.0527599 0.041246 0.041246 2 2 3
0.0528919 0.0415049 0.0415049 2 2 3
0.0530291 0.0417651 0.0417651 2 2 3
0.0531715 0.0420265 0.0420265 2 2 3
0.0533192 0.0422892 0.0422892 2 2 3
0.0534724 0.042553 0.042553 2 2 3
0.0536312 0.0428178 0.0428178 2 2 3
0.0537956 0.0430838 0.0430838 2 2 3
0.0539659 0.0433507 0.0433507 2 2 3
0.0541421 0.0436185 0.0436185 2 2 3
0.0543244 0.0438872 0.0438872 2 2 3
0.0545128 0.0441566 0.0441566 2 2 3
0.0547076 0.0444268 0.0444268 2 2 3
0.0549089 0.0446977 0.0446977 2 2 3
0.0551167 0.0449691 0.0449691 2 2 3
0.0553312 0.0452409 0.0452409 2 2 3
0.0555526 0.0455132 0.0455132 2 2 3
0.0557809 0.0457858 0.0457858 2 2 3
0.0560164 0.0460587 0.0460587 2 2 3
0.0562591 0.0463316 0.0463316 2 2 3
0.0565093 0.0466046 0.0466046 2 2 3
0.0567669 0.0468775 0.0468775 2 2 3
0.0570322 0.0471502 0.0471502 2 2 3
0.0573053 0.0474226 0.0474226 2 2 3
0.0575864 0.0476946 0.0476946 2 2 3
0.0578755 0.047966 0.047966 2 2 3
0.0581729 0.0482368 0.0482368 2 2 3
0.0584786 0.0485068 0.0485068 2 2 3
0.0587928 0.0487758 0.0487758 2 2 3
0.0591157 0.0490438 0.0490438 2 2 3
0.0594473 0.0493106 0.0493106 2 2 3
0.0597879 0.0495759 0.0495759 2 2 3
0.0601375 0.0498398 0.0498398 2 2 3
0.0604964 0.050102 0.050102 2 2 3
0.0608645 0.0503623 0.0503623 2 2 3
0.0612421 0.0506205 0.0506205 2 2 3
0.0616293 0.0508766 0.0508766 2 2 3
0.0620263 0.0511303 0.0511303 2 2 3
0.0624331 0.0513814 0.0513814 2 2 3
0.0628499 0.0516297 0.0516297 2 2 3
0.0632768 0.051875 0.051875 2 2 3
0.063714 0.0521172 0.0521172 2 2 3
0.0641615 0.0523559 0.0523559 2 2 3
0.0646194 0.052591 0.052591 2 2 3
0.065088 0.0528223 0.0528223 2 2 3
0.0655673 0.0530494 0.0530494 2 2 3
0.0660574 0.0532723 0.0532723 2 2 3
0.0665584 0.0534906 0.0534906 2 2 3
0.0670704 0.053704 0.053704 2 2 3
0.0675935 0.0539124 0.0539124 2 2 3
0.0681279 0.0541154 0.0541154 2 2 3
0.0686734 0.0543128 0.0543128 2 2 3
0.0692304 0.0545043 0.0545043 2 2 3
0.0697988 0.0546897 0.0546897 2 2 3
0.0703786 0.0548685 0.0548685 2 2 3
0.07097 0.0550406 0.0550406 2 2 3
0.0715731 0.0552056 0.0552056 2 2 3
0.0721877 0.0553632 0.0553632 2 2 3
0.0728141 0.0555131 0.0555131 2 2 3
0.0734521 0.055655 0.055655 2 2 3
0.0741019 0.0557885 0.0557885 2 2 3
0.0747634 0.0559133 0.0559133 2 2 3
0.0754367 0.0560291 0.0560291 2 2 3
0.0761217 0.0561355 0.0561355 2 2 3
0.0768184 0.0562321 0.0562321 2 2 3
0.0775267 0.0563186 0.0563186 2 2 3
0.0782467 0.0563947 0.0563947 2 2 3
0.0789783 0.0564599 0.0564599 2 2 3
0.0797214 0.0565139 0.0565139 2 2 3
0.0804759 0.0565564 0.0565564 2 2 3
0.0812418 0.0565868 0.0565868 2 2 3
0.0820189 0.0566049 0.0566049 2 2 3
0.0828071 0.0566102 0.0566102 2 2 3
0.0836063 0.0566023 0.0566023 2 2 3
0.0844164 0.0565809 0.0565809 2 2 3
0.0852371 0.0565455 0.0565455 2 2 3
0.0860682 0.0564957 0.0564957 2 2 3
0.0869097 0.0564311 0.0564311 2 2 3
0.0877612 0.0563514 0.0563514 2 2 3
0.0886226 0.056256 0.056256 2 2 3
0.0894936 0.0561446 0.0561446 2 2 3
0.0903739 0.0560168 0.0560168 2 2 3
0.0912632 0.0558721 0.0558721 2 2 3
0.0921613 0.0557102 0.0557102 2 2 3
0.0930678 0.0555306 0.0555306 2 2 3
0.0939824 0.0553329 0.0553329 2 2 3
0.0949046 0.0551166 0.0551166 2 2 3
0.0958342 0.0548815 0.0548815 2 2 3
0.0967707 0.054627 0.054627 2 2 3
0.0977137 0.0543529 0.0543529 2 2 3
0.0986627 0.0540586 0.0540586 2 2 3
0.0996173 0.0537438 0.0537438 2 2 3
0.100577 0.0534082 0.0534082 2 2 3
0.101541 0.0530513 0.0530513 2 2 3
0.102509 0.0526727 0.0526727 2 2 3
0.103481 0.0522722 0.0522722 2 2 3
0.104456 0.0518493 0.0518493 2 2 3
0.105433 0.0514038 0.0514038 2 2 3
0.106411 0.0509352 0.0509352 2 2 3
0.107391 0.0504434 0.0504434 2 2 3
0.108371 0.0499279 0.0499279 2 2 3
0.109351 0.0493885 0.0493885 2 2 3
0.110329 0.0488249 0.0488249 2 2 3
0.111306 0.0482369 0.0482369 2 2 3
0.112281 0.0476242 0.0476242 2 2 3
0.113252 0.0469866 0.0469866 2 2 3
0.114218 0.0463239 0.0463239 2 2 3
0.11518 0.0456359 0.0456359 2 2 3
0.116137 0.0449225 0.0449225 2 2 3
0.117086 0.0441834 0.0441834 2 2 3
0.118028 0.0434187 0.0434187 2 2 3
0.118962 0.0426282 0.0426282 2 2 3
0.119886 0.0418118 0.0418118 2 2 3
0.1208 0.0409695 0.0409695 2 2 3
0.121703 0.0401014 0.0401014 2 2 3
0.122593 0.0392073 0.0392073 2 2 3
0.123471 0.0382874 0.0382874 2 2 3
0.124334 0.0373418 0.0373418 2 2 3
0.125182 0.0363705 0.0363705 2 2 3
0.126014 0.0353738 0.0353738 2 2 3
0.126829 0.0343517 0.0343517 2 2 3
0.127626 0.0333045 0.0333045 2 2 3
0.128403 0.0322325 0.0322325 2 2 3
0.129161 0.031136 0.031136 2 2 3
0.129897 0.0300152 0.0300152 2 2 3
0.13061 0.0288705 0.0288705 2 2 3
0.1313 0.0277024 0.0277024 2 2 3
0.131966 0.0265113 0.0265113 2 2 3
0.132607 0.0252977 0.0252977 2 2 3
0.133221 0.024062 0.024062 2 2 3
0.133807 0.022805 0.022805 2 2 3
0.134365 0.0215271 0.0215271 2 2 3
0.134894 0.0202291 0.0202291 2 2 3
0.135392 0.0189116 0.0189116 2 2 3
0.135859 0.0175754 0.0175754 2 2 3
0.136293 0.0162212 0.0162212 2 2 3
0.136695 0.0148499 0.0148499 2 2 3
0.137062 0.0134624 0.0134624 2 2 3
0.137394 0.0120595 0.0120595 2 2 3
0.137691 0.0106423 0.0106423 2 2 3
0.137951 0.00921163 0.00921163 2 2 3
0.138174 0.00776863 0.00776863 2 2 3
0.138359 0.00631435 0.00631435 2 2 3
0.138506 0.00484989 0.00484989 2 2 3
0.138613 0.0033764 0.0033764 2 2 3
0.138681 0.00189507 0.00189507 2 2 3
0.138709 0.000407114 0.000407114 2 2 3
0.138696 -0.00108622 -0.00108622 2 2 3
0.138642 -0.00258365 -0.00258365 2 2 3
0.138546 -0.00408387 -0.00408387 2 2 3
0.138409 -0.00558553 -0.00558553 2 2 3
0.13823 -0.0070873 -0.0070873 2 2 3
0.13801 -0.00858779 -0.00858779 2 2 3
0.137747 -0.0100856 -0.0100856 2 2 3
0.137442 -0.0115793 -0.0115793 2 2 3
0.137096 -0.0130675 -0.0130675 2 2 3
0.136708 -0.0145488 -0.0145488 2 2 3
0.136278 -0.0160217 -0.0160217 2 2 3
0.135808 -0.0174848 -0.0174848 2 2 3
0.135296 -0.0189367 -0.0189367 2 2 3
0.134745 -0.0203758 -0.0203758 2 2 3
0.134154 -0.0218009 -0.0218009 2 2 3
0.133523 -0.0232105 -0.0232105 2 2 3
0.132855 -0.0246033 -0.0246033 2 2 3
0.132149 -0.0259778 -0.0259778 2 2 3
0.131406 -0.0273327 -0.0273327 2 2 3
0.130627 -0.0286668 -0.0286668 2 2 3
0.129814 -0.0299788 -0.0299788 2 2 3
0.128967 -0.0312674 -0.0312674 2 2 3
0.128088 -0.0325314 -0.0325314 2 2 3
0.127178 -0.0337697 -0.0337697 2 2 3
0.126237 -0.0349813 -0.0349813 2 2 3
0.125268 -0.0361651 -0.0361651 2 2 3
0.124272 -0.0373201 -0.0373201 2 2 3
0.12325 -0.0384455 -0.0384455 2 2 3
0.122204 -0.0395402 -0.0395402 2 2 3
0.121135 -0.0406037 -0.0406037 2 2 3
0.120044 -0.0416351 -0.0416351 2 2 3
0.118935 -0.0426339 -0.0426339 2 2 3
0.117807 -0.0435994 -0.0435994 2 2 3
0.116663 -0.0445311 -0.0445311 2 2 3
0.115504 -0.0454287 -0.0454287 2 2 3
0.114332 -0.0462917 -0.0462917 2 2 3
0.113149 -0.04712 -0.04712 2 2 3
0.111957 -0.0479133 -0.0479133 2 2 3
0.110756 -0.0486714 -0.0486714 2 2 3
0.109549 -0.0493944 -0.0493944 2 2 3
0.108338 -0.0500823 -0.0500823 2 2 3
0.107123 -0.0507352 -0.0507352 2 2 3
0.105907 -0.0513532 -0.0513532 2 2 3
0.104691 -0.0519366 -0.0519366 2 2 3
0.103476 -0.0524856 -0.0524856 2 2 3
0.102264 -0.0530007 -0.0530007 2 2 3
0.101057 -0.0534823 -0.0534823 2 2 3
0.0998553 -0.0539308 -0.0539308 2 2 3
0.0986609 -0.0543468 -0.0543468 2 2 3
0.0974748 -0.0547309 -0.0547309 2 2 3
0.0962982 -0.0550836 -0.0550836 2 2 3
0.0951324 -0.0554058 -0.0554058 2 2 3
0.0939783 -0.055698 -0.055698 2 2 3
0.092837 -0.055961 -0.055961 2 2 3
0.0917095 -0.0561957 -0.0561957 2 2 3
0.0905967 -0.0564027 -0.0564027 2 2 3
0.0894993 -0.056583 -0.056583 2 2 3
0.0884182 -0.0567374 -0.0567374 2 2 3
0.0873541 -0.0568667 -0.0568667 2 2 3
0.0863076 -0.0569719 -0.0569719 2 2 3
0.0852792 -0.0570537 -0.0570537 2 2 3
0.0842696 -0.0571132 -0.0571132 2 2 3
0.0832792 -0.0571512 -0.0571512 2 2 3
0.0823083 -0.0571685 -0.0571685 2 2 3
0.0813574 -0.0571662 -0.0571662 2 2 3
0.0804267 -0.057145 -0.057145 2 2 3
0.0795165 -0.0571059 -0.0571059 2 2 3
0.0786269 -0.0570497 -0.0570497 2 2 3
0.0777582 -0.0569773 -0.0569773 2 2 3
0.0769105 -0.0568896 -0.0568896 2 2 3
0.0760837 -0.0567873 -0.0567873 2 2 3
0.075278 -0.0566713 -0.0566713 2 2 3
0.0744934 -0.0565425 -0.0565425 2 2 3
0.0737297 -0.0564014 -0.0564014 2 2 3
0.0729869 -0.056249 -0.056249 2 2 3
0.0722649 -0.056086 -0.056086 2 2 3
0.0715636 -0.055913 -0.055913 2 2 3
0.0708828 -0.0557308 -0.0557308 2 2 3
0.0702224 -0.0555401 -0.0555401 2 2 3
0.0695821 -0.0553415 -0.0553415 2 2 3
0.0689618 -0.0551356 -0.0551356 2 2 3
0.0683611 -0.054923 -0.054923 2 2 3
0.0677799 -0.0547044 -0.0547044 2 2 3
0.0672179 -0.0544803 -0.0544803 2 2 3
0.0666748 -0.0542512 -0.0542512 2 2 3
0.0661504 -0.0540176 -0.0540176 2 2 3
0.0656444 -0.0537801 -0.0537801 2 2 3
0.0651564 -0.0535391 -0.0535391 2 2 3
0.0646862 -0.0532951 -0.0532951 2 2 3
0.0642334 -0.0530485 -0.0530485 2 2 3
0.0637979 -0.0527997 -0.0527997 2 2 3
0.0633793 -0.0525491 -0.0525491 2 2 3
0.0629773 -0.0522971 -0.0522971 2 2 3
0.0625915 -0.0520441 -0.0520441 2 2 3
0.0622218 -0.0517904 -0.0517904 2 2 3
0.0618679 -0.0515363 -0.0515363 2 2 3
0.0615293 -0.0512821 -0.0512821 2 2 3
0.061206 -0.0510282 -0.0510282 2 2 3
0.0608976 -0.0507748 -0.0507748 2 2 3
0.0606038 -0.0505222 -0.0505222 2 2 3
0.0603245 -0.0502706 -0.0502706 2 2 3
0.0600593 -0.0500203 -0.0500203 2 2 3
0.059808 -0.0497714 -0.0497714 2 2 3
0.0595705 -0.0495243 -0.0495243 2 2 3
0.0593465 -0.0492791 -0.0492791 2 2 3
0.0591358 -0.0490361 -0.0490361 2 2 3
0.0589383 -0.0487953 -0.0487953 2 2 3
0.0587537 -0.048557 -0.048557 2 2 3
0.058582 -0.0483214 -0.0483214 2 2 3
0.0584229 -0.0480885 -0.0480885 2 2 3
0.0582764 -0.0478587 -0.0478587 2 2 3
0.0581424 -0.0476319 -0.0476319 2 2 3
0.0580207 -0.0474083 -0.0474083 2 2 3
0.0579113 -0.0471882 -0.0471882 2 2 3
0.0578141 -0.0469715 -0.0469715 2 2 3
0.0577292 -0.0467584 -0.0467584 2 2 3
0.0576564 -0.0465491 -0.0465491 2 2 3
0.0575959 -0.0463436 -0.0463436 2 2 3
0.0575476 -0.046142 -0.046142 2 2 3
0.0575116 -0.0459445 -0.0459445 2 2 3
0.0574879 -0.0457511 -0.0457511 2 2 3
0.0574767 -0.045562 -0.045562 2 2 3
0.0574782 -0.0453771 -0.0453771 2 2 3
0.0574924 -0.0451967 -0.0451967 2 2 3
0.0575196 -0.0450208 -0.0450208 2 2 3
0.0575599 -0.0448494 -0.0448494 2 2 3
0.0576138 -0.0446826 -0.0446826 2 2 3
0.0576814 -0.0445206 -0.0445206 2 2 3
0.0577631 -0.0443633 -0.0443633 2 2 3
0.0578593 -0.0442108 -0.0442108 2 2 3
0.0579703 -0.0440632 -0.0440632 2 2 3
0.0580968 -0.0439205 -0.0439205 2 2 3
0.0582391 -0.0437827 -0.0437827 2 2 3
0.058398 -0.04365 -0.04365 2 2 3
0.0585739 -0.0435222 -0.0435222 2 2 3
0.0587676 -0.0433995 -0.0433995 2 2 3
0.0589799 -0.0432818 -0.0432818 2 2 3
0.0592116 -0.0431691 -0.0431691 2 2 3
0.0594637 -0.0430614 -0.0430614 2 2 3
0.059737 -0.0429587 -0.0429587 2 2 3
0.0600328 -0.0428608 -0.0428608 2 2 3
0.0603522 -0.0427678 -0.0427678 2 2 3
0.0606964 -0.0426795 -0.0426795 2 2 3
0.061067 -0.0425959 -0.0425959 2 2 3
0.0614653 -0.0425167 -0.0425167 2 2 3
0.0618932 -0.0424418 -0.0424418 2 2 3
0.0623525 -0.0423711 -0.0423711 2 2 3
0.0628451 -0.0423042 -0.0423042 2 2 3
0.0633732 -0.042241 -0.042241 2 2 3
0.0639392 -0.0421812 -0.0421812 2 2 3
0.0645458 -0.0421245 -0.0421245 2 2 3
0.0651958 -0.0420705 -0.0420705 2 2 3
0.0658925 -0.042019 -0.042019 2 2 3
0.0666393 -0.0419694 -0.0419694 2 2 3
0.0674402 -0.0419214 -0.0419214 2 2 3
0.0682996 -0.0418746 -0.0418746 2 2 3
0.0692224 -0.0418286 -0.0418286 2 2 3
0.070214 -0.0417829 -0.0417829 2 2 3
0.0712807 -0.0417371 -0.0417371 2 2 3
0.0724295 -0.0416907 -0.0416907 2 2 3
0.0736686 -0.0416434 -0.0416434 2 2 3
0.075007 -0.0415949 -0.0415949 2 2 3
0.0764556 -0.0415447 -0.0415447 2 2 3
0.0780268 -0.0414927 -0.0414927 2 2 3
0.079735 -0.0414385 -0.0414385 2 2 3
0.0815972 -0.0413821 -0.0413821 2 2 3
0.0836333 -0.0413233 -0.0413233 2 2 3
0.0858669 -0.0412621 -0.0412621 2 2 3
0.0883263 -0.0411983 -0.0411983 2 2 3
0.0910451 -0.0411319 -0.0411319 2 2 3
0.0940636 -0.0410629 -0.0410629 2 2 3
0.0974305 -0.0409909 -0.0409909 2 2 3
0.101205 -0.0409156 -0.0409156 2 2 3
0.105458 -0.0408361 -0.0408361 2 2 3
0.110276 -0.0407514 -0.0407514 2 2 3
0.115767 -0.0406596 -0.0406596 2 2 3
0.12206 -0.0405581 -0.0405581 2 2 3
0.129315 -0.0404435 -0.0404435 2 2 3
0.137725 -0.0403107 -0.0403107 2 2 3
0.147527 -0.0401536 -0.0401536 2 2 3
0.159009 -0.0399639 -0.0399639 2 2 3
0.17251 -0.0397316 -0.0397316 2 2 3
0.188429 -0.0394447 -0.0394447 2 2 3
0.207216 -0.0390897 -0.0390897 2 2 3
0.0540577 0.02 0.02 2 2 3
0.0540666 0.0199856 0.0199856 2 2 3
0.0540754 0.0199711 0.0199711 2 2 3
0.0540931 0.0199423 0.0199423 2 2 3
0.0541286 0.0198849 0.0198849 2 2 3
0.0541728 0.0198136 0.0198136 2 2 3
0.0542169 0.0197433 0.0197433 2 2 3
0.0542609 0.0196736 0.0196736 2 2 3
0.0543048 0.0196045 0.0196045 2 2 3
0.0543486 0.019536 0.019536 2 2 3
0.0543924 0.0194681 0.0194681 2 2 3
0.0544361 0.0194008 0.0194008 2 2 3
0.0544796 0.0193341 0.0193341 2 2 3
0.0545231 0.019268 0.019268 2 2 3
0.0545665 0.0192025 0.0192025 2 2 3
0.0546097 0.0191375 0.0191375 2 2 3
0.0546529 0.0190731 0.0190731 2 2 3
0.054696 0.0190092 0.0190092 2 2 3
0.0547389 0.0189458 0.0189458 2 2 3
0.0547818 0.0188831 0.0188831 2 2 3
0.0548246 0.0188208 0.0188208 2 2 3
0.0548672 0.0187591 0.0187591 2 2 3
0.0549097 0.0186979 0.0186979 2 2 3
0.0549522 0.0186372 0.0186372 2 2 3
0.0549945 0.018577 0.018577 2 2 3
0.0550367 0.0185173 0.0185173 2 2 3
0.0550788 0.0184581 0.0184581 2 2 3
0.0551208 0.0183994 0.0183994 2 2 3
0.0551627 0.0183412 0.0183412 2 2 3
0.0552045 0.0182834 0.0182834 2 2 3
0.0552461 0.0182262 0.0182262 2 2 3
0.0552876 0.0181694 0.0181694 2 2 3
0.055329 0.0181131 0.0181131 2 2 3
0.0553703 0.0180572 0.0180572 2 2 3
0.0554115 0.0180018 0.0180018 2 2 3
0.0554526 0.0179468 0.0179468 2 2 3
0.0554935 0.0178923 0.0178923 2 2 3
0.0555344 0.0178382 0.0178382 2 2 3
0.0555751 0.0177845 0.0177845 2 2 3
0.0556157 0.0177313 0.0177313 2 2 3
0.0556561 0.0176785 0.0176785 2 2 3
0.0556965 0.0176261 0.0176261 2 2 3
0.0557367 0.0175741 0.0175741 2 2 3
0.0557768 0.0175225 0.0175225 2 2 3
0.0558168 0.0174713 0.0174713 2 2 3
0.0558567 0.0174205 0.0174205 2 2 3
0.0558965 0.0173702 0.0173702 2 2 3
0.0559361 0.0173202 0.0173202 2 2 3
0.0559756 0.0172706 0.0172706 2 2 3
0.056015 0.0172213 0.0172213 2 2 3
0.0560543 0.0171725 0.0171725 2 2 3
0.0560934 0.017124 0.017124 2 2 3
0.0561325 0.0170759 0.0170759 2 2 3
0.0561714 0.0170281 0.0170281 2 2 3
0.0562102 0.0169807 0.0169807 2 2 3
0.0562489 0.0169337 0.0169337 2 2 3
0.0562874 0.016887 0.016887 2 2 3
0.0563259 0.0168407 0.0168407 2 2 3
0.0563642 0.0167947 0.0167947 2 2 3
0.0564024 0.016749 0.016749 2 2 3
0.0564405 0.0167037 0.0167037 2 2 3
0.0564784 0.0166587 0.0166587 2 2 3
0.0565163 0.016614 0.016614 2 2 3
0.056554 0.0165697 0.0165697 2 2 3
0.0565916 0.0165257 0.0165257 2 2 3
0.0566291 0.016482 0.016482 2 2 3
0.0566665 0.0164386 0.0164386 2 2 3
0.0567037 0.0163955 0.0163955 2 2 3
0.0567409 0.0163527 0.0163527 2 2 3
0.0567779 0.0163103 0.0163103 2 2 3
0.0568148 0.0162681 0.0162681 2 2 3
0.0568516 0.0162262 0.0162262 2 2 3
0.0568883 0.0161847 0.0161847 2 2 3
0.0569249 0.0161434 0.0161434 2 2 3
0.0569613 0.0161024 0.0161024 2 2 3
0.0569977 0.0160617 0.0160617 2 2 3
0.0570339 0.0160212 0.0160212 2 2 3
0.05707 0.0159811 0.0159811 2 2 3
0.057106 0.0159412 0.0159412 2 2 3
0.0571419 0.0159016 0.0159016 2 2 3
0.0571777 0.0158622 0.0158622 2 2 3
0.0572134 0.0158231 0.0158231 2 2 3
0.057249 0.0157843 0.0157843 2 2 3
0.0572844 0.0157458 0.0157458 2 2 3
0.0573198 0.0157075 0.0157075 2 2 3
0.057355 0.0156694 0.0156694 2 2 3
0.0573901 0.0156316 0.0156316 2 2 3
0.0574251 0.0155941 0.0155941 2 2 3
0.0574601 0.0155568 0.0155568 2 2 3
0.0574949 0.0155197 0.0155197 2 2 3
0.0575296 0.0154829 0.0154829 2 2 3
0.0575642 0.0154463 0.0154463 2 2 3
0.0575987 0.01541 0.01541 2 2 3
0.0576331 0.0153739 0.0153739 2 2 3
0.0576673 0.015338 0.015338 2 2 3
0.0577015 0.0153024 0.0153024 2 2 3
0.0577356 0.015267 0.015267 2 2 3
0.0577696 0.0152318 0.0152318 2 2 3
0.0578034 0.0151968 0.0151968 2 2 3
0.0578372 0.015162 0.015162 2 2 3
0.0578709 0.0151275 0.0151275 2 2 3
0.0579045 0.0150932 0.0150932 2 2 3
0.0579379 0.0150591 0.0150591 2 2 3
0.0579713 0.0150252 0.0150252 2 2 3
0.0580046 0.0149915 0.0149915 2 2 3
0.0580377 0.014958 0.014958 2 2 3
0.0580708 0.0149247 0.0149247 2 2 3
0.0581038 0.0148916 0.0148916 2 2 3
0.0581367 0.0148587 0.0148587 2 2 3
0.0581695 0.014826 0.014826 2 2 3
0.0582022 0.0147935 0.0147935 2 2 3
0.0582348 0.0147612 0.0147612 2 2 3
0.0582673 0.0147291 0.0147291 2 2 3
0.0582997 0.0146972 0.0146972 2 2 3
0.058332 0.0146655 0.0146655 2 2 3
0.0583642 0.014634 0.014634 2 2 3
0.0583964 0.0146026 0.0146026 2 2 3
0.0584284 0.0145714 0.0145714 2 2 3
0.0584603 0.0145404 0.0145404 2 2 3
0.0584922 0.0145096 0.0145096 2 2 3
0.058524 0.014479 0.014479 2 2 3
0.0585556 0.0144485 0.0144485 2 2 3
0.0585872 0.0144182 0.0144182 2 2 3
0.0586187 0.0143881 0.0143881 2 2 3
0.0586502 0.0143581 0.0143581 2 2 3
0.0586815 0.0143284 0.0143284 2 2 3
0.0587127 0.0142987 0.0142987 2 2 3
0.0587439 0.0142693 0.0142693 2 2 3
0.0587749 0.01424 0.01424 2 2 3
0.0588059 0.0142109 0.0142109 2 2 3
0.0588368 0.0141819 0.0141819 2 2 3
0.0588676 0.0141531 0.0141531 2 2 3
0.0588983 0.0141244 0.0141244 2 2 3
0.058929 0.014096 0.014096 2 2 3
0.0589595 0.0140676 0.0140676 2 2 3
0.05899 0.0140394 0.0140394 2 2 3
0.0590204 0.0140114 0.0140114 2 2 3
0.0590507 0.0139835 0.0139835 2 2 3
0.059081 0.0139558 0.0139558 2 2 3
0.0591111 0.0139282 0.0139282 2 2 3
0.0591412 0.0139007 0.0139007 2 2 3
0.0591712 0.0138734 0.0138734 2 2 3
0.0592011 0.0138463 0.0138463 2 2 3
0.0592309 0.0138192 0.0138192 2 2 3
0.0592607 0.0137924 0.0137924 2 2 3
0.0592903 0.0137656 0.0137656 2 2 3
0.0593199 0.013739 0.013739 2 2 3
0.0593495 0.0137126 0.0137126 2 2 3
0.0593789 0.0136862 0.0136862 2 2 3
0.0594083 0.01366 0.01366 2 2 3
0.0594376 0.013634 0.013634 2 2 3
0.0594668 0.013608 0.013608 2 2 3
0.0594959 0.0135822 0.0135822 2 2 3
0.059525 0.0135566 0.0135566 2 2 3
0.059554 0.013531 0.013531 2 2 3
0.0595829 0.0135056 0.0135056 2 2 3
0.0596118 0.0134803 0.0134803 2 2 3
0.0596405 0.0134552 0.0134552 2 2 3
0.0596692 0.0134301 0.0134301 2 2 3
0.0596979 0.0134052 0.0134052 2 2 3
0.0597264 0.0133804 0.0133804 2 2 3
0.0597549 0.0133557 0.0133557 2 2 3
0.0597833 0.0133312 0.0133312 2 2 3
0.0598117 0.0133067 0.0133067 2 2 3
0.05984 0.0132824 0.0132824 2 2 3
0.0598682 0.0132582 0.0132582 2 2 3
0.0598963 0.0132341 0.0132341 2 2 3
0.0599244 0.0132101 0.0132101 2 2 3
0.0599524 0.0131862 0.0131862 2 2 3
0.0599803 0.0131625 0.0131625 2 2 3
0.0600082 0.0131388 0.0131388 2 2 3
0.060036 0.0131153 0.0131153 2 2 3
0.0600637 0.0130919 0.0130919 2 2 3
0.0600914 0.0130686 0.0130686 2 2 3
0.060119 0.0130454 0.0130454 2 2 3
0.0601465 0.0130223 0.0130223 2 2 3
0.060174 0.0129993 0.0129993 2 2 3
0.0602014 0.0129764 0.0129764 2 2 3
0.0602287 0.0129536 0.0129536 2 2 3
0.060256 0.0129309 0.0129309 2 2 3
0.0602832 0.0129083 0.0129083 2 2 3
0.0603103 0.0128858 0.0128858 2 2 3
0.0603374 0.0128635 0.0128635 2 2 3
0.0603645 0.0128412 0.0128412 2 2 3
0.0603914 0.012819 0.012819 2 2 3
0.0604183 0.0127969 0.0127969 2 2 3
0.0604451 0.0127749 0.0127749 2 2 3
0.0604719 0.012753 0.012753 2 2 3
0.0604986 0.0127312 0.0127312 2 2 3
0.0605253 0.0127095 0.0127095 2 2 3
0.0605519 0.0126879 0.0126879 2 2 3
0.0605784 0.0126664 0.0126664 2 2 3
0.0606049 0.012645 0.012645 2 2 3
0.0606313 0.0126237 0.0126237 2 2 3
0.0606576 0.0126024 0.0126024 2 2 3
0.0606839 0.0125813 0.0125813 2 2 3
0.0607101 0.0125602 0.0125602 2 2 3
0.0607363 0.0125393 0.0125393 2 2 3
0.0607624 0.0125184 0.0125184 2 2 3
0.0607885 0.0124976 0.0124976 2 2 3
0.0608145 0.0124769 0.0124769 2 2 3
0.0608404 0.0124563 0.0124563 2 2 3
0.0608663 0.0124358 0.0124358 2 2 3
0.0608921 0.0124153 0.0124153 2 2 3
0.0609179 0.012395 0.012395 2 2 3
0.0609436 0.0123747 0.0123747 2 2 3
0.0609693 0.0123545 0.0123545 2 2 3
0.0609949 0.0123344 0.0123344 2 2 3
0.0610204 0.0123143 0.0123143 2 2 3
0.0610459 0.0122944 0.0122944 2 2 3
0.0610713 0.0122745 0.0122745 2 2 3
0.0610967 0.0122547 0.0122547 2 2 3
0.061122 0.012235 0.012235 2 2 3
0.0611473 0.0122154 0.0122154 2 2 3
0.0611725 0.0121959 0.0121959 2 2 3
0.0611977 0.0121764 0.0121764 2 2 3
0.0612228 0.012157 0.012157 2 2 3
0.0612479 0.0121377 0.0121377 2 2 3
0.0612729 0.0121184 0.0121184 2 2 3
0.0612978 0.0120993 0.0120993 2 2 3
0.0613227 0.0120802 0.0120802 2 2 3
0.0613476 0.0120612 0.0120612 2 2 3
0.0613724 0.0120422 0.0120422 2 2 3
0.0613971 0.0120234 0.0120234 2 2 3
0.0614218 0.0120046 0.0120046 2 2 3
0.0614465 0.0119858 0.0119858 2 2 3
0.061471 0.0119672 0.0119672 2 2 3
0.0614956 0.0119486 0.0119486 2 2 3
0.0615201 0.0119301 0.0119301 2 2 3
0.0615445 0.0119117 0.0119117 2 2 3
0.0615689 0.0118933 0.0118933 2 2 3
0.0615932 0.011875 0.011875 2 2 3
0.0616175 0.0118568 0.0118568 2 2 3
0.0616418 0.0118386 0.0118386 2 2 3
0.061666 0.0118205 0.0118205 2 2 3
0.0616901 0.0118025 0.0118025 2 2 3
0.0617142 0.0117845 0.0117845 2 2 3
0.0617382 0.0117666 0.0117666 2 2 3
0.0617622 0.0117488 0.0117488 2 2 3
0.0617862 0.011731 0.011731 2 2 3
0.0618101 0.0117133 0.0117133 2 2 3
0.0618339 0.0116957 0.0116957 2 2 3
0.0618577 0.0116781 0.0116781 2 2 3
0.0618815 0.0116606 0.0116606 2 2 3
0.0619052 0.0116432 0.0116432 2 2 3
0.0619288 0.0116258 0.0116258 2 2 3
0.0619525 0.0116085 0.0116085 2 2 3
0.061976 0.0115913 0.0115913 2 2 3
0.0619995 0.0115741 0.0115741 2 2 3
0.062023 0.011557 0.011557 2 2 3
0.0620464 0.0115399 0.0115399 2 2 3
0.0620698 0.0115229 0.0115229 2 2 3
0.0620932 0.011506 0.011506 2 2 3
0.0621164 0.0114891 0.0114891 2 2 3
0.0621397 0.0114723 0.0114723 2 2 3
0.0621629 0.0114555 0.0114555 2 2 3
0.062186 0.0114388 0.0114388 2 2 3
0.0622091 0.0114221 0.0114221 2 2 3
0.0622322 0.0114056 0.0114056 2 2 3
0.0622552 0.011389 0.011389 2 2 3
0.0622782 0.0113726 0.0113726 2 2 3
0.0623011 0.0113561 0.0113561 2 2 3
0.062324 0.0113398 0.0113398 2 2 3
0.0623469 0.0113235 0.0113235 2 2 3
0.0623697 0.0113072 0.0113072 2 2 3
0.0623924 0.0112911 0.0112911 2 2 3
0.0624151 0.0112749 0.0112749 2 2 3
0.0624378 0.0112588 0.0112588 2 2 3
0.0624604 0.0112428 0.0112428 2 2 3
0.062483 0.0112269 0.0112269 2 2 3
0.0625055 0.0112109 0.0112109 2 2 3
0.062528 0.0111951 0.0111951 2 2 3
0.0625505 0.0111793 0.0111793 2 2 3
0.0625729 0.0111635 0.0111635 2 2 3
0.0625952 0.0111478 0.0111478 2 2 3
0.0626176 0.0111322 0.0111322 2 2 3
0.0626398 0.0111166 0.0111166 2 2 3
0.0626621 0.011101 0.011101 2 2 3
0.0626843 0.0110855 0.0110855 2 2 3
0.0627064 0.0110701 0.0110701 2 2 3
0.0627285 0.0110547 0.0110547 2 2 3
0.0627506 0.0110394 0.0110394 2 2 3
0.0627726 0.0110241 0.0110241 2 2 3
0.0627946 0.0110088 0.0110088 2 2 3
0.0628166 0.0109936 0.0109936 2 2 3
0.0628385 0.0109785 0.0109785 2 2 3
0.0628604 0.0109634 0.0109634 2 2 3
0.0628822 0.0109484 0.0109484 2 2 3
0.062904 0.0109334 0.0109334 2 2 3
0.0629257 0.0109184 0.0109184 2 2 3
0.0629474 0.0109036 0.0109036 2 2 3
0.0629691 0.0108887 0.0108887 2 2 3
0.0629907 0.0108739 0.0108739 2 2 3
0.0630123 0.0108592 0.0108592 2 2 3
0.0630338 0.0108445 0.0108445 2 2 3
0.0630554 0.0108298 0.0108298 2 2 3
0.0630768 0.0108152 0.0108152 2 2 3
0.0630982 0.0108006 0.0108006 2 2 3
0.0631196 0.0107861 0.0107861 2 2 3
0.063141 0.0107716 0.0107716 2 2 3
0.0631623 0.0107572 0.0107572 2 2 3
0.0631836 0.0107428 0.0107428 2 2 3
0.0632048 0.0107285 0.0107285 2 2 3
0.063226 0.0107142 0.0107142 2 2 3
0.0632471 0.0107 0.0107 2 2 3
0.0632682 0.0106858 0.0106858 2 2 3
0.0632893 0.0106716 0.0106716 2 2 3
0.0633104 0.0106575 0.0106575 2 2 3
0.0633314 0.0106434 0.0106434 2 2 3
0.0633523 0.0106294 0.0106294 2 2 3
0.0633733 0.0106154 0.0106154 2 2 3
0.0633941 0.0106015 0.0106015 2 2 3
0.063415 0.0105876 0.0105876 2 2 3
0.0634358 0.0105738 0.0105738 2 2 3
0.0634566 0.0105599 0.0105599 2 2 3
0.0634773 0.0105462 0.0105462 2 2 3
0.063498 0.0105325 0.0105325 2 2 3
0.0635187 0.0105188 0.0105188 2 2 3
0.0635393 0.0105051 0.0105051 2 2 3
0.0635599 0.0104915 0.0104915 2 2 3
0.0635804 0.010478 0.010478 2 2 3
0.0636009 0.0104645 0.0104645 2 2 3
0.0636214 0.010451 0.010451 2 2 3
0.0636419 0.0104376 0.0104376 2 2 3
0.0636623 0.0104242 0.0104242 2 2 3
0.0636826 0.0104108 0.0104108 2 2 3
0.063703 0.0103975 0.0103975 2 2 3
0.0637232 0.0103842 0.0103842 2 2 3
0.0637435 0.010371 0.010371 2 2 3
0.0637637 0.0103578 0.0103578 2 2 3
0.0637839 0.0103446 0.0103446 2 2 3
0.0638041 0.0103315 0.0103315 2 2 3
0.0638242 0.0103184 0.0103184 2 2 3
0.0638442 0.0103054 0.0103054 2 2 3
0.0638643 0.0102924 0.0102924 2 2 3
0.0638843 0.0102794 0.0102794 2 2 3
0.0639043 0.0102665 0.0102665 2 2 3
0.0639242 0.0102536 0.0102536 2 2 3
0.0639441 0.0102408 0.0102408 2 2 3
0.063964 0.010228 0.010228 2 2 3
0.0639838 0.0102152 0.0102152 2 2 3
0.0640036 0.0102025 0.0102025 2 2 3
0.0640234 0.0101898 0.0101898 2 2 3
0.0640431 0.0101771 0.0101771 2 2 3
0.0640628 0.0101645 0.0101645 2 2 3
0.0640824 0.0101519 0.0101519 2 2 3
0.064102 0.0101394 0.0101394 2 2 3
0.0641216 0.0101269 0.0101269 2 2 3
0.0641412 0.0101144 0.0101144 2 2 3
0.0641607 0.0101019 0.0101019 2 2 3
0.0641802 0.0100895 0.0100895 2 2 3
0.0641996 0.0100772 0.0100772 2 2 3
0.064219 0.0100648 0.0100648 2 2 3
0.0642384 0.0100525 0.0100525 2 2 3
0.0642578 0.0100403 0.0100403 2 2 3
0.0642771 0.010028 0.010028 2 2 3
0.0642964 0.0100158 0.0100158 2 2 3
0.0643156 0.0100037 0.0100037 2 2 3
0.0643348 0.00999156 0.00999156 2 2 3
0.064354 0.00997947 0.00997947 2 2 3
0.0643731 0.00996742 0.00996742 2 2 3
0.0643922 0.0099554 0.0099554 2 2 3
0.0644113 0.00994341 0.00994341 2 2 3
0.0644304 0.00993146 0.00993146 2 2 3
0.0644494 0.00991954 0.00991954 2 2 3
0.0644683 0.00990766 0.00990766 2 2 3
0.0644873 0.0098958 0.0098958 2 2 3
0.0645062 0.00988398 0.00988398 2 2 3
0.0645251 0.0098722 0.0098722 2 2 3
0.0645439 0.00986045 0.00986045 2 2 3
0.0645627 0.00984873 0.00984873 2 2 3
0.0645815 0.00983704 0.00983704 2 2 3
0.0646003 0.00982539 0.00982539 2 2 3
0.064619 0.00981376 0.00981376 2 2 3
0.0646377 0.00980217 0.00980217 2 2 3
0.0646563 0.00979062 0.00979062 2 2 3
0.0646749 0.00977909 0.00977909 2 2 3
0.0646935 0.0097676 0.0097676 2 2 3
0.0647121 0.00975614 0.00975614 2 2 3
0.0647306 0.00974471 0.00974471 2 2 3
0.0647491 0.00973331 0.00973331 2 2 3
0.0647675 0.00972194 0.00972194 2 2 3
0.0647859 0.00971061 0.00971061 2 2 3
0.0648043 0.0096993 0.0096993 2 2 3
0.0648227 0.00968803 0.00968803 2 2 3
0.064841 0.00967679 0.00967679 2 2 3
0.0648593 0.00966557 0.00966557 2 2 3
0.0648776 0.00965439 0.00965439 2 2 3
0.0648958 0.00964324 0.00964324 2 2 3
0.064914 0.00963212 0.00963212 2 2 3
0.0649322 0.00962103 0.00962103 2 2 3
0.0649503 0.00960997 0.00960997 2 2 3
0.0649684 0.00959894 0.00959894 2 2 3
0.0649865 0.00958794 0.00958794 2 2 3
0.0650045 0.00957697 0.00957697 2 2 3
0.0650226 0.00956603 0.00956603 2 2 3
0.0650405 0.00955512 0.00955512 2 2 3
0.0650585 0.00954424 0.00954424 2 2 3
0.0650764 0.00953339 0.00953339 2 2 3
0.0650943 0.00952256 0.00952256 2 2 3
0.0651122 0.00951177 0.00951177 2 2 3
0.06513 0.00950101 0.00950101 2 2 3
0.0651478 0.00949027 0.00949027 2 2 3
0.0651655 0.00947956 0.00947956 2 2 3
0.0651833 0.00946888 0.00946888 2 2 3
0.065201 0.00945823 0.00945823 2 2 3
0.0652187 0.00944761 0.00944761 2 2 3
0.0652363 0.00943702 0.00943702 2 2 3
0.0652539 0.00942645 0.00942645 2 2 3
0.0652715 0.00941592 0.00941592 2 2 3
0.065289 0.00940541 0.00940541 2 2 3
0.0653066 0.00939493 0.00939493 2 2 3
0.0653241 0.00938447 0.00938447 2 2 3
0.0653415 0.00937405 0.00937405 2 2 3
0.065359 0.00936365 0.00936365 2 2 3
0.0653764 0.00935328 0.00935328 2 2 3
0.0653937 0.00934294 0.00934294 2 2 3
0.0654111 0.00933262 0.00933262 2 2 3
0.0654284 0.00932233 0.00932233 2 2 3
0.0654457 0.00931207 0.00931207 2 2 3
0.0654629 0.00930184 0.00930184 2 2 3
0.0654801 0.00929163 0.00929163 2 2 3
0.0654973 0.00928145 0.00928145 2 2 3
0.0655145 0.00927129 0.00927129 2 2 3
0.0655316 0.00926117 0.00926117 2 2 3
0.0655487 0.00925106 0.00925106 2 2 3
0.0655658 0.00924099 0.00924099 2 2 3
0.0655829 0.00923094 0.00923094 2 2 3
0.0655999 0.00922092 0.00922092 2 2 3
0.0656169 0.00921092 0.00921092 2 2 3
0.0656338 0.00920095 0.00920095 2 2 3
0.0656507 0.00919101 0.00919101 2 2 3
0.0656676 0.00918109 0.00918109 2 2 3
0.0656845 0.00917119 0.00917119 2 2 3
0.0657014 0.00916133 0.00916133 2 2 3
0.0657182 0.00915149 0.00915149 2 2 3
0.065735 0.00914167 0.00914167 2 2 3
0.0657517 0.00913188 0.00913188 2 2 3
0.0657684 0.00912211 0.00912211 2 2 3
0.0657851 0.00911237 0.00911237 2 2 3
0.0658018 0.00910266 0.00910266 2 2 3
0.0658184 0.00909296 0.00909296 2 2 3
0.0658351 0.0090833 0.0090833 2 2 3
0.0658516 0.00907366 0.00907366 2 2 3
0.0658682 0.00906404 0.00906404 2 2 3
0.0658847 0.00905445 0.00905445 2 2 3
0.0659012 0.00904488 0.00904488 2 2 3
0.0659177 0.00903534 0.00903534 2 2 3
0.0659341 0.00902582 0.00902582 2 2 3
0.0659505 0.00901633 0.00901633 2 2 3
0.0659669 0.00900686 0.00900686 2 2 3
0.0659833 0.00899741 0.00899741 2 2 3
0.0659996 0.00898799 0.00898799 2 2 3
0.0660159 0.00897859 0.00897859 2 2 3
0.0660322 0.00896922 0.00896922 2 2 3
0.0660484 0.00895987 0.00895987 2 2 3
0.0660647 0.00895054 0.00895054 2 2 3
0.0660808 0.00894124 0.00894124 2 2 3
0.066097 0.00893196 0.00893196 2 2 3
0.0661131 0.0089227 0.0089227 2 2 3
0.0661292 0.00891347 0.00891347 2 2 3
0.0661453 0.00890426 0.00890426 2 2 3
0.0661614 0.00889507 0.00889507 2 2 3
0.0661774 0.00888591 0.00888591 2 2 3
0.0661934 0.00887677 0.00887677 2 2 3
0.0662094 0.00886765 0.00886765 2 2 3
0.0662253 0.00885856 0.00885856 2 2 3
0.0662412 0.00884949 0.00884949 2 2 3
0.0662571 0.00884044 0.00884044 2 2 3
0.066273 0.00883141 0.00883141 2 2 3
0.0662888 0.00882241 0.00882241 2 2 3
0.0663046 0.00881343 0.00881343 2 2 3
0.0663204 0.00880447 0.00880447 2 2 3
0.0663361 0.00879553 0.00879553 2 2 3
0.0663519 0.00878662 0.00878662 2 2 3
0.0663676 0.00877773 0.00877773 2 2 3
0.0663832 0.00876886 0.00876886 2 2 3
0.0663989 0.00876001 0.00876001 2 2 3
0.0664145 0.00875119 0.00875119 2 2 3
0.0664301 0.00874238 0.00874238 2 2 3
0.0664457 0.0087336 0.0087336 2 2 3
0.0664612 0.00872484 0.00872484 2 2 3
0.0664767 0.0087161 0.0087161 2 2 3
0.0664922 0.00870739 0.00870739 2 2 3
0.0665077 0.00869869 0.00869869 2 2 3
0.0665231 0.00869002 0.00869002 2 2 3
0.0665385 0.00868137 0.00868137 2 2 3
0.0665539 0.00867273 0.00867273 2 2 3
0.0665692 0.00866413 0.00866413 2 2 3
0.0665845 0.00865554 0.00865554 2 2 3
0.0665998 0.00864697 0.00864697 2 2 3
0.0666151 0.00863842 0.00863842 2 2 3
0.0666304 0.0086299 0.0086299 2 2 3
0.0666456 0.00862139 0.00862139 2 2 3
0.0666608 0.00861291 0.00861291 2 2 3
0.066676 0.00860445 0.00860445 2 2 3
0.0666911 0.00859601 0.00859601 2 2 3
0.0667062 0.00858758 0.00858758 2 2 3
0.0667213 0.00857918 0.00857918 2 2 3
0.0667364 0.0085708 0.0085708 2 2 3
0.0667514 0.00856244 0.00856244 2 2 3
0.0667664 0.0085541 0.0085541 2 2 3
0.0667814 0.00854578 0.00854578 2 2 3
0.0667964 0.00853749 0.00853749 2 2 3
0.0668113 0.00852921 0.00852921 2 2 3
0.0668262 0.00852095 0.00852095 2 2 3
0.0668411 0.00851271 0.00851271 2 2 3
0.066856 0.00850449 0.00850449 2 2 3
0.0668708 0.00849629 0.00849629 2 2 3
0.0668856 0.00848811 0.00848811 2 2 3
0.0669004 0.00847996 0.00847996 2 2 3
0.0669152 0.00847182 0.00847182 2 2 3
0.0669299 0.0084637 0.0084637 2 2 3
0.0669446 0.0084556 0.0084556 2 2 3
0.0669593 0.00844752 0.00844752 2 2 3
0.066974 0.00843946 0.00843946 2 2 3
0.0669886 0.00843142 0.00843142 2 2 3
0.0670032 0.00842339 0.00842339 2 2 3
0.0670178 0.00841539 0.00841539 2 2 3
0.0670324 0.00840741 0.00840741 2 2 3
0.0670469 0.00839944 0.00839944 2 2 3
0.0670614 0.0083915 0.0083915 2 2 3
0.0670759 0.00838357 0.00838357 2 2 3
0.0670903 0.00837566 0.00837566 2 2 3
0.0671048 0.00836778 0.00836778 2 2 3
0.0671192 0.00835991 0.00835991 2 2 3
0.0671336 0.00835206 0.00835206 2 2 3
0.0671479 0.00834423 0.00834423 2 2 3
0.0671623 0.00833641 0.00833641 2 2 3
0.0671766 0.00832862 0.00832862 2 2 3
0.0671909 0.00832084 0.00832084 2 2 3
0.0672051 0.00831309 0.00831309 2 2 3
0.0672194 0.00830535 0.00830535 2 2 3
0.0672336 0.00829763 0.00829763 2 2 3
0.0672478 0.00828993 0.00828993 2 2 3
0.067262 0.00828224 0.00828224 2 2 3
0.0672761 0.00827458 0.00827458 2 2 3
0.0672902 0.00826693 0.00826693 2 2 3
0.0673043 0.0082593 0.0082593 2 2 3
0.0673184 0.00825169 0.00825169 2 2 3
0.0673324 0.0082441 0.0082441 2 2 3
0.0673464 0.00823652 0.00823652 2 2 3
0.0673604 0.00822897 0.00822897 2 2 3
0.0673744 0.00822143 0.00822143 2 2 3
0.0673884 0.00821391 0.00821391 2 2 3
0.0674023 0.0082064 0.0082064 2 2 3
0.0674162 0.00819892 0.00819892 2 2 3
0.0674301 0.00819145 0.00819145 2 2 3
0.0674439 0.008184 0.008184 2 2 3
0.0674578 0.00817657 0.00817657 2 2 3
0.0674716 0.00816915 0.00816915 2 2 3
0.0674854 0.00816175 0.00816175 2 2 3
0.0674991 0.00815437 0.00815437 2 2 3
0.0675129 0.00814701 0.00814701 2 2 3
0.0675266 0.00813966 0.00813966 2 2 3
0.0675403 0.00813233 0.00813233 2 2 3
0.0675539 0.00812502 0.00812502 2 2 3
0.0675676 0.00811773 0.00811773 2 2 3
0.0675812 0.00811045 0.00811045 2 2 3
0.0675948 0.00810319 0.00810319 2 2 3
0.0676084 0.00809595 0.00809595 2 2 3
0.0676219 0.00808872 0.00808872 2 2 3
0.0676354 0.00808151 0.00808151 2 2 3
0.0676489 0.00807432 0.00807432 2 2 3
0.0676624 0.00806714 0.00806714 2 2 3
0.0676759 0.00805998 0.00805998 2 2 3
0.0676893 0.00805284 0.00805284 2 2 3
0.0677027 0.00804571 0.00804571 2 2 3
0.0677161 0.0080386 0.0080386 2 2 3
0.0677295 0.00803151 0.00803151 2 2 3
0.0677428 0.00802444 0.00802444 2 2 3
0.0677561 0.00801738 0.00801738 2 2 3
0.0677694 0.00801033 0.00801033 2 2 3
0.0677827 0.0080033 0.0080033 2 2 3
0.067796 0.00799629 0.00799629 2 2 3
0.0678092 0.0079893 0.0079893 2 2 3
0.0678224 0.00798232 0.00798232 2 2 3
0.0678356 0.00797536 0.00797536 2 2 3
0.0678488 0.00796841 0.00796841 2 2 3
0.0678619 0.00796148 0.00796148 2 2 3
0.067875 0.00795457 0.00795457 2 2 3
0.0678881 0.00794767 0.00794767 2 2 3
0.0679012 0.00794079 0.00794079 2 2 3
0.0679142 0.00793392 0.00793392 2 2 3
0.0679273 0.00792707 0.00792707 2 2 3
0.0679403 0.00792023 0.00792023 2 2 3
0.0679533 0.00791341 0.00791341 2 2 3
0.0679662 0.00790661 0.00790661 2 2 3
0.0679792 0.00789982 0.00789982 2 2 3
0.0679921 0.00789305 0.00789305 2 2 3
0.068005 0.00788629 0.00788629 2 2 3
0.0680178 0.00787955 0.00787955 2 2 3
0.0680307 0.00787283 0.00787283 2 2 3
0.0680435 0.00786612 0.00786612 2 2 3
0.0680563 0.00785942 0.00785942 2 2 3
0.0680691 0.00785274 0.00785274 2 2 3
0.0680819 0.00784608 0.00784608 2 2 3
0.0680946 0.00783943 0.00783943 2 2 3
0.0681073 0.00783279 0.00783279 2 2 3
0.06812 0.00782617 0.00782617 2 2 3
0.0681327 0.00781957 0.00781957 2 2 3
0.0681454 0.00781298 0.00781298 2 2 3
0.068158 0.00780641 0.00780641 2 2 3
0.0681706 0.00779985 0.00779985 2 2 3
0.0681832 0.0077933 0.0077933 2 2 3
0.0681958 0.00778677 0.00778677 2 2 3
0.0682083 0.00778026 0.00778026 2 2 3
0.0682209 0.00777376 0.00777376 2 2 3
0.0682334 0.00776727 0.00776727 2 2 3
0.0682458 0.0077608 0.0077608 2 2 3
0.0682583 0.00775435 0.00775435 2 2 3
0.0682708 0.00774791 0.00774791 2 2 3
0.0682832 0.00774148 0.00774148 2 2 3
0.0682956 0.00773507 0.00773507 2 2 3
0.068308 0.00772867 0.00772867 2 2 3
0.0683203 0.00772229 0.00772229 2 2 3
0.0683326 0.00771592 0.00771592 2 2 3
0.068345 0.00770957 0.00770957 2 2 3
0.0683573 0.00770323 0.00770323 2 2 3
0.0683695 0.0076969 0.0076969 2 2 3
0.0683818 0.00769059 0.00769059 2 2 3
0.068394 0.00768429 0.00768429 2 2 3
0.0684062 0.00767801 0.00767801 2 2 3
0.0684184 0.00767174 0.00767174 2 2 3
0.0684306 0.00766549 0.00766549 2 2 3
0.0684427 0.00765925 0.00765925 2 2 3
0.0684549 0.00765302 0.00765302 2 2 3
0.068467 0.00764681 0.00764681 2 2 3
0.068479 0.00764061 0.00764061 2 2 3
0.0684911 0.00763442 0.00763442 2 2 3
0.0685032 0.00762825 0.00762825 2 2 3
0.0685152 0.0076221 0.0076221 2 2 3
0.0685272 0.00761595 0.00761595 2 2 3
0.0685392 0.00760982 0.00760982 2 2 3
0.0685511 0.00760371 0.00760371 2 2 3
0.0685631 0.0075976 0.0075976 2 2 3
0.068575 0.00759152 0.00759152 2 2 3
0.0685869 0.00758544 0.00758544 2 2 3
0.0685988 0.00757938 0.00757938 2 2 3
0.0686106 0.00757333 0.00757333 2 2 3
0.0686225 0.0075673 0.0075673 2 2 3
0.0686343 0.00756128 0.00756128 2 2 3
0.0686461 0.00755527 0.00755527 2 2 3
0.0686579 0.00754927 0.00754927 2 2 3
0.0686697 0.00754329 0.00754329 2 2 3
0.0686814 0.00753732 0.00753732 2 2 3
0.0686931 0.00753137 0.00753137 2 2 3
0.0687048 0.00752543 0.00752543 2 2 3
0.0687165 0.0075195 0.0075195 2 2 3
0.0687282 0.00751359 0.00751359 2 2 3
0.0687398 0.00750768 0.00750768 2 2 3
0.0687514 0.00750179 0.00750179 2 2 3
0.068763 0.00749592 0.00749592 2 2 3
0.0687746 0.00749006 0.00749006 2 2 3
0.0687862 0.00748421 0.00748421 2 2 3
0.0687977 0.00747837 0.00747837 2 2 3
0.0688092 0.00747254 0.00747254 2 2 3
0.0688207 0.00746673 0.00746673 2 2 3
0.0688322 0.00746094 0.00746094 2 2 3
0.0688437 0.00745515 0.00745515 2 2 3
0.0688551 0.00744938 0.00744938 2 2 3
0.0688666 0.00744362 0.00744362 2 2 3
0.068878 0.00743787 0.00743787 2 2 3
0.0688894 0.00743213 0.00743213 2 2 3
0.0689007 0.00742641 0.00742641 2 2 3
0.0689121 0.0074207 0.0074207 2 2 3
0.0689234 0.007415 0.007415 2 2 3
0.0689347 0.00740932 0.00740932 2 2 3
0.068946 0.00740365 0.00740365 2 2 3
0.0689573 0.00739799 0.00739799 2 2 3
0.0689685 0.00739234 0.00739234 2 2 3
0.0689798 0.0073867 0.0073867 2 2 3
0.068991 0.00738108 0.00738108 2 2 3
0.0690022 0.00737547 0.00737547 2 2 3
0.0690134 0.00736987 0.00736987 2 2 3
0.0690245 0.00736429 0.00736429 2 2 3
0.0690357 0.00735871 0.00735871 2 2 3
0.0690468 0.00735315 0.00735315 2 2 3
0.0690579 0.0073476 0.0073476 2 2 3
0.069069 0.00734206 0.00734206 2 2 3
0.06908 0.00733654 0.00733654 2 2 3
0.0690911 0.00733102 0.00733102 2 2 3
0.0691021 0.00732552 0.00732552 2 2 3
0.0691131 0.00732003 0.00732003 2 2 3
0.0691241 0.00731456 0.00731456 2 2 3
0.0691351 0.00730909 0.00730909 2 2 3
0.069146 0.00730364 0.00730364 2 2 3
0.0691569 0.00729819 0.00729819 2 2 3
0.0691679 0.00729276 0.00729276 2 2 3
0.0691788 0.00728735 0.00728735 2 2 3
0.0691896 0.00728194 0.00728194 2 2 3
0.0692005 0.00727654 0.00727654 2 2 3
0.0692113 0.00727116 0.00727116 2 2 3
0.0692222 0.00726579 0.00726579 2 2 3
0.069233 0.00726043 0.00726043 2 2 3
0.0692437 0.00725508 0.00725508 2 2 3
0.0692545 0.00724974 0.00724974 2 2 3
0.0692653 0.00724442 0.00724442 2 2 3
0.069276 0.0072391 0.0072391 2 2 3
0.0692867 0.0072338 0.0072338 2 2 3
0.0692974 0.00722851 0.00722851 2 2 3
0.0693081 0.00722323 0.00722323 2 2 3
0.0693187 0.00721796 0.00721796 2 2 3
0.0693294 0.00721271 0.00721271 2 2 3
0.06934 0.00720746 0.00720746 2 2 3
0.0693506 0.00720223 0.00720223 2 2 3
0.0693612 0.007197 0.007197 2 2 3
0.0693718 0.00719179 0.00719179 2 2 3
0.0693823 0.00718659 0.00718659 2 2 3
0.0693929 0.0071814 0.0071814 2 2 3
0.0694034 0.00717622 0.00717622 2 2 3
0.0694139 0.00717105 0.00717105 2 2 3
0.0694243 0.0071659 0.0071659 2 2 3
0.0694348 0.00716075 0.00716075 2 2 3
0.0694453 0.00715562 0.00715562 2 2 3
0.0694557 0.00715049 0.00715049 2 2 3
0.0694661 0.00714538 0.00714538 2 2 3
0.0694765 0.00714028 0.00714028 2 2 3
0.0694869 0.00713519 0.00713519 2 2 3
0.0694972 0.00713011 0.00713011 2 2 3
0.0695076 0.00712504 0.00712504 2 2 3
0.0695179 0.00711998 0.00711998 2 2 3
0.0695282 0.00711493 0.00711493 2 2 3
0.0695385 0.0071099 0.0071099 2 2 3
0.0695487 0.00710487 0.00710487 2 2 3
0.069559 0.00709986 0.00709986 2 2 3
0.0695692 0.00709485 0.00709485 2 2 3
0.0695794 0.00708986 0.00708986 2 2 3
0.0695896 0.00708487 0.00708487 2 2 3
0.0695998 0.0070799 0.0070799 2 2 3
0.06961 0.00707494 0.00707494 2 2 3
0.0696201 0.00706999 0.00706999 2 2 3
0.0696303 0.00706504 0.00706504 2 2 3
0.0696404 0.00706011 0.00706011 2 2 3
0.0696505 0.00705519 0.00705519 2 2 3
0.0696606 0.00705028 0.00705028 2 2 3
0.0696706 0.00704538 0.00704538 2 2 3
0.0696807 0.00704049 0.00704049 2 2 3
0.0696907 0.00703561 0.00703561 2 2 3
0.0697007 0.00703075 0.00703075 2 2 3
0.0697107 0.00702589 0.00702589 2 2 3
0.0697207 0.00702104 0.00702104 2 2 3
0.0697307 0.0070162 0.0070162 2 2 3
0.0697406 0.00701137 0.00701137 2 2 3
0.0697506 0.00700656 0.00700656 2 2 3
0.0697605 0.00700175 0.00700175 2 2 3
0.0697704 0.00699695 0.00699695 2 2 3
0.0697802 0.00699216 0.00699216 2 2 3
0.0697901 0.00698739 0.00698739 2 2 3
0.0698 0.00698262 0.00698262 2 2 3
0.0698098 0.00697786 0.00697786 2 2 3
0.0698196 0.00697311 0.00697311 2 2 3
0.0698294 0.00696838 0.00696838 2 2 3
0.0698392 0.00696365 0.00696365 2 2 3
0.0698489 0.00695893 0.00695893 2 2 3
0.0698587 0.00695422 0.00695422 2 2 3
0.0698684 0.00694952 0.00694952 2 2 3
0.0698781 0.00694484 0.00694484 2 2 3
0.0698878 0.00694016 0.00694016 2 2 3
0.0698975 0.00693549 0.00693549 2 2 3
0.0699072 0.00693083 0.00693083 2 2 3
0.0699168 0.00692618 0.00692618 2 2 3
0.0699265 0.00692154 0.00692154 2 2 3
0.0699361 0.00691691 0.00691691 2 2 3
0.0699457 0.00691229 0.00691229 2 2 3
0.0699553 0.00690768 0.00690768 2 2 3
0.0699649 0.00690308 0.00690308 2 2 3
0.0699744 0.00689849 0.00689849 2 2 3
0.0699839 0.00689391 0.00689391 2 2 3
0.0699935 0.00688934 0.00688934 2 2 3
0.070003 0.00688477 0.00688477 2 2 3
0.0700125 0.00688022 0.00688022 2 2 3
0.0700219 0.00687568 0.00687568 2 2 3
0.0700314 0.00687114 0.00687114 2 2 3
0.0700408 0.00686662 0.00686662 2 2 3
0.0700503 0.0068621 0.0068621 2 2 3
0.0700597 0.00685759 0.00685759 2 2 3
0.0700691 0.0068531 0.0068531 2 2 3
0.0700785 0.00684861 0.00684861 2 2 3
0.0700878 0.00684413 0.00684413 2 2 3
0.0700972 0.00683966 0.00683966 2 2 3
0.0701065 0.0068352 0.0068352 2 2 3
0.0701158 0.00683075 0.00683075 2 2 3
0.0701251 0.00682631 0.00682631 2 2 3
0.0701344 0.00682188 0.00682188 2 2 3
0.0701437 0.00681745 0.00681745 2 2 3
0.0701529 0.00681304 0.00681304 2 2 3
0.0701622 0.00680863 0.00680863 2 2 3
0.0701714 0.00680424 0.00680424 2 2 3
0.0701806 0.00679985 0.00679985 2 2 3
0.0701898 0.00679547 0.00679547 2 2 3
0.070199 0.0067911 0.0067911 2 2 3
0.0702081 0.00678674 0.00678674 2 2 3
0.0702173 0.00678239 0.00678239 2 2 3
0.0702264 0.00677805 0.00677805 2 2 3
0.0702355 0.00677372 0.00677372 2 2 3
0.0702446 0.00676939 0.00676939 2 2 3
0.0702537 0.00676508 0.00676508 2 2 3
0.0702628 0.00676077 0.00676077 2 2 3
0.0702719 0.00675647 0.00675647 2 2 3
0.0702809 0.00675218 0.00675218 2 2 3
0.0702899 0.0067479 0.0067479 2 2 3
0.0702989 0.00674363 0.00674363 2 2 3
0.0703079 0.00673937 0.00673937 2 2 3
0.0703169 0.00673511 0.00673511 2 2 3
0.0703259 0.00673087 0.00673087 2 2 3
0.0703348 0.00672663 0.00672663 2 2 3
0.0703438 0.0067224 0.0067224 2 2 3
0.0703527 0.00671818 0.00671818 2 2 3
0.0703616 0.00671397 0.00671397 2 2 3
0.0703705 0.00670977 0.00670977 2 2 3
0.0703794 0.00670557 0.00670557 2 2 3
0.0703882 0.00670139 0.00670139 2 2 3
0.0703971 0.00669721 0.00669721 2 2 3
0.0704059 0.00669304 0.00669304 2 2 3
0.0704147 0.00668888 0.00668888 2 2 3
0.0704236 0.00668473 0.00668473 2 2 3
0.0704323 0.00668059 0.00668059 2 2 3
0.0704411 0.00667645 0.00667645 2 2 3
0.0704499 0.00667232 0.00667232 2 2 3
0.0704586 0.00666821 0.00666821 2 2 3
0.0704674 0.0066641 0.0066641 2 2 3
0.0704761 0.00665999 0.00665999 2 2 3
0.0704848 0.0066559 0.0066559 2 2 3
0.0704935 0.00665182 0.00665182 2 2 3
0.0705021 0.00664774 0.00664774 2 2 3
0.0705108 0.00664367 0.00664367 2 2 3
0.0705194 0.00663961 0.00663961 2 2 3
0.0705281 0.00663556 0.00663556 2 2 3
0.0705367 0.00663151 0.00663151 2 2 3
0.0705453 0.00662748 0.00662748 2 2 3
0.0705539 0.00662345 0.00662345 2 2 3
0.0705625 0.00661943 0.00661943 2 2 3
0.070571 0.00661542 0.00661542 2 2 3
0.0705796 0.00661141 0.00661141 2 2 3
0.0705881 0.00660742 0.00660742 2 2 3
0.0705966 0.00660343 0.00660343 2 2 3
0.0706051 0.00659945 0.00659945 2 2 3
0.0706136 0.00659548 0.00659548 2 2 3
0.0706221 0.00659152 0.00659152 2 2 3
0.0706306 0.00658756 0.00658756 2 2 3
0.070639 0.00658361 0.00658361 2 2 3
0.0706474 0.00657967 0.00657967 2 2 3
0.0706559 0.00657574 0.00657574 2 2 3
0.0706643 0.00657182 0.00657182 2 2 3
0.0706727 0.0065679 0.0065679 2 2 3
0.070681 0.00656399 0.00656399 2 2 3
0.0706894 0.00656009 0.00656009 2 2 3
0.0706978 0.0065562 0.0065562 2 2 3
0.0707061 0.00655231 0.00655231 2 2 3
0.0707144 0.00654844 0.00654844 2 2 3
0.0707227 0.00654457 0.00654457 2 2 3
0.070731 0.0065407 0.0065407 2 2 3
0.0707393 0.00653685 0.00653685 2 2 3
0.0707476 0.006533 0.006533 2 2 3
0.0707558 0.00652916 0.00652916 2 2 3
0.0707641 0.00652533 0.00652533 2 2 3
0.0707723 0.00652151 0.00652151 2 2 3
0.0707805 0.00651769 0.00651769 2 2 3
0.0707887 0.00651388 0.00651388 2 2 3
0.0707969 0.00651008 0.00651008 2 2 3
0.0708051 0.00650629 0.00650629 2 2 3
0.0708132 0.0065025 0.0065025 2 2 3
0.0708214 0.00649872 0.00649872 2 2 3
0.0708295 0.00649495 0.00649495 2 2 3
0.0708376 0.00649119 0.00649119 2 2 3
0.0708458 0.00648743 0.00648743 2 2 3
0.0708538 0.00648368 0.00648368 2 2 3
0.0708619 0.00647994 0.00647994 2 2 3
0.07087 0.00647621 0.00647621 2 2 3
0.0708781 0.00647248 0.00647248 2 2 3
0.0708861 0.00646876 0.00646876 2 2 3
0.0708941 0.00646505 0.00646505 2 2 3
0.0709021 0.00646135 0.00646135 2 2 3
0.0709101 0.00645765 0.00645765 2 2 3
0.0709181 0.00645396 0.00645396 2 2 3
0.0709261 0.00645027 0.00645027 2 2 3
0.0709341 0.0064466 0.0064466 2 2 3
0.070942 0.00644293 0.00644293 2 2 3
0.07095 0.00643927 0.00643927 2 2 3
0.0709579 0.00643562 0.00643562 2 2 3
0.0709658 0.00643197 0.00643197 2 2 3
0.0709737 0.00642833 0.00642833 2 2 3
0.0709816 0.0064247 0.0064247 2 2 3
0.0709894 0.00642107 0.00642107 2 2 3
0.0709973 0.00641745 0.00641745 2 2 3
0.0710052 0.00641384 0.00641384 2 2 3
0.071013 0.00641024 0.00641024 2 2 3
0.0710208 0.00640664 0.00640664 2 2 3
0.0710286 0.00640305 0.00640305 2 2 3
0.0710364 0.00639947 0.00639947 2 2 3
0.0710442 0.00639589 0.00639589 2 2 3
0.071052 0.00639232 0.00639232 2 2 3
0.0710597 0.00638876 0.00638876 2 2 3
0.0710675 0.0063852 0.0063852 2 2 3
0.0710752 0.00638165 0.00638165 2 2 3
0.0710829 0.00637811 0.00637811 2 2 3
0.0710906 0.00637458 0.00637458 2 2 3
0.0710983 0.00637105 0.00637105 2 2 3
0.071106 0.00636753 0.00636753 2 2 3
0.0711137 0.00636401 0.00636401 2 2 3
0.0711213 0.00636051 0.00636051 2 2 3
0.071129 0.00635701 0.00635701 2 2 3
0.0711366 0.00635351 0.00635351 2 2 3
0.0711442 0.00635003 0.00635003 2 2 3
0.0711518 0.00634655 0.00634655 2 2 3
0.0711594 0.00634307 0.00634307 2 2 3
0.071167 0.00633961 0.00633961 2 2 3
0.0711746 0.00633615 0.00633615 2 2 3
0.0711821 0.00633269 0.00633269 2 2 3
0.0711897 0.00632925 0.00632925 2 2 3
0.0711972 0.00632581 0.00632581 2 2 3
0.0712047 0.00632237 0.00632237 2 2 3
0.0712123 0.00631895 0.00631895 2 2 3
0.0712198 0.00631553 0.00631553 2 2 3
0.0712272 0.00631211 0.00631211 2 2 3
0.0712347 0.0063087 0.0063087 2 2 3
0.0712422 0.0063053 0.0063053 2 2 3
0.0712496 0.00630191 0.00630191 2 2 3
0.0712571 0.00629852 0.00629852 2 2 3
0.0712645 0.00629514 0.00629514 2 2 3
0.0712719 0.00629177 0.00629177 2 2 3
0.0712793 0.0062884 0.0062884 2 2 3
0.0712867 0.00628504 0.00628504 2 2 3
0.0712941 0.00628168 0.00628168 2 2 3
0.0713014 0.00627834 0.00627834 2 2 3
0.0713088 0.00627499 0.00627499 2 2 3
0.0713161 0.00627166 0.00627166 2 2 3
0.0713235 0.00626833 0.00626833 2 2 3
0.0713308 0.00626501 0.00626501 2 2 3
0.0713381 0.00626169 0.00626169 2 2 3
0.0713454 0.00625838 0.00625838 2 2 3
0.0713527 0.00625507 0.00625507 2 2 3
0.0713599 0.00625178 0.00625178 2 2 3
0.0713672 0.00624849 0.00624849 2 2 3
0.0713744 0.0062452 0.0062452 2 2 3
0.0713817 0.00624192 0.00624192 2 2 3
0.0713889 0.00623865 0.00623865 2 2 3
0.0713961 0.00623538 0.00623538 2 2 3
0.0714033 0.00623212 0.00623212 2 2 3
0.0714105 0.00622887 0.00622887 2 2 3
0.0714177 0.00622562 0.00622562 2 2 3
0.0714248 0.00622238 0.00622238 2 2 3
0.071432 0.00621914 0.00621914 2 2 3
0.0714391 0.00621592 0.00621592 2 2 3
0.0714463 0.00621269 0.00621269 2 2 3
0.0714534 0.00620948 0.00620948 2 2 3
0.0714605 0.00620626 0.00620626 2 2 3
0.0714676 0.00620306 0.00620306 2 2 3
0.0714747 0.00619986 0.00619986 2 2 3
0.0714818 0.00619667 0.00619667 2 2 3
0.0714888 0.00619348 0.00619348 2 2 3
0.0714959 0.0061903 0.0061903 2 2 3
0.0715029 0.00618713 0.00618713 2 2 3
0.0715099 0.00618396 0.00618396 2 2 3
0.071517 0.0061808 0.0061808 2 2 3
0.071524 0.00617764 0.00617764 2 2 3
0.071531 0.00617449 0.00617449 2 2 3
0.071538 0.00617134 0.00617134 2 2 3
0.0715449 0.00616821 0.00616821 2 2 3
0.0715519 0.00616507 0.00616507 2 2 3
0.0715588 0.00616195 0.00616195 2 2 3
0.0715658 0.00615882 0.00615882 2 2 3
0.0715727 0.00615571 0.00615571 2 2 3
0.0715796 0.0061526 0.0061526 2 2 3
0.0715865 0.0061495 0.0061495 2 2 3
0.0715934 0.0061464 0.0061464 2 2 3
0.0716003 0.00614331 0.00614331 2 2 3
0.0716072 0.00614022 0.00614022 2 2 3
0.071614 0.00613714 0.00613714 2 2 3
0.0716209 0.00613407 0.00613407 2 2 3
0.0716277 0.006131 0.006131 2 2 3
0.0716346 0.00612793 0.00612793 2 2 3
0.0716414 0.00612488 0.00612488 2 2 3
0.0716482 0.00612183 0.00612183 2 2 3
0.071655 0.00611878 0.00611878 2 2 3
0.0716618 0.00611574 0.00611574 2 2 3
0.0716686 0.00611271 0.00611271 2 2 3
0.0716753 0.00610968 0.00610968 2 2 3
0.0716821 0.00610665 0.00610665 2 2 3
0.0716888 0.00610364 0.00610364 2 2 3
0.0716956 0.00610062 0.00610062 2 2 3
0.0717023 0.00609762 0.00609762 2 2 3
0.071709 0.00609462 0.00609462 2 2 3
0.0717157 0.00609162 0.00609162 2 2 3
0.0717224 0.00608863 0.00608863 2 2 3
0.0717291 0.00608565 0.00608565 2 2 3
0.0717357 0.00608267 0.00608267 2 2 3
0.0717424 0.0060797 0.0060797 2 2 3
0.071749 0.00607673 0.00607673 2 2 3
0.0717557 0.00607377 0.00607377 2 2 3
0.0717623 0.00607081 0.00607081 2 2 3
0.0717689 0.00606786 0.00606786 2 2 3
0.0717755 0.00606492 0.00606492 2 2 3
0.0717821 0.00606198 0.00606198 2 2 3
0.0717887 0.00605904 0.00605904 2 2 3
0.0717953 0.00605611 0.00605611 2 2 3
0.0718018 0.00605319 0.00605319 2 2 3
0.0718084 0.00605027 0.00605027 2 2 3
0.0718149 0.00604736 0.00604736 2 2 3
0.0718215 0.00604445 0.00604445 2 2 3
0.071828 0.00604155 0.00604155 2 2 3
0.0718345 0.00603865 0.00603865 2 2 3
0.071841 0.00603576 0.00603576 2 2 3
0.0718475 0.00603287 0.00603287 2 2 3
0.071854 0.00602999 0.00602999 2 2 3
0.0718605 0.00602712 0.00602712 2 2 3
0.0718669 0.00602425 0.00602425 2 2 3
0.0718734 0.00602138 0.00602138 2 2 3
0.0718798 0.00601852 0.00601852 2 2 3
0.0718862 0.00601567 0.00601567 2 2 3
0.0718927 0.00601282 0.00601282 2 2 3
0.0718991 0.00600998 0.00600998 2 2 3
0.0719055 0.00600714 0.00600714 2 2 3
0.0719119 0.0060043 0.0060043 2 2 3
0.0719182 0.00600148 0.00600148 2 2 3
0.0719246 0.00599865 0.00599865 2 2 3
0.071931 0.00599584 0.00599584 2 2 3
0.0719373 0.00599302 0.00599302 2 2 3
0.0719437 0.00599022 0.00599022 2 2 3
0.07195 0.00598741 0.00598741 2 2 3
0.0719563 0.00598462 0.00598462 2 2 3
0.0719626 0.00598182 0.00598182 2 2 3
0.0719689 0.00597904 0.00597904 2 2 3
0.0719752 0.00597625 0.00597625 2 2 3
0.0719815 0.00597348 0.00597348 2 2 3
0.0719878 0.00597071 0.00597071 2 2 3
0.071994 0.00596794 0.00596794 2 2 3
0.0720003 0.00596518 0.00596518 2 2 3
0.0720065 0.00596242 0.00596242 2 2 3
0.0720128 0.00595967 0.00595967 2 2 3
0.072019 0.00595692 0.00595692 2 2 3
0.0720252 0.00595418 0.00595418 2 2 3
0.0720314 0.00595144 0.00595144 2 2 3
0.0720376 0.00594871 0.00594871 2 2 3
0.0720438 0.00594598 0.00594598 2 2 3
0.0720499 0.00594326 0.00594326 2 2 3
0.0720561 0.00594055 0.00594055 2 2 3
0.0720623 0.00593783 0.00593783 2 2 3
0.0720684 0.00593513 0.00593513 2 2 3
0.0720745 0.00593242 0.00593242 2 2 3
0.0720807 0.00592973 0.00592973 2 2 3
0.0720868 0.00592703 0.00592703 2 2 3
0.0720929 0.00592435 0.00592435 2 2 3
0.072099 0.00592166 0.00592166 2 2 3
0.0721051 0.00591899 0.00591899 2 2 3
0.0721111 0.00591631 0.00591631 2 2 3
0.0721172 0.00591364 0.00591364 2 2 3
0.0721233 0.00591098 0.00591098 2 2 3
0.0721293 0.00590832 0.00590832 2 2 3
0.0721354 0.00590567 0.00590567 2 2 3
0.0721414 0.00590302 0.00590302 2 2 3
0.0721474 0.00590038 0.00590038 2 2 3
0.0721534 0.00589774 0.00589774 2 2 3
0.0721594 0.0058951 0.0058951 2 2 3
0.0721654 0.00589247 0.00589247 2 2 3
0.0721714 0.00588985 0.00588985 2 2 3
0.0721774 0.00588723 0.00588723 2 2 3
0.0721833 0.00588461 0.00588461 2 2 3
0.0721893 0.005882 0.005882 2 2 3
0.0721952 0.00587939 0.00587939 2 2 3
0.0722012 0.00587679 0.00587679 2 2 3
0.0722071 0.00587419 0.00587419 2 2 3
0.072213 0.0058716 0.0058716 2 2 3
0.0722189 0.00586901 0.00586901 2 2 3
0.0722248 0.00586643 0.00586643 2 2 3
0.0722307 0.00586385 0.00586385 2 2 3
0.0722366 0.00586128 0.00586128 2 2 3
0.0722425 0.00585871 0.00585871 2 2 3
0.0722484 0.00585614 0.00585614 2 2 3
0.0722542 0.00585358 0.00585358 2 2 3
0.0722601 0.00585103 0.00585103 2 2 3
0.0722659 0.00584848 0.00584848 2 2 3
0.0722717 0.00584593 0.00584593 2 2 3
0.0722775 0.00584339 0.00584339 2 2 3
0.0722834 0.00584085 0.00584085 2 2 3
0.0722892 0.00583832 0.00583832 2 2 3
0.0722949 0.00583579 0.00583579 2 2 3
0.0723007 0.00583326 0.00583326 2 2 3
0.0723065 0.00583074 0.00583074 2 2 3
0.0723123 0.00582823 0.00582823 2 2 3
0.072318 0.00582572 0.00582572 2 2 3
0.0723238 0.00582321 0.00582321 2 2 3
0.0723295 0.00582071 0.00582071 2 2 3
0.0723352 0.00581821 0.00581821 2 2 3
0.072341 0.00581572 0.00581572 2 2 3
0.0723467 0.00581323 0.00581323 2 2 3
0.0723524 0.00581075 0.00581075 2 2 3
0.0723581 0.00580827 0.00580827 2 2 3
0.0723638 0.00580579 0.00580579 2 2 3
0.0723694 0.00580332 0.00580332 2 2 3
0.0723751 0.00580086 0.00580086 2 2 3
0.0723808 0.00579839 0.00579839 2 2 3
0.0723864 0.00579594 0.00579594 2 2 3
0.0723921 0.00579348 0.00579348 2 2 3
0.0723977 0.00579103 0.00579103 2 2 3
0.0724033 0.00578859 0.00578859 2 2 3
0.0724089 0.00578615 0.00578615 2 2 3
0.0724145 0.00578371 0.00578371 2 2 3
0.0724201 0.00578128 0.00578128 2 2 3
0.0724257 0.00577885 0.00577885 2 2 3
0.0724313 0.00577643 0.00577643 2 2 3
0.0724369 0.00577401 0.00577401 2 2 3
0.0724425 0.00577159 0.00577159 2 2 3
0.072448 0.00576918 0.00576918 2 2 3
0.0724536 0.00576678 0.00576678 2 2 3
0.0724591 0.00576437 0.00576437 2 2 3
0.0724646 0.00576198 0.00576198 2 2 3
0.0724702 0.00575958 0.00575958 2 2 3
0.0724757 0.00575719 0.00575719 2 2 3
0.0724812 0.00575481 0.00575481 2 2 3
0.0724867 0.00575243 0.00575243 2 2 3
0.0724922 0.00575005 0.00575005 2 2 3
0.0724976 0.00574768 0.00574768 2 2 3
0.0725031 0.00574531 0.00574531 2 2 3
0.0725086 0.00574294 0.00574294 2 2 3
0.072514 0.00574058 0.00574058 2 2 3
0.0725195 0.00573823 0.00573823 2 2 3
0.0725249 0.00573587 0.00573587 2 2 3
0.0725304 0.00573353 0.00573353 2 2 3
0.0725358 0.00573118 0.00573118 2 2 3
0.0725412 0.00572884 0.00572884 2 2 3
0.0725466 0.00572651 0.00572651 2 2 3
0.072552 0.00572417 0.00572417 2 2 3
0.0725574 0.00572185 0.00572185 2 2 3
0.0725628 0.00571952 0.00571952 2 2 3
0.0725681 0.0057172 0.0057172 2 2 3
0.0725735 0.00571489 0.00571489 2 2 3
0.0725789 0.00571257 0.00571257 2 2 3
0.0725842 0.00571027 0.00571027 2 2 3
0.0725896 0.00570796 0.00570796 2 2 3
0.0725949 0.00570566 0.00570566 2 2 3
0.0726002 0.00570337 0.00570337 2 2 3
0.0726055 0.00570108 0.00570108 2 2 3
0.0726108 0.00569879 0.00569879 2 2 3
0.0726161 0.0056965 0.0056965 2 2 3
0.0726214 0.00569422 0.00569422 2 2 3
0.0726267 0.00569195 0.00569195 2 2 3
0.072632 0.00568968 0.00568968 2 2 3
0.0726373 0.00568741 0.00568741 2 2 3
0.0726425 0.00568514 0.00568514 2 2 3
0.0726478 0.00568288 0.00568288 2 2 3
0.072653 0.00568063 0.00568063 2 2 3
0.0726583 0.00567837 0.00567837 2 2 3
0.0726635 0.00567613 0.00567613 2 2 3
0.0726687 0.00567388 0.00567388 2 2 3
0.0726739 0.00567164 0.00567164 2 2 3
0.0726791 0.0056694 0.0056694 2 2 3
0.0726843 0.00566717 0.00566717 2 2 3
0.0726895 0.00566494 0.00566494 2 2 3
0.0726947 0.00566271 0.00566271 2 2 3
0.0726999 0.00566049 0.00566049 2 2 3
0.072705 0.00565827 0.00565827 2 2 3
0.0727102 0.00565606 0.00565606 2 2 3
0.0727153 0.00565385 0.00565385 2 2 3
0.0727205 0.00565164 0.00565164 2 2 3
0.0727256 0.00564944 0.00564944 2 2 3
0.0727307 0.00564724 0.00564724 2 2 3
0.0727359 0.00564505 0.00564505 2 2 3
0.072741 0.00564285 0.00564285 2 2 3
0.0727461 0.00564067 0.00564067 2 2 3
0.0727512 0.00563848 0.00563848 2 2 3
0.0727563 0.0056363 0.0056363 2 2 3
0.0727613 0.00563413 0.00563413 2 2 3
0.0727664 0.00563195 0.00563195 2 2 3
0.0727715 0.00562978 0.00562978 2 2 3
0.0727765 0.00562762 0.00562762 2 2 3
0.0727816 0.00562546 0.00562546 2 2 3
0.0727866 0.0056233 0.0056233 2 2 3
0.0727917 0.00562114 0.00562114 2 2 3
0.0727967 0.00561899 0.00561899 2 2 3
0.0728017 0.00561685 0.00561685 2 2 3
0.0728067 0.0056147 0.0056147 2 2 3
0.0728117 0.00561256 0.00561256 2 2 3
0.0728167 0.00561043 0.00561043 2 2 3
0.0728217 0.00560829 0.00560829 2 2 3
0.0728267 0.00560616 0.00560616 2 2 3
0.0728317 0.00560404 0.00560404 2 2 3
0.0728367 0.00560192 0.00560192 2 2 3
0.0728416 0.0055998 0.0055998 2 2 3
0.0728466 0.00559768 0.00559768 2 2 3
0.0728515 0.00559557 0.00559557 2 2 3
0.0728565 0.00559347 0.00559347 2 2 3
0.0728614 0.00559136 0.00559136 2 2 3
0.0728663 0.00558926 0.00558926 2 2 3
0.0728712 0.00558716 0.00558716 2 2 3
0.0728761 0.00558507 0.00558507 2 2 3
0.072881 0.00558298 0.00558298 2 2 3
0.0728859 0.00558089 0.00558089 2 2 3
0.0728908 0.00557881 0.00557881 2 2 3
0.0728957 0.00557673 0.00557673 2 2 3
0.0729006 0.00557466 0.00557466 2 2 3
0.0729054 0.00557258 0.00557258 2 2 3
0.0729103 0.00557052 0.00557052 2 2 3
0.0729152 0.00556845 0.00556845 2 2 3
0.07292 0.00556639 0.00556639 2 2 3
0.0729248 0.00556433 0.00556433 2 2 3
0.0729297 0.00556228 0.00556228 2 2 3
0.0729345 0.00556022 0.00556022 2 2 3
0.0729393 0.00555818 0.00555818 2 2 3
0.0729441 0.00555613 0.00555613 2 2 3
0.0729489 0.00555409 0.00555409 2 2 3
0.0729537 0.00555205 0.00555205 2 2 3
0.0729585 0.00555002 0.00555002 2 2 3
0.0729633 0.00554799 0.00554799 2 2 3
0.0729681 0.00554596 0.00554596 2 2 3
0.0729728 0.00554394 0.00554394 2 2 3
0.0729776 0.00554191 0.00554191 2 2 3
0.0729823 0.0055399 0.0055399 2 2 3
0.0729871 0.00553788 0.00553788 2 2 3
0.0729918 0.00553587 0.00553587 2 2 3
0.0729965 0.00553387 0.00553387 2 2 3
0.0730013 0.00553186 0.00553186 2 2 3
0.073006 0.00552986 0.00552986 2 2 3
0.0730107 0.00552786 0.00552786 2 2 3
0.0730154 0.00552587 0.00552587 2 2 3
0.0730201 0.00552388 0.00552388 2 2 3
0.0730248 0.00552189 0.00552189 2 2 3
0.0730295 0.00551991 0.00551991 2 2 3
0.0730341 0.00551793 0.00551793 2 2 3
0.0730388 0.00551595 0.00551595 2 2 3
0.0730435 0.00551397 0.00551397 2 2 3
0.0730481 0.005512 0.005512 2 2 3
0.0730528 0.00551004 0.00551004 2 2 3
0.0730574 0.00550807 0.00550807 2 2 3
0.073062 0.00550611 0.00550611 2 2 3
0.0730667 0.00550415 0.00550415 2 2 3
0.0730713 0.0055022 0.0055022 2 2 3
0.0730759 0.00550025 0.00550025 2 2 3
0.0730805 0.0054983 0.0054983 2 2 3
0.0730851 0.00549635 0.00549635 2 2 3
0.0730897 0.00549441 0.00549441 2 2 3
0.0730943 0.00549247 0.00549247 2 2 3
0.0730989 0.00549054 0.00549054 2 2 3
0.0731035 0.00548861 0.00548861 2 2 3
0.073108 0.00548668 0.00548668 2 2 3
0.0731126 0.00548475 0.00548475 2 2 3
0.0731171 0.00548283 0.00548283 2 2 3
0.0731217 0.00548091 0.00548091 2 2 3
0.0731262 0.00547899 0.00547899 2 2 3
0.0731308 0.00547708 0.00547708 2 2 3
0.0731353 0.00547517 0.00547517 2 2 3
0.0731398 0.00547326 0.00547326 2 2 3
0.0731443 0.00547136 0.00547136 2 2 3
0.0731488 0.00546946 0.00546946 2 2 3
0.0731533 0.00546756 0.00546756 2 2 3
0.0731578 0.00546566 0.00546566 2 2 3
0.0731623 0.00546377 0.00546377 2 2 3
0.0731668 0.00546189 0.00546189 2 2 3
0.0731713 0.00546 0.00546 2 2 3
0.0731757 0.00545812 0.00545812 2 2 3
0.0731802 0.00545624 0.00545624 2 2 3
0.0731846 0.00545436 0.00545436 2 2 3
0.0731891 0.00545249 0.00545249 2 2 3
0.0731935 0.00545062 0.00545062 2 2 3
0.073198 0.00544875 0.00544875 2 2 3
0.0732024 0.00544689 0.00544689 2 2 3
0.0732068 0.00544503 0.00544503 2 2 3
0.0732112 0.00544317 0.00544317 2 2 3
0.0732156 0.00544132 0.00544132 2 2 3
0.0732201 0.00543947 0.00543947 2 2 3
0.0732245 0.00543762 0.00543762 2 2 3
0.0732288 0.00543577 0.00543577 2 2 3
0.0732332 0.00543393 0.00543393 2 2 3
0.0732376 0.00543209 0.00543209 2 2 3
0.073242 0.00543025 0.00543025 2 2 3
0.0732463 0.00542842 0.00542842 2 2 3
0.0732507 0.00542659 0.00542659 2 2 3
0.0732551 0.00542476 0.00542476 2 2 3
0.0732594 0.00542294 0.00542294 2 2 3
0.0732637 0.00542111 0.00542111 2 2 3
0.0732681 0.0054193 0.0054193 2 2 3
0.0732724 0.00541748 0.00541748 2 2 3
0.0732767 0.00541567 0.00541567 2 2 3
0.073281 0.00541386 0.00541386 2 2 3
0.0732853 0.00541205 0.00541205 2 2 3
0.0732896 0.00541025 0.00541025 2 2 3
0.0732939 0.00540844 0.00540844 2 2 3
0.0732982 0.00540665 0.00540665 2 2 3
0.0733025 0.00540485 0.00540485 2 2 3
0.0733068 0.00540306 0.00540306 2 2 3
0.0733111 0.00540127 0.00540127 2 2 3
0.0733153 0.00539948 0.00539948 2 2 3
0.0733196 0.0053977 0.0053977 2 2 3
0.0733238 0.00539592 0.00539592 2 2 3
0.0733281 0.00539414 0.00539414 2 2 3
0.0733323 0.00539236 0.00539236 2 2 3
0.0733366 0.00539059 0.00539059 2 2 3
0.0733408 0.00538882 0.00538882 2 2 3
0.073345 0.00538706 0.00538706 2 2 3
0.0733492 0.00538529 0.00538529 2 2 3
0.0733534 0.00538353 0.00538353 2 2 3
0.0733577 0.00538177 0.00538177 2 2 3
0.0733619 0.00538002 0.00538002 2 2 3
0.073366 0.00537826 0.00537826 2 2 3
0.0733702 0.00537651 0.00537651 2 2 3
0.0733744 0.00537477 0.00537477 2 2 3
0.0733786 0.00537302 0.00537302 2 2 3
0.0733828 0.00537128 0.00537128 2 2 3
0.0733869 0.00536954 0.00536954 2 2 3
0.0733911 0.00536781 0.00536781 2 2 3
0.0733952 0.00536607 0.00536607 2 2 3
0.0733994 0.00536434 0.00536434 2 2 3
0.0734035 0.00536262 0.00536262 2 2 3
0.0734076 0.00536089 0.00536089 2 2 3
0.0734118 0.00535917 0.00535917 2 2 3
0.0734159 0.00535745 0.00535745 2 2 3
0.07342 0.00535573 0.00535573 2 2 3
0.0734241 0.00535402 0.00535402 2 2 3
0.0734282 0.00535231 0.00535231 2 2 3
0.0734323 0.0053506 0.0053506 2 2 3
0.0734364 0.0053489 0.0053489 2 2 3
0.0734405 0.00534719 0.00534719 2 2 3
0.0734446 0.00534549 0.00534549 2 2 3
0.0734486 0.00534379 0.00534379 2 2 3
0.0734527 0.0053421 0.0053421 2 2 3
0.0734568 0.00534041 0.00534041 2 2 3
0.0734608 0.00533872 0.00533872 2 2 3
0.0734649 0.00533703 0.00533703 2 2 3
0.0734689 0.00533535 0.00533535 2 2 3
0.073473 0.00533367 0.00533367 2 2 3
0.073477 0.00533199 0.00533199 2 2 3
0.073481 0.00533031 0.00533031 2 2 3
0.0734851 0.00532864 0.00532864 2 2 3
0.0734891 0.00532697 0.00532697 2 2 3
0.0734931 0.0053253 0.0053253 2 2 3
0.0734971 0.00532363 0.00532363 2 2 3
0.0735011 0.00532197 0.00532197 2 2 3
0.0735051 0.00532031 0.00532031 2 2 3
0.0735091 0.00531865 0.00531865 2 2 3
0.0735131 0.005317 0.005317 2 2 3
0.073517 0.00531534 0.00531534 2 2 3
0.073521 0.00531369 0.00531369 2 2 3
0.073525 0.00531205 0.00531205 2 2 3
0.0735289 0.0053104 0.0053104 2 2 3
0.0735329 0.00530876 0.00530876 2 2 3
0.0735368 0.00530712 0.00530712 2 2 3
0.0735408 0.00530548 0.00530548 2 2 3
0.0735447 0.00530385 0.00530385 2 2 3
0.0735487 0.00530222 0.00530222 2 2 3
0.0735526 0.00530059 0.00530059 2 2 3
0.0735565 0.00529896 0.00529896 2 2 3
0.0735604 0.00529734 0.00529734 2 2 3
0.0735643 0.00529572 0.00529572 2 2 3
0.0735682 0.0052941 0.0052941 2 2 3
0.0735721 0.00529248 0.00529248 2 2 3
0.073576 0.00529087 0.00529087 2 2 3
0.0735799 0.00528925 0.00528925 2 2 3
0.0735838 0.00528765 0.00528765 2 2 3
0.0735877 0.00528604 0.00528604 2 2 3
0.0735915 0.00528444 0.00528444 2 2 3
0.0735954 0.00528283 0.00528283 2 2 3
0.0735993 0.00528124 0.00528124 2 2 3
0.0736031 0.00527964 0.00527964 2 2 3
0.073607 0.00527804 0.00527804 2 2 3
0.0736108 0.00527645 0.00527645 2 2 3
0.0736147 0.00527486 0.00527486 2 2 3
0.0736185 0.00527328 0.00527328 2 2 3
0.0736223 0.00527169 0.00527169 2 2 3
0.0736262 0.00527011 0.00527011 2 2 3
0.07363 0.00526853 0.00526853 2 2 3
0.0736338 0.00526696 0.00526696 2 2 3
0.0736376 0.00526538 0.00526538 2 2 3
0.0736414 0.00526381 0.00526381 2 2 3
0.0736452 0.00526224 0.00526224 2 2 3
0.073649 0.00526067 0.00526067 2 2 3
0.0736528 0.00525911 0.00525911 2 2 3
0.0736565 0.00525755 0.00525755 2 2 3
0.0736603 0.00525599 0.00525599 2 2 3
0.0736641 0.00525443 0.00525443 2 2 3
0.0736679 0.00525288 0.00525288 2 2 3
0.0736716 0.00525132 0.00525132 2 2 3
0.0736754 0.00524977 0.00524977 2 2 3
0.0736791 0.00524823 0.00524823 2 2 3
0.0736829 0.00524668 0.00524668 2 2 3
0.0736866 0.00524514 0.00524514 2 2 3
0.0736903 0.0052436 0.0052436 2 2 3
0.0736941 0.00524206 0.00524206 2 2 3
0.0736978 0.00524052 0.00524052 2 2 3
0.0737015 0.00523899 0.00523899 2 2 3
0.0737052 0.00523746 0.00523746 2 2 3
0.0737089 0.00523593 0.00523593 2 2 3
0.0737126 0.0052344 0.0052344 2 2 3
0.0737163 0.00523288 0.00523288 2 2 3
0.07372 0.00523136 0.00523136 2 2 3
0.0737237 0.00522984 0.00522984 2 2 3
0.0737274 0.00522832 0.00522832 2 2 3
0.0737311 0.00522681 0.00522681 2 2 3
0.0737347 0.0052253 0.0052253 2 2 3
0.0737384 0.00522379 0.00522379 2 2 3
0.0737421 0.00522228 0.00522228 2 2 3
0.0737457 0.00522077 0.00522077 2 2 3
0.0737494 0.00521927 0.00521927 2 2 3
0.073753 0.00521777 0.00521777 2 2 3
0.0737567 0.00521627 0.00521627 2 2 3
0.0737603 0.00521477 0.00521477 2 2 3
0.0737639 0.00521328 0.00521328 2 2 3
0.0737676 0.00521179 0.00521179 2 2 3
0.0737712 0.0052103 0.0052103 2 2 3
0.0737748 0.00520881 0.00520881 2 2 3
0.0737784 0.00520733 0.00520733 2 2 3
0.073782 0.00520585 0.00520585 2 2 3
0.0737856 0.00520436 0.00520436 2 2 3
0.0737892 0.00520289 0.00520289 2 2 3
0.0737928 0.00520141 0.00520141 2 2 3
0.0737964 0.00519994 0.00519994 2 2 3
0.0738 0.00519847 0.00519847 2 2 3
0.0738035 0.005197 0.005197 2 2 3
0.0738071 0.00519553 0.00519553 2 2 3
0.0738107 0.00519407 0.00519407 2 2 3
0.0738142 0.0051926 0.0051926 2 2 3
0.0738178 0.00519114 0.00519114 2 2 3
0.0738214 0.00518969 0.00518969 2 2 3
0.0738249 0.00518823 0.00518823 2 2 3
0.0738284 0.00518678 0.00518678 2 2 3
0.073832 0.00518533 0.00518533 2 2 3
0.0738355 0.00518388 0.00518388 2 2 3
0.073839 0.00518243 0.00518243 2 2 3
0.0738426 0.00518099 0.00518099 2 2 3
0.0738461 0.00517954 0.00517954 2 2 3
0.0738496 0.0051781 0.0051781 2 2 3
0.0738531 0.00517666 0.00517666 2 2 3
0.0738566 0.00517523 0.00517523 2 2 3
0.0738601 0.00517379 0.00517379 2 2 3
0.0738636 0.00517236 0.00517236 2 2 3
0.0738671 0.00517093 0.00517093 2 2 3
0.0738706 0.00516951 0.00516951 2 2 3
0.0738741 0.00516808 0.00516808 2 2 3
0.0738775 0.00516666 0.00516666 2 2 3
0.073881 0.00516524 0.00516524 2 2 3
0.0738845 0.00516382 0.00516382 2 2 3
0.0738879 0.0051624 0.0051624 2 2 3
0.0738914 0.00516099 0.00516099 2 2 3
0.0738948 0.00515958 0.00515958 2 2 3
0.0738983 0.00515816 0.00515816 2 2 3
0.0739017 0.00515676 0.00515676 2 2 3
0.0739052 0.00515535 0.00515535 2 2 3
0.0739086 0.00515395 0.00515395 2 2 3
0.073912 0.00515255 0.00515255 2 2 3
0.0739154 0.00515115 0.00515115 2 2 3
0.0739189 0.00514975 0.00514975 2 2 3
0.0739223 0.00514835 0.00514835 2 2 3
0.0739257 0.00514696 0.00514696 2 2 3
0.0739291 0.00514557 0.00514557 2 2 3
0.0739325 0.00514418 0.00514418 2 2 3
0.0739359 0.00514279 0.00514279 2 2 3
0.0739393 0.00514141 0.00514141 2 2 3
0.0739427 0.00514002 0.00514002 2 2 3
0.073946 0.00513864 0.00513864 2 2 3
0.0739494 0.00513726 0.00513726 2 2 3
0.0739528 0.00513589 0.00513589 2 2 3
0.0739562 0.00513451 0.00513451 2 2 3
0.0739595 0.00513314 0.00513314 2 2 3
0.0739629 0.00513177 0.00513177 2 2 3
0.0739662 0.0051304 0.0051304 2 2 3
0.0739696 0.00512903 0.00512903 2 2 3
0.0739729 0.00512767 0.00512767 2 2 3
0.0739763 0.00512631 0.00512631 2 2 3
0.0739796 0.00512495 0.00512495 2 2 3
0.0739829 0.00512359 0.00512359 2 2 3
0.0739863 0.00512223 0.00512223 2 2 3
0.0739896 0.00512088 0.00512088 2 2 3
0.0739929 0.00511952 0.00511952 2 2 3
0.0739962 0.00511817 0.00511817 2 2 3
0.0739995 0.00511683 0.00511683 2 2 3
0.0740028 0.00511548 0.00511548 2 2 3
0.0740061 0.00511413 0.00511413 2 2 3
0.0740094 0.00511279 0.00511279 2 2 3
0.0740127 0.00511145 0.00511145 2 2 3
0.074016 0.00511011 0.00511011 2 2 3
0.0740193 0.00510878 0.00510878 2 2 3
0.0740226 0.00510744 0.00510744 2 2 3
0.0740258 0.00510611 0.00510611 2 2 3
0.0740291 0.00510478 0.00510478 2 2 3
0.0740324 0.00510345 0.00510345 2 2 3
0.0740356 0.00510212 0.00510212 2 2 3
0.0740389 0.0051008 0.0051008 2 2 3
0.0740422 0.00509948 0.00509948 2 2 3
0.0740454 0.00509816 0.00509816 2 2 3
0.0740486 0.00509684 0.00509684 2 2 3
0.0740519 0.00509552 0.00509552 2 2 3
0.0740551 0.00509421 0.00509421 2 2 3
0.0740583 0.00509289 0.00509289 2 2 3
0.0740616 0.00509158 0.00509158 2 2 3
0.0740648 0.00509027 0.00509027 2 2 3
0.074068 0.00508896 0.00508896 2 2 3
0.0740712 0.00508766 0.00508766 2 2 3
0.0740744 0.00508636 0.00508636 2 2 3
0.0740776 0.00508505 0.00508505 2 2 3
0.0740808 0.00508375 0.00508375 2 2 3
0.074084 0.00508246 0.00508246 2 2 3
0.0740872 0.00508116 0.00508116 2 2 3
0.0740904 0.00507987 0.00507987 2 2 3
0.0740936 0.00507858 0.00507858 2 2 3
0.0740968 0.00507729 0.00507729 2 2 3
0.0740999 0.005076 0.005076 2 2 3
0.0741031 0.00507471 0.00507471 2 2 3
0.0741063 0.00507343 0.00507343 2 2 3
0.0741094 0.00507214 0.00507214 2 2 3
0.0741126 0.00507086 0.00507086 2 2 3
0.0741158 0.00506958 0.00506958 2 2 3
0.0741189 0.00506831 0.00506831 2 2 3
0.074122 0.00506703 0.00506703 2 2 3
0.0741252 0.00506576 0.00506576 2 2 3
0.0741283 0.00506449 0.00506449 2 2 3
0.0741315 0.00506322 0.00506322 2 2 3
0.0741346 0.00506195 0.00506195 2 2 3
0.0741377 0.00506068 0.00506068 2 2 3
0.0741408 0.00505942 0.00505942 2 2 3
0.0741439 0.00505816 0.00505816 2 2 3
0.0741471 0.0050569 0.0050569 2 2 3
0.0741502 0.00505564 0.00505564 2 2 3
0.0741533 0.00505438 0.00505438 2 2 3
0.0741564 0.00505313 0.00505313 2 2 3
0.0741595 0.00505187 0.00505187 2 2 3
0.0741625 0.00505062 0.00505062 2 2 3
0.0741656 0.00504937 0.00504937 2 2 3
0.0741687 0.00504813 0.00504813 2 2 3
0.0741718 0.00504688 0.00504688 2 2 3
0.0741749 0.00504564 0.00504564 2 2 3
0.0741779 0.00504439 0.00504439 2 2 3
0.074181 0.00504315 0.00504315 2 2 3
0.0741841 0.00504192 0.00504192 2 2 3
0.0741871 0.00504068 0.00504068 2 2 3
0.0741902 0.00503944 0.00503944 2 2 3
0.0741932 0.00503821 0.00503821 2 2 3
0.0741963 0.00503698 0.00503698 2 2 3
0.0741993 0.00503575 0.00503575 2 2 3
0.0742024 0.00503452 0.00503452 2 2 3
0.0742054 0.00503329 0.00503329 2 2 3
0.0742084 0.00503207 0.00503207 2 2 3
0.0742115 0.00503085 0.00503085 2 2 3
0.0742145 0.00502963 0.00502963 2 2 3
0.0742175 0.00502841 0.00502841 2 2 3
0.0742205 0.00502719 0.00502719 2 2 3
0.0742235 0.00502597 0.00502597 2 2 3
0.0742265 0.00502476 0.00502476 2 2 3
0.0742295 0.00502355 0.00502355 2 2 3
0.0742325 0.00502234 0.00502234 2 2 3
0.0742355 0.00502113 0.00502113 2 2 3
0.0742385 0.00501992 0.00501992 2 2 3
0.0742415 0.00501872 0.00501872 2 2 3
0.0742445 0.00501751 0.00501751 2 2 3
0.0742475 0.00501631 0.00501631 2 2 3
0.0742504 0.00501511 0.00501511 2 2 3
0.0742534 0.00501391 0.00501391 2 2 3
0.0742564 0.00501272 0.00501272 2 2 3
0.0742593 0.00501152 0.00501152 2 2 3
0.0742623 0.00501033 0.00501033 2 2 3
0.0742652 0.00500914 0.00500914 2 2 3
0.0742682 0.00500795 0.00500795 2 2 3
0.0742711 0.00500676 0.00500676 2 2 3
0.0742741 0.00500557 0.00500557 2 2 3
0.074277 0.00500439 0.00500439 2 2 3
0.07428 0.00500321 0.00500321 2 2 3
0.0742829 0.00500202 0.00500202 2 2 3
0.0742858 0.00500085 0.00500085 2 2 3
0.0742888 0.00499967 0.00499967 2 2 3
0.0742917 0.00499849 0.00499849 2 2 3
0.0742946 0.00499732 0.00499732 2 2 3
0.0742975 0.00499614 0.00499614 2 2 3
0.0743004 0.00499497 0.00499497 2 2 3
0.0743033 0.0049938 0.0049938 2 2 3
0.0743062 0.00499263 0.00499263 2 2 3
0.0743091 0.00499147 0.00499147 2 2 3
0.074312 0.0049903 0.0049903 2 2 3
0.0743149 0.00498914 0.00498914 2 2 3
0.0743178 0.00498798 0.00498798 2 2 3
0.0743207 0.00498682 0.00498682 2 2 3
0.0743236 0.00498566 0.00498566 2 2 3
0.0743264 0.00498451 0.00498451 2 2 3
0.0743293 0.00498335 0.00498335 2 2 3
0.0743322 0.0049822 0.0049822 2 2 3
0.074335 0.00498105 0.00498105 2 2 3
0.0743379 0.0049799 0.0049799 2 2 3
0.0743408 0.00497875 0.00497875 2 2 3
0.0743436 0.0049776 0.0049776 2 2 3
0.0743465 0.00497646 0.00497646 2 2 3
0.0743493 0.00497531 0.00497531 2 2 3
0.0743521 0.00497417 0.00497417 2 2 3
0.074355 0.00497303 0.00497303 2 2 3
0.0743578 0.00497189 0.00497189 2 2 3
0.0743606 0.00497075 0.00497075 2 2 3
0.0743635 0.00496962 0.00496962 2 2 3
0.0743663 0.00496849 0.00496849 2 2 3
0.0743691 0.00496735 0.00496735 2 2 3
0.0743719 0.00496622 0.00496622 2 2 3
0.0743747 0.00496509 0.00496509 2 2 3
0.0743776 0.00496397 0.00496397 2 2 3
0.0743804 0.00496284 0.00496284 2 2 3
0.0743832 0.00496172 0.00496172 2 2 3
0.074386 0.00496059 0.00496059 2 2 3
0.0743888 0.00495947 0.00495947 2 2 3
0.0743916 0.00495835 0.00495835 2 2 3
0.0743943 0.00495723 0.00495723 2 2 3
0.0743971 0.00495612 0.00495612 2 2 3
0.0743999 0.004955 0.004955 2 2 3
0.0744027 0.00495389 0.00495389 2 2 3
0.0744055 0.00495278 0.00495278 2 2 3
0.0744082 0.00495167 0.00495167 2 2 3
0.074411 0.00495056 0.00495056 2 2 3
0.0744138 0.00494945 0.00494945 2 2 3
0.0744165 0.00494835 0.00494835 2 2 3
0.0744193 0.00494724 0.00494724 2 2 3
0.074422 0.00494614 0.00494614 2 2 3
0.0744248 0.00494504 0.00494504 2 2 3
0.0744275 0.00494394 0.00494394 2 2 3
0.0744303 0.00494284 0.00494284 2 2 3
0.074433 0.00494175 0.00494175 2 2 3
0.0744357 0.00494065 0.00494065 2 2 3
0.0744385 0.00493956 0.00493956 2 2 3
0.0744412 0.00493847 0.00493847 2 2 3
0.0744439 0.00493738 0.00493738 2 2 3
0.0744466 0.00493629 0.00493629 2 2 3
0.0744493 0.0049352 0.0049352 2 2 3
0.0744521 0.00493411 0.00493411 2 2 3
0.0744548 0.00493303 0.00493303 2 2 3
0.0744575 0.00493195 0.00493195 2 2 3
0.0744602 0.00493087 0.00493087 2 2 3
0.0744629 0.00492979 0.00492979 2 2 3
0.0744656 0.00492871 0.00492871 2 2 3
0.0744683 0.00492763 0.00492763 2 2 3
0.074471 0.00492656 0.00492656 2 2 3
0.0744736 0.00492548 0.00492548 2 2 3
0.0744763 0.00492441 0.00492441 2 2 3
0.074479 0.00492334 0.00492334 2 2 3
0.0744817 0.00492227 0.00492227 2 2 3
0.0744844 0.0049212 0.0049212 2 2 3
0.074487 0.00492014 0.00492014 2 2 3
0.0744897 0.00491907 0.00491907 2 2 3
0.0744923 0.00491801 0.00491801 2 2 3
0.074495 0.00491695 0.00491695 2 2 3
0.0744977 0.00491589 0.00491589 2 2 3
0.0745003 0.00491483 0.00491483 2 2 3
0.074503 0.00491377 0.00491377 2 2 3
0.0745056 0.00491271 0.00491271 2 2 3
0.0745083 0.00491166 0.00491166 2 2 3
0.0745109 0.00491061 0.00491061 2 2 3
0.0745135 0.00490955 0.00490955 2 2 3
0.0745162 0.0049085 0.0049085 2 2 3
0.0745188 0.00490745 0.00490745 2 2 3
0.0745214 0.00490641 0.00490641 2 2 3
0.074524 0.00490536 0.00490536 2 2 3
0.0745266 0.00490432 0.00490432 2 2 3
0.0745293 0.00490327 0.00490327 2 2 3
0.0745319 0.00490223 0.00490223 2 2 3
0.0745345 0.00490119 0.00490119 2 2 3
0.0745371 0.00490015 0.00490015 2 2 3
0.0745397 0.00489911 0.00489911 2 2 3
0.0745423 0.00489808 0.00489808 2 2 3
0.0745449 0.00489704 0.00489704 2 2 3
0.0745475 0.00489601 0.00489601 2 2 3
0.0745501 0.00489498 0.00489498 2 2 3
0.0745527 0.00489395 0.00489395 2 2 3
0.0745552 0.00489292 0.00489292 2 2 3
0.0745578 0.00489189 0.00489189 2 2 3
0.0745604 0.00489087 0.00489087 2 2 3
0.074563 0.00488984 0.00488984 2 2 3
0.0745655 0.00488882 0.00488882 2 2 3
0.0745681 0.0048878 0.0048878 2 2 3
0.0745707 0.00488678 0.00488678 2 2 3
0.0745732 0.00488576 0.00488576 2 2 3
0.0745758 0.00488474 0.00488474 2 2 3
0.0745783 0.00488372 0.00488372 2 2 3
0.0745809 0.00488271 0.00488271 2 2 3
0.0745834 0.00488169 0.00488169 2 2 3
0.074586 0.00488068 0.00488068 2 2 3
0.0745885 0.00487967 0.00487967 2 2 3
0.074591 0.00487866 0.00487866 2 2 3
0.0745936 0.00487765 0.00487765 2 2 3
0.0745961 0.00487665 0.00487665 2 2 3
0.0745986 0.00487564 0.00487564 2 2 3
0.0746012 0.00487464 0.00487464 2 2 3
0.0746037 0.00487363 0.00487363 2 2 3
0.0746062 0.00487263 0.00487263 2 2 3
0.0746087 0.00487163 0.00487163 2 2 3
0.0746112 0.00487063 0.00487063 2 2 3
0.0746137 0.00486964 0.00486964 2 2 3
0.0746162 0.00486864 0.00486864 2 2 3
0.0746188 0.00486765 0.00486765 2 2 3
0.0746212 0.00486665 0.00486665 2 2 3
0.0746237 0.00486566 0.00486566 2 2 3
0.0746262 0.00486467 0.00486467 2 2 3
0.0746287 0.00486368 0.00486368 2 2 3
0.0746312 0.00486269 0.00486269 2 2 3
0.0746337 0.00486171 0.00486171 2 2 3
0.0746362 0.00486072 0.00486072 2 2 3
0.0746387 0.00485974 0.00485974 2 2 3
0.0746411 0.00485876 0.00485876 2 2 3
0.0746436 0.00485777 0.00485777 2 2 3
0.0746461 0.00485679 0.00485679 2 2 3
0.0746485 0.00485582 0.00485582 2 2 3
0.074651 0.00485484 0.00485484 2 2 3
0.0746535 0.00485386 0.00485386 2 2 3
0.0746559 0.00485289 0.00485289 2 2 3
0.0746584 0.00485191 0.00485191 2 2 3
0.0746608 0.00485094 0.00485094 2 2 3
0.0746633 0.00484997 0.00484997 2 2 3
0.0746657 0.004849 0.004849 2 2 3
0.0746682 0.00484803 0.00484803 2 2 3
0.0746706 0.00484707 0.00484707 2 2 3
0.074673 0.0048461 0.0048461 2 2 3
0.0746755 0.00484514 0.00484514 2 2 3
0.0746779 0.00484417 0.00484417 2 2 3
0.0746803 0.00484321 0.00484321 2 2 3
0.0746827 0.00484225 0.00484225 2 2 3
0.0746852 0.00484129 0.00484129 2 2 3
0.0746876 0.00484033 0.00484033 2 2 3
0.07469 0.00483938 0.00483938 2 2 3
0.0746924 0.00483842 0.00483842 2 2 3
0.0746948 0.00483747 0.00483747 2 2 3
0.0746972 0.00483652 0.00483652 2 2 3
0.0746996 0.00483556 0.00483556 2 2 3
0.074702 0.00483461 0.00483461 2 2 3
0.0747044 0.00483367 0.00483367 2 2 3
0.0747068 0.00483272 0.00483272 2 2 3
0.0747092 0.00483177 0.00483177 2 2 3
0.0747116 0.00483083 0.00483083 2 2 3
0.074714 0.00482988 0.00482988 2 2 3
0.0747163 0.00482894 0.00482894 2 2 3
0.0747187 0.004828 0.004828 2 2 3
0.0747211 0.00482706 0.00482706 2 2 3
0.0747235 0.00482612 0.00482612 2 2 3
0.0747258 0.00482518 0.00482518 2 2 3
0.0747282 0.00482425 0.00482425 2 2 3
0.0747306 0.00482331 0.00482331 2 2 3
0.0747329 0.00482238 0.00482238 2 2 3
0.0747353 0.00482144 0.00482144 2 2 3
0.0747376 0.00482051 0.00482051 2 2 3
0.07474 0.00481958 0.00481958 2 2 3
0.0747423 0.00481865 0.00481865 2 2 3
0.0747447 0.00481772 0.00481772 2 2 3
0.074747 0.0048168 0.0048168 2 2 3
0.0747494 0.00481587 0.00481587 2 2 3
0.0747517 0.00481495 0.00481495 2 2 3
0.074754 0.00481403 0.00481403 2 2 3
0.0747564 0.0048131 0.0048131 2 2 3
0.0747587 0.00481218 0.00481218 2 2 3
0.074761 0.00481126 0.00481126 2 2 3
0.0747634 0.00481035 0.00481035 2 2 3
0.0747657 0.00480943 0.00480943 2 2 3
0.074768 0.00480851 0.00480851 2 2 3
0.0747703 0.0048076 0.0048076 2 2 3
0.0747726 0.00480669 0.00480669 2 2 3
0.0747749 0.00480577 0.00480577 2 2 3
0.0747772 0.00480486 0.00480486 2 2 3
0.0747795 0.00480395 0.00480395 2 2 3
0.0747818 0.00480305 0.00480305 2 2 3
0.0747841 0.00480214 0.00480214 2 2 3
0.0747864 0.00480123 0.00480123 2 2 3
0.0747887 0.00480033 0.00480033 2 2 3
0.074791 0.00479942 0.00479942 2 2 3
0.0747933 0.00479852 0.00479852 2 2 3
0.0747956 0.00479762 0.00479762 2 2 3
0.0747979 0.00479672 0.00479672 2 2 3
0.0748001 0.00479582 0.00479582 2 2 3
0.0748024 0.00479492 0.00479492 2 2 3
0.0748047 0.00479403 0.00479403 2 2 3
0.074807 0.00479313 0.00479313 2 2 3
0.0748092 0.00479224 0.00479224 2 2 3
0.0748115 0.00479134 0.00479134 2 2 3
0.0748138 0.00479045 0.00479045 2 2 3
0.074816 0.00478956 0.00478956 2 2 3
0.0748183 0.00478867 0.00478867 2 2 3
0.0748205 0.00478778 0.00478778 2 2 3
0.0748228 0.0047869 0.0047869 2 2 3
0.074825 0.00478601 0.00478601 2 2 3
0.0748273 0.00478512 0.00478512 2 2 3
0.0748295 0.00478424 0.00478424 2 2 3
0.0748318 0.00478336 0.00478336 2 2 3
0.074834 0.00478248 0.00478248 2 2 3
0.0748362 0.0047816 0.0047816 2 2 3
0.0748385 0.00478072 0.00478072 2 2 3
0.0748407 0.00477984 0.00477984 2 2 3
0.0748429 0.00477896 0.00477896 2 2 3
0.0748451 0.00477809 0.00477809 2 2 3
0.0748474 0.00477721 0.00477721 2 2 3
0.0748496 0.00477634 0.00477634 2 2 3
0.0748518 0.00477547 0.00477547 2 2 3
0.074854 0.00477459 0.00477459 2 2 3
0.0748562 0.00477372 0.00477372 2 2 3
0.0748584 0.00477286 0.00477286 2 2 3
0.0748606 0.00477199 0.00477199 2 2 3
0.0748628 0.00477112 0.00477112 2 2 3
0.074865 0.00477026 0.00477026 2 2 3
0.0748672 0.00476939 0.00476939 2 2 3
0.0748694 0.00476853 0.00476853 2 2 3
0.0748716 0.00476766 0.00476766 2 2 3
0.0748738 0.0047668 0.0047668 2 2 3
0.074876 0.00476594 0.00476594 2 2 3
0.0748782 0.00476508 0.00476508 2 2 3
0.0748804 0.00476423 0.00476423 2 2 3
0.0748825 0.00476337 0.00476337 2 2 3
0.0748847 0.00476251 0.00476251 2 2 3
0.0748869 0.00476166 0.00476166 2 2 3
0.0748891 0.00476081 0.00476081 2 2 3
0.0748912 0.00475995 0.00475995 2 2 3
0.0748934 0.0047591 0.0047591 2 2 3
0.0748956 0.00475825 0.00475825 2 2 3
0.0748977 0.0047574 0.0047574 2 2 3
0.0748999 0.00475656 0.00475656 2 2 3
0.074902 0.00475571 0.00475571 2 2 3
0.0749042 0.00475486 0.00475486 2 2 3
0.0749063 0.00475402 0.00475402 2 2 3
0.0749085 0.00475317 0.00475317 2 2 3
0.0749106 0.00475233 0.00475233 2 2 3
0.0749128 0.00475149 0.00475149 2 2 3
0.0749149 0.00475065 0.00475065 2 2 3
0.074917 0.00474981 0.00474981 2 2 3
0.0749192 0.00474897 0.00474897 2 2 3
0.0749213 0.00474814 0.00474814 2 2 3
0.0749234 0.0047473 0.0047473 2 2 3
0.0749256 0.00474646 0.00474646 2 2 3
0.0749277 0.00474563 0.00474563 2 2 3
0.0749298 0.0047448 0.0047448 2 2 3
0.0749319 0.00474397 0.00474397 2 2 3
0.0749341 0.00474314 0.00474314 2 2 3
0.0749362 0.00474231 0.00474231 2 2 3
0.0749383 0.00474148 0.00474148 2 2 3
0.0749404 0.00474065 0.00474065 2 2 3
0.0749425 0.00473982 0.00473982 2 2 3
0.0749446 0.004739 0.004739 2 2 3
0.0749467 0.00473817 0.00473817 2 2 3
0.0749488 0.00473735 0.00473735 2 2 3
0.0749509 0.00473653 0.00473653 2 2 3
0.074953 0.00473571 0.00473571 2 2 3
0.0749551 0.00473489 0.00473489 2 2 3
0.0749572 0.00473407 0.00473407 2 2 3
0.0749593 0.00473325 0.00473325 2 2 3
0.0749613 0.00473243 0.00473243 2 2 3
0.0749634 0.00473162 0.00473162 2 2 3
0.0749655 0.0047308 0.0047308 2 2 3
0.0749676 0.00472999 0.00472999 2 2 3
0.0749697 0.00472917 0.00472917 2 2 3
0.0749717 0.00472836 0.00472836 2 2 3
0.0749738 0.00472755 0.00472755 2 2 3
0.0749759 0.00472674 0.00472674 2 2 3
0.0749779 0.00472593 0.00472593 2 2 3
0.07498 0.00472512 0.00472512 2 2 3
0.0749821 0.00472432 0.00472432 2 2 3
0.0749841 0.00472351 0.00472351 2 2 3
0.0749862 0.00472271 0.00472271 2 2 3
0.0749882 0.0047219 0.0047219 2 2 3
0.0749903 0.0047211 0.0047211 2 2 3
0.0749923 0.0047203 0.0047203 2 2 3
0.0749944 0.0047195 0.0047195 2 2 3
0.0749964 0.0047187 0.0047187 2 2 3
0.0749985 0.0047179 0.0047179 2 2 3
0.0750005 0.0047171 0.0047171 2 2 3
0.0750025 0.00471631 0.00471631 2 2 3
0.0750046 0.00471551 0.00471551 2 2 3
0.0750066 0.00471472 0.00471472 2 2 3
0.0750086 0.00471392 0.00471392 2 2 3
0.0750106 0.00471313 0.00471313 2 2 3
0.0750127 0.00471234 0.00471234 2 2 3
0.0750147 0.00471155 0.00471155 2 2 3
0.0750167 0.00471076 0.00471076 2 2 3
0.0750187 0.00470997 0.00470997 2 2 3
0.0750207 0.00470918 0.00470918 2 2 3
0.0750228 0.00470839 0.00470839 2 2 3
0.0750248 0.00470761 0.00470761 2 2 3
0.0750268 0.00470682 0.00470682 2 2 3
0.0750288 0.00470604 0.00470604 2 2 3
0.0750308 0.00470526 0.00470526 2 2 3
0.0750328 0.00470448 0.00470448 2 2 3
0.0750348 0.00470369 0.00470369 2 2 3
0.0750368 0.00470291 0.00470291 2 2 3
0.0750388 0.00470214 0.00470214 2 2 3
0.0750408 0.00470136 0.00470136 2 2 3
0.0750427 0.00470058 0.00470058 2 2 3
0.0750447 0.0046998 0.0046998 2 2 3
0.0750467 0.00469903 0.00469903 2 2 3
0.0750487 0.00469826 0.00469826 2 2 3
0.0750507 0.00469748 0.00469748 2 2 3
0.0750527 0.00469671 0.00469671 2 2 3
0.0750546 0.00469594 0.00469594 2 2 3
0.0750566 0.00469517 0.00469517 2 2 3
0.0750586 0.0046944 0.0046944 2 2 3
0.0750605 0.00469363 0.00469363 2 2 3
0.0750625 0.00469286 0.00469286 2 2 3
0.0750645 0.0046921 0.0046921 2 2 3
0.0750664 0.00469133 0.00469133 2 2 3
0.0750684 0.00469057 0.00469057 2 2 3
0.0750703 0.00468981 0.00468981 2 2 3
0.0750723 0.00468904 0.00468904 2 2 3
0.0750742 0.00468828 0.00468828 2 2 3
0.0750762 0.00468752 0.00468752 2 2 3
0.0750781 0.00468676 0.00468676 2 2 3
0.0750801 0.004686 0.004686 2 2 3
0.075082 0.00468524 0.00468524 2 2 3
0.075084 0.00468449 0.00468449 2 2 3
0.0750859 0.00468373 0.00468373 2 2 3
0.0750878 0.00468298 0.00468298 2 2 3
0.0750898 0.00468222 0.00468222 2 2 3
0.0750917 0.00468147 0.00468147 2 2 3
0.0750936 0.00468072 0.00468072 2 2 3
0.0750956 0.00467997 0.00467997 2 2 3
0.0750975 0.00467922 0.00467922 2 2 3
0.0750994 0.00467847 0.00467847 2 2 3
0.0751013 0.00467772 0.00467772 2 2 3
0.0751033 0.00467697 0.00467697 2 2 3
0.0751052 0.00467622 0.00467622 2 2 3
0.0751071 0.00467548 0.00467548 2 2 3
0.075109 0.00467473 0.00467473 2 2 3
0.0751109 0.00467399 0.00467399 2 2 3
0.0751128 0.00467325 0.00467325 2 2 3
0.0751147 0.0046725 0.0046725 2 2 3
0.0751166 0.00467176 0.00467176 2 2 3
0.0751185 0.00467102 0.00467102 2 2 3
0.0751204 0.00467028 0.00467028 2 2 3
0.0751223 0.00466955 0.00466955 2 2 3
0.0751242 0.00466881 0.00466881 2 2 3
0.0751261 0.00466807 0.00466807 2 2 3
0.075128 0.00466734 0.00466734 2 2 3
0.0751299 0.0046666 0.0046666 2 2 3
0.0751318 0.00466587 0.00466587 2 2 3
0.0751336 0.00466513 0.00466513 2 2 3
0.0751355 0.0046644 0.0046644 2 2 3
0.0751374 0.00466367 0.00466367 2 2 3
0.0751393 0.00466294 0.00466294 2 2 3
0.0751412 0.00466221 0.00466221 2 2 3
0.075143 0.00466148 0.00466148 2 2 3
0.0751449 0.00466076 0.00466076 2 2 3
0.0751468 0.00466003 0.00466003 2 2 3
0.0751486 0.0046593 0.0046593 2 2 3
0.0751505 0.00465858 0.00465858 2 2 3
0.0751524 0.00465785 0.00465785 2 2 3
0.0751542 0.00465713 0.00465713 2 2 3
0.0751561 0.00465641 0.00465641 2 2 3
0.0751579 0.00465569 0.00465569 2 2 3
0.0751598 0.00465497 0.00465497 2 2 3
0.0751616 0.00465425 0.00465425 2 2 3
0.0751635 0.00465353 0.00465353 2 2 3
0.0751653 0.00465281 0.00465281 2 2 3
0.0751672 0.00465209 0.00465209 2 2 3
0.075169 0.00465138 0.00465138 2 2 3
0.0751709 0.00465066 0.00465066 2 2 3
0.0751727 0.00464995 0.00464995 2 2 3
0.0751745 0.00464923 0.00464923 2 2 3
0.0751764 0.00464852 0.00464852 2 2 3
0.0751782 0.00464781 0.00464781 2 2 3
0.07518 0.0046471 0.0046471 2 2 3
0.0751819 0.00464639 0.00464639 2 2 3
0.0751837 0.00464568 0.00464568 2 2 3
0.0751855 0.00464497 0.00464497 2 2 3
0.0751873 0.00464426 0.00464426 2 2 3
0.0751891 0.00464356 0.00464356 2 2 3
0.075191 0.00464285 0.00464285 2 2 3
0.0751928 0.00464215 0.00464215 2 2 3
0.0751946 0.00464144 0.00464144 2 2 3
0.0751964 0.00464074 0.00464074 2 2 3
0.0751982 0.00464004 0.00464004 2 2 3
0.0752 0.00463934 0.00463934 2 2 3
0.0752018 0.00463864 0.00463864 2 2 3
0.0752036 0.00463794 0.00463794 2 2 3
0.0752054 0.00463724 0.00463724 2 2 3
0.0752072 0.00463654 0.00463654 2 2 3
0.075209 0.00463584 0.00463584 2 2 3
0.0752108 0.00463515 0.00463515 2 2 3
0.0752126 0.00463445 0.00463445 2 2 3
0.0752144 0.00463376 0.00463376 2 2 3
0.0752162 0.00463306 0.00463306 2 2 3
0.075218 0.00463237 0.00463237 2 2 3
0.0752198 0.00463168 0.00463168 2 2 3
0.0752215 0.00463099 0.00463099 2 2 3
0.0752233 0.00463029 0.00463029 2 2 3
0.0752251 0.0046296 0.0046296 2 2 3
0.0752269 0.00462892 0.00462892 2 2 3
0.0752286 0.00462823 0.00462823 2 2 3
0.0752304 0.00462754 0.00462754 2 2 3
0.0752322 0.00462685 0.00462685 2 2 3
0.075234 0.00462617 0.00462617 2 2 3
0.0752357 0.00462548 0.00462548 2 2 3
0.0752375 0.0046248 0.0046248 2 2 3
0.0752393 0.00462412 0.00462412 2 2 3
0.075241 0.00462343 0.00462343 2 2 3
0.0752428 0.00462275 0.00462275 2 2 3
0.0752445 0.00462207 0.00462207 2 2 3
0.0752463 0.00462139 0.00462139 2 2 3
0.075248 0.00462071 0.00462071 2 2 3
0.0752498 0.00462004 0.00462004 2 2 3
0.0752515 0.00461936 0.00461936 2 2 3
0.0752533 0.00461868 0.00461868 2 2 3
0.075255 0.00461801 0.00461801 2 2 3
0.0752568 0.00461733 0.00461733 2 2 3
0.0752585 0.00461666 0.00461666 2 2 3
0.0752602 0.00461598 0.00461598 2 2 3
0.075262 0.00461531 0.00461531 2 2 3
0.0752637 0.00461464 0.00461464 2 2 3
0.0752655 0.00461397 0.00461397 2 2 3
0.0752672 0.0046133 0.0046133 2 2 3
0.0752689 0.00461263 0.00461263 2 2 3
0.0752706 0.00461196 0.00461196 2 2 3
0.0752724 0.00461129 0.00461129 2 2 3
0.0752741 0.00461063 0.00461063 2 2 3
0.0752758 0.00460996 0.00460996 2 2 3
0.0752775 0.00460929 0.00460929 2 2 3
0.0752792 0.00460863 0.00460863 2 2 3
0.075281 0.00460797 0.00460797 2 2 3
0.0752827 0.0046073 0.0046073 2 2 3
